  146.9660
  149.0590
  141.6382
  151.1204
  147.0010
  142.6235
  149.0777
  148.2348
  147.9404
  147.2450
  151.6823
  149.8026
  149.9403
  147.7372
  148.3584
  151.1035
  151.6475
  149.6644
  142.1367
  151.2643
  160.9422
  149.9364
  130.1224
  149.2077
  149.7655
  152.1695
  147.6903
  149.7105
  149.8162
  154.9322
  150.0995
  148.2968
  135.7622
  148.7763
  145.9534
  145.7096
  150.2911
  152.0067
  149.1038
  152.9305
  141.6948
  135.7909
  126.0592
  136.7399
  129.9332
  140.9414
  131.0456
  153.5869
  149.7141
  150.5274
  151.3121
  148.3330
  154.2350
  139.1228
  151.6164
  149.5535
  131.3975
  151.1443
  147.5040
  158.0486
  151.6103
  150.1350
  143.4205
  147.3909
  152.3086
  149.0639
  152.5304
  115.3948
  151.0308
  147.9366
  147.1754
  146.3278
  150.2379
  152.2872
  152.5736
  149.1423
  157.6313
  150.7137
  151.6054
  155.4091
  152.7275
  149.4695
  151.1128
  149.9170
  151.5921
  150.1250
  145.1728
  162.7216
  150.4315
  129.0735
  160.9924
  145.2950
  147.1245
  156.4115
  135.4634
  163.3840
  149.1576
  158.7958
  159.8035
  153.2184
  159.5910
  140.2084
  139.4047
  154.3489
  140.5382
  138.0728
  156.4267
  159.6497
  135.8783
  154.3123
  155.1401
  132.5868
  158.0308
  154.7851
  148.7515
  150.2433
  152.7619
  149.5589
  152.5738
  153.6038
  143.1512
  141.5876
  140.3892
  151.8427
  156.7607
  153.0739
  149.1787
  150.2009
  145.9617
  147.8788
  150.1200
  153.0877
  151.0845
  152.3026
  139.3204
  149.2654
  145.8815
  154.6755
  151.6826
  153.8354
  156.1198
  157.0805
  155.8704
  143.5811
  150.2533
  155.3902
  153.2017
  154.8140
  148.0010
  154.0172
  151.3983
  152.9044
  153.0369
  153.9293
  153.5557
  148.9851
  151.4510
  153.3474
  145.0183
  154.5221
  155.6372
  151.0098
  142.9293
  148.3917
  151.5159
  148.4397
  142.1934
  150.0129
  154.0993
  152.2561
  153.8461
  152.2571
  153.1754
  151.8978
  153.0404
  153.0783
  150.5974
  150.1493
  148.0376
  149.7222
  150.6284
  152.3125
  150.5674
  151.1658
  156.7925
  149.1960
  155.6353
  149.2282
  151.5277
  152.9177
  152.5731
  150.1459
  156.9929
  148.3454
  147.5317
  152.0321
  152.3374
  153.0996
  149.8762
  149.0318
  145.8913
  150.0758
  150.8364
  152.9717
  151.8405
  145.4226
  153.4574
  149.3931
  151.6463
  146.4713
  154.5401
  143.1377
  153.0043
