x            pow_uni      pow_psf      pow_bb       pow_dime     
0.000000e+00 1.000000e+00 1.000000e+00 1.000000e+00 1.000000e+00 
5.000000e-03 9.999516e-01 9.999655e-01 9.999702e-01 9.999763e-01 
1.000000e-02 9.998064e-01 9.998621e-01 9.998717e-01 9.999111e-01 
1.500000e-02 9.995644e-01 9.996897e-01 9.997026e-01 9.998008e-01 
2.000000e-02 9.992258e-01 9.994484e-01 9.994663e-01 9.996475e-01 
2.500000e-02 9.987905e-01 9.991383e-01 9.991624e-01 9.994516e-01 
3.000000e-02 9.982587e-01 9.987593e-01 9.987928e-01 9.992106e-01 
3.500000e-02 9.976306e-01 9.983116e-01 9.983515e-01 9.989267e-01 
4.000000e-02 9.969062e-01 9.977952e-01 9.978441e-01 9.985994e-01 
4.500000e-02 9.960857e-01 9.972103e-01 9.972714e-01 9.982274e-01 
5.000000e-02 9.951694e-01 9.965568e-01 9.966301e-01 9.978119e-01 
5.500000e-02 9.941574e-01 9.958349e-01 9.959223e-01 9.973536e-01 
6.000000e-02 9.930501e-01 9.950448e-01 9.951466e-01 9.968517e-01 
6.500000e-02 9.918476e-01 9.941866e-01 9.943043e-01 9.963052e-01 
7.000000e-02 9.905503e-01 9.932604e-01 9.933961e-01 9.957162e-01 
7.500000e-02 9.891585e-01 9.922664e-01 9.924183e-01 9.950840e-01 
8.000000e-02 9.876725e-01 9.912047e-01 9.913789e-01 9.944088e-01 
8.500000e-02 9.860926e-01 9.900756e-01 9.902723e-01 9.936890e-01 
9.000000e-02 9.844194e-01 9.888792e-01 9.890969e-01 9.929261e-01 
9.500000e-02 9.826530e-01 9.876156e-01 9.878551e-01 9.921220e-01 
1.000000e-01 9.807941e-01 9.862852e-01 9.865498e-01 9.912749e-01 
1.050000e-01 9.788429e-01 9.848882e-01 9.851810e-01 9.903854e-01 
1.100000e-01 9.768001e-01 9.834248e-01 9.837424e-01 9.894529e-01 
1.150000e-01 9.746661e-01 9.818952e-01 9.822405e-01 9.884774e-01 
1.200000e-01 9.724413e-01 9.802997e-01 9.806726e-01 9.874586e-01 
1.250000e-01 9.701264e-01 9.786385e-01 9.790416e-01 9.863989e-01 
1.300000e-01 9.677219e-01 9.769120e-01 9.773462e-01 9.852964e-01 
1.350000e-01 9.652284e-01 9.751204e-01 9.755888e-01 9.841525e-01 
1.400000e-01 9.626464e-01 9.732641e-01 9.737682e-01 9.829652e-01 
1.450000e-01 9.599765e-01 9.713432e-01 9.718818e-01 9.817376e-01 
1.500000e-01 9.572195e-01 9.693583e-01 9.699342e-01 9.804676e-01 
1.550000e-01 9.543760e-01 9.673096e-01 9.679210e-01 9.791571e-01 
1.600000e-01 9.514466e-01 9.651974e-01 9.658450e-01 9.778032e-01 
1.650000e-01 9.484321e-01 9.630220e-01 9.637107e-01 9.764096e-01 
1.700000e-01 9.453331e-01 9.607840e-01 9.615142e-01 9.749753e-01 
1.750000e-01 9.421505e-01 9.584836e-01 9.592579e-01 9.734995e-01 
1.800000e-01 9.388849e-01 9.561211e-01 9.569379e-01 9.719835e-01 
1.850000e-01 9.355371e-01 9.536971e-01 9.545568e-01 9.704266e-01 
1.900000e-01 9.321079e-01 9.512119e-01 9.521201e-01 9.688298e-01 
1.950000e-01 9.285982e-01 9.486660e-01 9.496226e-01 9.671918e-01 
2.000000e-01 9.250088e-01 9.460597e-01 9.470645e-01 9.655156e-01 
2.050000e-01 9.213404e-01 9.433934e-01 9.444436e-01 9.637986e-01 
2.100000e-01 9.175940e-01 9.406677e-01 9.417670e-01 9.620414e-01 
2.150000e-01 9.137705e-01 9.378830e-01 9.390379e-01 9.602452e-01 
2.200000e-01 9.098708e-01 9.350397e-01 9.362491e-01 9.584108e-01 
2.250000e-01 9.058957e-01 9.321383e-01 9.334033e-01 9.565364e-01 
2.300000e-01 9.018461e-01 9.291794e-01 9.304979e-01 9.546241e-01 
2.350000e-01 8.977232e-01 9.261633e-01 9.275338e-01 9.526728e-01 
2.400000e-01 8.935277e-01 9.230905e-01 9.245176e-01 9.506835e-01 
2.450000e-01 8.892607e-01 9.199617e-01 9.214471e-01 9.486575e-01 
2.500000e-01 8.849232e-01 9.167772e-01 9.183208e-01 9.465917e-01 
2.550000e-01 8.805162e-01 9.135377e-01 9.151423e-01 9.444885e-01 
2.600000e-01 8.760407e-01 9.102436e-01 9.119065e-01 9.423486e-01 
2.650000e-01 8.714977e-01 9.068956e-01 9.086171e-01 9.401720e-01 
2.700000e-01 8.668883e-01 9.034940e-01 9.052814e-01 9.379582e-01 
2.750000e-01 8.622136e-01 9.000396e-01 9.018929e-01 9.357080e-01 
2.800000e-01 8.574746e-01 8.965329e-01 8.984514e-01 9.334214e-01 
2.850000e-01 8.526724e-01 8.929743e-01 8.949575e-01 9.310993e-01 
2.900000e-01 8.478081e-01 8.893646e-01 8.914142e-01 9.287414e-01 
2.950000e-01 8.428828e-01 8.857044e-01 8.878205e-01 9.263467e-01 
3.000000e-01 8.378977e-01 8.819941e-01 8.841797e-01 9.239171e-01 
3.050000e-01 8.328538e-01 8.782344e-01 8.804941e-01 9.214542e-01 
3.100000e-01 8.277524e-01 8.744259e-01 8.767557e-01 9.189555e-01 
3.150000e-01 8.225946e-01 8.705693e-01 8.729708e-01 9.164224e-01 
3.200000e-01 8.173815e-01 8.666651e-01 8.691445e-01 9.138555e-01 
3.250000e-01 8.121144e-01 8.627140e-01 8.652680e-01 9.112544e-01 
3.300000e-01 8.067943e-01 8.587166e-01 8.613457e-01 9.086204e-01 
3.350000e-01 8.014226e-01 8.546736e-01 8.573820e-01 9.059530e-01 
3.400000e-01 7.960004e-01 8.505856e-01 8.533723e-01 9.032525e-01 
3.450000e-01 7.905289e-01 8.464533e-01 8.493203e-01 9.005198e-01 
3.500000e-01 7.850093e-01 8.422773e-01 8.452254e-01 8.977552e-01 
3.550000e-01 7.794428e-01 8.380583e-01 8.410884e-01 8.949571e-01 
3.600000e-01 7.738308e-01 8.337970e-01 8.369069e-01 8.921293e-01 
3.650000e-01 7.681744e-01 8.294941e-01 8.326835e-01 8.892684e-01 
3.700000e-01 7.624749e-01 8.251501e-01 8.284236e-01 8.863782e-01 
3.750000e-01 7.567335e-01 8.207659e-01 8.241261e-01 8.834564e-01 
3.800000e-01 7.509515e-01 8.163422e-01 8.197886e-01 8.805040e-01 
3.850000e-01 7.451301e-01 8.118795e-01 8.154119e-01 8.775225e-01 
3.900000e-01 7.392707e-01 8.073787e-01 8.109969e-01 8.745110e-01 
3.950000e-01 7.333744e-01 8.028404e-01 8.065494e-01 8.714693e-01 
4.000000e-01 7.274426e-01 7.982653e-01 8.020683e-01 8.683996e-01 
4.050000e-01 7.214765e-01 7.936542e-01 7.975488e-01 8.653007e-01 
4.100000e-01 7.154775e-01 7.890078e-01 7.929949e-01 8.621736e-01 
4.150000e-01 7.094467e-01 7.843268e-01 7.884037e-01 8.590193e-01 
4.200000e-01 7.033855e-01 7.796120e-01 7.837818e-01 8.558368e-01 
4.250000e-01 6.972952e-01 7.748640e-01 7.791268e-01 8.526269e-01 
4.300000e-01 6.911770e-01 7.700836e-01 7.744411e-01 8.493905e-01 
4.350000e-01 6.850323e-01 7.652716e-01 7.697243e-01 8.461261e-01 
4.400000e-01 6.788624e-01 7.604287e-01 7.649788e-01 8.428372e-01 
4.450000e-01 6.726684e-01 7.555556e-01 7.602006e-01 8.395218e-01 
4.500000e-01 6.664518e-01 7.506531e-01 7.553933e-01 8.361817e-01 
4.550000e-01 6.602138e-01 7.457219e-01 7.505573e-01 8.328166e-01 
4.600000e-01 6.539557e-01 7.407629e-01 7.456926e-01 8.294260e-01 
4.650000e-01 6.476788e-01 7.357766e-01 7.408022e-01 8.260122e-01 
4.700000e-01 6.413844e-01 7.307640e-01 7.358858e-01 8.225735e-01 
4.750000e-01 6.350737e-01 7.257258e-01 7.309462e-01 8.191107e-01 
4.800000e-01 6.287480e-01 7.206627e-01 7.259800e-01 8.156263e-01 
4.850000e-01 6.224087e-01 7.155755e-01 7.209906e-01 8.121178e-01 
4.900000e-01 6.160570e-01 7.104650e-01 7.159790e-01 8.085877e-01 
4.950000e-01 6.096941e-01 7.053319e-01 7.109447e-01 8.050356e-01 
5.000000e-01 6.033214e-01 7.001770e-01 7.058889e-01 8.014615e-01 
5.050000e-01 5.969400e-01 6.950011e-01 7.008122e-01 7.978664e-01 
5.100000e-01 5.905514e-01 6.898049e-01 6.957159e-01 7.942494e-01 
5.150000e-01 5.841566e-01 6.845892e-01 6.906031e-01 7.906126e-01 
5.200000e-01 5.777570e-01 6.793548e-01 6.854709e-01 7.869560e-01 
5.250000e-01 5.713538e-01 6.741025e-01 6.803172e-01 7.832793e-01 
5.300000e-01 5.649482e-01 6.688330e-01 6.751494e-01 7.795838e-01 
5.350000e-01 5.585415e-01 6.635471e-01 6.699611e-01 7.758686e-01 
5.400000e-01 5.521349e-01 6.582456e-01 6.647585e-01 7.721356e-01 
5.450000e-01 5.457297e-01 6.529292e-01 6.595456e-01 7.683842e-01 
5.500000e-01 5.393269e-01 6.475987e-01 6.543139e-01 7.646139e-01 
5.550000e-01 5.329278e-01 6.422549e-01 6.490687e-01 7.608275e-01 
5.600000e-01 5.265337e-01 6.368986e-01 6.438148e-01 7.570241e-01 
5.650000e-01 5.201456e-01 6.315305e-01 6.385452e-01 7.532046e-01 
5.700000e-01 5.137649e-01 6.261515e-01 6.332635e-01 7.493680e-01 
5.750000e-01 5.073925e-01 6.207621e-01 6.279719e-01 7.455157e-01 
5.800000e-01 5.010298e-01 6.153634e-01 6.226769e-01 7.416488e-01 
5.850000e-01 4.946778e-01 6.099559e-01 6.173711e-01 7.377666e-01 
5.900000e-01 4.883377e-01 6.045404e-01 6.120553e-01 7.338700e-01 
5.950000e-01 4.820106e-01 5.991178e-01 6.067329e-01 7.299580e-01 
6.000000e-01 4.756976e-01 5.936888e-01 6.014036e-01 7.260341e-01 
6.050000e-01 4.693998e-01 5.882541e-01 5.960664e-01 7.220962e-01 
6.100000e-01 4.631183e-01 5.828145e-01 5.907228e-01 7.181459e-01 
6.150000e-01 4.568543e-01 5.773708e-01 5.853732e-01 7.141826e-01 
6.200000e-01 4.506087e-01 5.719236e-01 5.800205e-01 7.102068e-01 
6.250000e-01 4.443827e-01 5.664738e-01 5.746704e-01 7.062204e-01 
6.300000e-01 4.381772e-01 5.610221e-01 5.693165e-01 7.022220e-01 
6.350000e-01 4.319933e-01 5.555692e-01 5.639622e-01 6.982133e-01 
6.400000e-01 4.258321e-01 5.501158e-01 5.586048e-01 6.941939e-01 
6.450000e-01 4.196945e-01 5.446628e-01 5.532462e-01 6.901647e-01 
6.500000e-01 4.135816e-01 5.392108e-01 5.478850e-01 6.861252e-01 
6.550000e-01 4.074942e-01 5.337605e-01 5.425279e-01 6.820776e-01 
6.600000e-01 4.014335e-01 5.283128e-01 5.371723e-01 6.780206e-01 
6.650000e-01 3.954003e-01 5.228682e-01 5.318182e-01 6.739544e-01 
6.700000e-01 3.893955e-01 5.174276e-01 5.264695e-01 6.698806e-01 
6.750000e-01 3.834202e-01 5.119915e-01 5.211243e-01 6.657992e-01 
6.800000e-01 3.774751e-01 5.065609e-01 5.157851e-01 6.617114e-01 
6.850000e-01 3.715613e-01 5.011362e-01 5.104527e-01 6.576157e-01 
6.900000e-01 3.656795e-01 4.957184e-01 5.051264e-01 6.535148e-01 
6.950000e-01 3.598307e-01 4.903079e-01 4.998048e-01 6.494069e-01 
7.000000e-01 3.540157e-01 4.849056e-01 4.944885e-01 6.452938e-01 
7.050000e-01 3.482353e-01 4.795121e-01 4.891788e-01 6.411748e-01 
7.100000e-01 3.424903e-01 4.741281e-01 4.838793e-01 6.370518e-01 
7.150000e-01 3.367817e-01 4.687542e-01 4.785899e-01 6.329237e-01 
7.200000e-01 3.311100e-01 4.633912e-01 4.733091e-01 6.287920e-01 
7.250000e-01 3.254762e-01 4.580396e-01 4.680416e-01 6.246569e-01 
7.300000e-01 3.198809e-01 4.527003e-01 4.627875e-01 6.205185e-01 
7.350000e-01 3.143249e-01 4.473737e-01 4.575392e-01 6.163775e-01 
7.400000e-01 3.088089e-01 4.420606e-01 4.523039e-01 6.122344e-01 
7.450000e-01 3.033337e-01 4.367616e-01 4.470831e-01 6.080888e-01 
7.500000e-01 2.978998e-01 4.314773e-01 4.418773e-01 6.039417e-01 
7.550000e-01 2.925080e-01 4.262084e-01 4.366861e-01 5.997928e-01 
7.600000e-01 2.871590e-01 4.209555e-01 4.315049e-01 5.956429e-01 
7.650000e-01 2.818533e-01 4.157191e-01 4.263422e-01 5.914929e-01 
7.700000e-01 2.765917e-01 4.105000e-01 4.211978e-01 5.873432e-01 
7.750000e-01 2.713746e-01 4.052987e-01 4.160721e-01 5.831927e-01 
7.800000e-01 2.662027e-01 4.001158e-01 4.109652e-01 5.790443e-01 
7.850000e-01 2.610765e-01 3.949519e-01 4.058733e-01 5.748969e-01 
7.900000e-01 2.559966e-01 3.898076e-01 4.007992e-01 5.707497e-01 
7.950000e-01 2.509635e-01 3.846835e-01 3.957452e-01 5.666050e-01 
8.000000e-01 2.459778e-01 3.795800e-01 3.907102e-01 5.624628e-01 
8.050000e-01 2.410399e-01 3.744979e-01 3.856922e-01 5.583235e-01 
8.100000e-01 2.361503e-01 3.694377e-01 3.806942e-01 5.541865e-01 
8.150000e-01 2.313095e-01 3.643998e-01 3.757182e-01 5.500529e-01 
8.200000e-01 2.265178e-01 3.593849e-01 3.707625e-01 5.459229e-01 
8.250000e-01 2.217759e-01 3.543934e-01 3.658308e-01 5.417967e-01 
8.300000e-01 2.170839e-01 3.494260e-01 3.609182e-01 5.376751e-01 
8.350000e-01 2.124425e-01 3.444831e-01 3.560319e-01 5.335585e-01 
8.400000e-01 2.078518e-01 3.395652e-01 3.511715e-01 5.294461e-01 
8.450000e-01 2.033123e-01 3.346728e-01 3.463364e-01 5.253398e-01 
8.500000e-01 1.988243e-01 3.298065e-01 3.415238e-01 5.212397e-01 
8.550000e-01 1.943881e-01 3.249667e-01 3.367374e-01 5.171449e-01 
8.600000e-01 1.900040e-01 3.201539e-01 3.319779e-01 5.130572e-01 
8.650000e-01 1.856724e-01 3.153686e-01 3.272434e-01 5.089765e-01 
8.700000e-01 1.813934e-01 3.106112e-01 3.225356e-01 5.049026e-01 
8.750000e-01 1.771674e-01 3.058822e-01 3.178552e-01 5.008357e-01 
8.800000e-01 1.729945e-01 3.011821e-01 3.132022e-01 4.967768e-01 
8.850000e-01 1.688750e-01 2.965112e-01 3.085757e-01 4.927266e-01 
8.900000e-01 1.648090e-01 2.918701e-01 3.039777e-01 4.886855e-01 
8.950000e-01 1.607968e-01 2.872591e-01 2.994079e-01 4.846514e-01 
9.000000e-01 1.568386e-01 2.826786e-01 2.948688e-01 4.806270e-01 
9.050000e-01 1.529343e-01 2.781292e-01 2.903572e-01 4.766115e-01 
9.100000e-01 1.490843e-01 2.736110e-01 2.858756e-01 4.726066e-01 
9.150000e-01 1.452885e-01 2.691247e-01 2.814237e-01 4.686116e-01 
9.200000e-01 1.415472e-01 2.646704e-01 2.770033e-01 4.646267e-01 
9.250000e-01 1.378603e-01 2.602487e-01 2.726136e-01 4.606530e-01 
9.300000e-01 1.342280e-01 2.558599e-01 2.682560e-01 4.566913e-01 
9.350000e-01 1.306502e-01 2.515042e-01 2.639306e-01 4.527395e-01 
9.400000e-01 1.271271e-01 2.471822e-01 2.596368e-01 4.488004e-01 
9.450000e-01 1.236585e-01 2.428940e-01 2.553759e-01 4.448734e-01 
9.500000e-01 1.202446e-01 2.386402e-01 2.511453e-01 4.409582e-01 
9.550000e-01 1.168853e-01 2.344208e-01 2.469489e-01 4.370565e-01 
9.600000e-01 1.135806e-01 2.302364e-01 2.427853e-01 4.331675e-01 
9.650000e-01 1.103303e-01 2.260872e-01 2.386571e-01 4.292920e-01 
9.700000e-01 1.071346e-01 2.219734e-01 2.345628e-01 4.254291e-01 
9.750000e-01 1.039931e-01 2.178954e-01 2.305032e-01 4.215808e-01 
9.800000e-01 1.009060e-01 2.138534e-01 2.264750e-01 4.177466e-01 
9.850000e-01 9.787302e-02 2.098478e-01 2.224832e-01 4.139263e-01 
9.900000e-01 9.489408e-02 2.058787e-01 2.185287e-01 4.101210e-01 
9.950000e-01 9.196903e-02 2.019465e-01 2.146099e-01 4.063292e-01 
1.000000e+00 8.909772e-02 1.980513e-01 2.107272e-01 4.025551e-01 
1.005000e+00 8.627998e-02 1.941935e-01 2.068799e-01 3.987945e-01 
1.010000e+00 8.351563e-02 1.903732e-01 2.030675e-01 3.950512e-01 
1.015000e+00 8.080447e-02 1.865906e-01 1.992911e-01 3.913223e-01 
1.020000e+00 7.814629e-02 1.828460e-01 1.955517e-01 3.876106e-01 
1.025000e+00 7.554087e-02 1.791396e-01 1.918485e-01 3.839144e-01 
1.030000e+00 7.298797e-02 1.754715e-01 1.881835e-01 3.802364e-01 
1.035000e+00 7.048733e-02 1.718419e-01 1.845553e-01 3.765733e-01 
1.040000e+00 6.803870e-02 1.682510e-01 1.809649e-01 3.729293e-01 
1.045000e+00 6.564180e-02 1.646991e-01 1.774124e-01 3.693012e-01 
1.050000e+00 6.329634e-02 1.611861e-01 1.738950e-01 3.656908e-01 
1.055000e+00 6.100203e-02 1.577123e-01 1.704147e-01 3.620993e-01 
1.060000e+00 5.875854e-02 1.542778e-01 1.669711e-01 3.585247e-01 
1.065000e+00 5.656555e-02 1.508828e-01 1.635648e-01 3.549691e-01 
1.070000e+00 5.442274e-02 1.475273e-01 1.601972e-01 3.514316e-01 
1.075000e+00 5.232974e-02 1.442115e-01 1.568688e-01 3.479129e-01 
1.080000e+00 5.028621e-02 1.409355e-01 1.535790e-01 3.444132e-01 
1.085000e+00 4.829178e-02 1.376994e-01 1.503285e-01 3.409319e-01 
1.090000e+00 4.634606e-02 1.345033e-01 1.471162e-01 3.374709e-01 
1.095000e+00 4.444867e-02 1.313471e-01 1.439427e-01 3.340301e-01 
1.100000e+00 4.259921e-02 1.282311e-01 1.408074e-01 3.306081e-01 
1.105000e+00 4.079727e-02 1.251553e-01 1.377114e-01 3.272061e-01 
1.110000e+00 3.904242e-02 1.221198e-01 1.346538e-01 3.238248e-01 
1.115000e+00 3.733425e-02 1.191245e-01 1.316361e-01 3.204627e-01 
1.120000e+00 3.567231e-02 1.161695e-01 1.286576e-01 3.171207e-01 
1.125000e+00 3.405616e-02 1.132549e-01 1.257181e-01 3.138005e-01 
1.130000e+00 3.248534e-02 1.103806e-01 1.228170e-01 3.105005e-01 
1.135000e+00 3.095939e-02 1.075467e-01 1.199547e-01 3.072211e-01 
1.140000e+00 2.947784e-02 1.047533e-01 1.171318e-01 3.039627e-01 
1.145000e+00 2.804022e-02 1.020002e-01 1.143476e-01 3.007253e-01 
1.150000e+00 2.664602e-02 9.928749e-02 1.116019e-01 2.975083e-01 
1.155000e+00 2.529477e-02 9.661514e-02 1.088952e-01 2.943133e-01 
1.160000e+00 2.398595e-02 9.398314e-02 1.062270e-01 2.911401e-01 
1.165000e+00 2.271907e-02 9.139144e-02 1.035982e-01 2.879886e-01 
1.170000e+00 2.149361e-02 8.884000e-02 1.010091e-01 2.848590e-01 
1.175000e+00 2.030904e-02 8.632877e-02 9.845905e-02 2.817521e-01 
1.180000e+00 1.916485e-02 8.385771e-02 9.594827e-02 2.786664e-01 
1.185000e+00 1.806050e-02 8.142674e-02 9.347660e-02 2.756034e-01 
1.190000e+00 1.699545e-02 7.903580e-02 9.104304e-02 2.725633e-01 
1.195000e+00 1.596916e-02 7.668480e-02 8.864699e-02 2.695447e-01 
1.200000e+00 1.498108e-02 7.437367e-02 8.629002e-02 2.665485e-01 
1.205000e+00 1.403067e-02 7.210230e-02 8.397190e-02 2.635766e-01 
1.210000e+00 1.311736e-02 6.987061e-02 8.169293e-02 2.606270e-01 
1.215000e+00 1.224059e-02 6.767848e-02 7.945273e-02 2.576998e-01 
1.220000e+00 1.139981e-02 6.552580e-02 7.725076e-02 2.547960e-01 
1.225000e+00 1.059443e-02 6.341246e-02 7.508657e-02 2.519156e-01 
1.230000e+00 9.823894e-03 6.133832e-02 7.296076e-02 2.490577e-01 
1.235000e+00 9.087622e-03 5.930325e-02 7.087227e-02 2.462232e-01 
1.240000e+00 8.385037e-03 5.730710e-02 6.882167e-02 2.434131e-01 
1.245000e+00 7.715559e-03 5.534975e-02 6.680904e-02 2.406256e-01 
1.250000e+00 7.078605e-03 5.343102e-02 6.483446e-02 2.378620e-01 
1.255000e+00 6.473590e-03 5.155077e-02 6.289681e-02 2.351214e-01 
1.260000e+00 5.899929e-03 4.970882e-02 6.099491e-02 2.324045e-01 
1.265000e+00 5.357031e-03 4.790501e-02 5.913040e-02 2.297116e-01 
1.270000e+00 4.844309e-03 4.613915e-02 5.730362e-02 2.270422e-01 
1.275000e+00 4.361171e-03 4.441106e-02 5.551393e-02 2.243967e-01 
1.280000e+00 3.907025e-03 4.272056e-02 5.376134e-02 2.217751e-01 
1.285000e+00 3.481279e-03 4.106744e-02 5.204451e-02 2.191785e-01 
1.290000e+00 3.083341e-03 3.945151e-02 5.036355e-02 2.166049e-01 
1.295000e+00 2.712618e-03 3.787255e-02 4.871937e-02 2.140556e-01 
1.300000e+00 2.368516e-03 3.633036e-02 4.711133e-02 2.115299e-01 
1.305000e+00 2.050443e-03 3.482472e-02 4.553876e-02 2.090285e-01 
1.310000e+00 1.757807e-03 3.335540e-02 4.400121e-02 2.065506e-01 
1.315000e+00 1.490016e-03 3.192218e-02 4.249960e-02 2.040984e-01 
1.320000e+00 1.246481e-03 3.052481e-02 4.103327e-02 2.016687e-01 
1.325000e+00 1.026612e-03 2.916307e-02 3.960166e-02 1.992639e-01 
1.330000e+00 8.298211e-04 2.783671e-02 3.820360e-02 1.968828e-01 
1.335000e+00 6.555223e-04 2.654548e-02 3.684056e-02 1.945263e-01 
1.340000e+00 5.031313e-04 2.528912e-02 3.551109e-02 1.921945e-01 
1.345000e+00 3.720657e-04 2.406738e-02 3.421532e-02 1.898856e-01 
1.350000e+00 2.617454e-04 2.288000e-02 3.295360e-02 1.876022e-01 
1.355000e+00 1.715928e-04 2.172670e-02 3.172589e-02 1.853421e-01 
1.360000e+00 1.010331e-04 2.060722e-02 3.053149e-02 1.831065e-01 
1.365000e+00 4.949391e-05 1.952128e-02 2.936978e-02 1.808950e-01 
1.370000e+00 1.640633e-05 1.846860e-02 2.824036e-02 1.787074e-01 
1.375000e+00 1.204452e-06 1.744889e-02 2.714387e-02 1.765445e-01 
1.380000e+00 3.325858e-06 1.646187e-02 2.607920e-02 1.744060e-01 
1.385000e+00 2.221172e-05 1.550725e-02 2.504617e-02 1.722905e-01 
1.390000e+00 5.730700e-05 1.458473e-02 2.404490e-02 1.701994e-01 
1.395000e+00 1.080606e-04 1.369400e-02 2.307543e-02 1.681320e-01 
1.400000e+00 1.739256e-04 1.283477e-02 2.213709e-02 1.660893e-01 
1.405000e+00 2.543594e-04 1.200674e-02 2.122868e-02 1.640702e-01 
1.410000e+00 3.488237e-04 1.120958e-02 2.035089e-02 1.620749e-01 
1.415000e+00 4.567851e-04 1.044299e-02 1.950371e-02 1.601036e-01 
1.420000e+00 5.777147e-04 9.706649e-03 1.868650e-02 1.581554e-01 
1.425000e+00 7.110889e-04 9.000239e-03 1.789813e-02 1.562316e-01 
1.430000e+00 8.563889e-04 8.323439e-03 1.713887e-02 1.543315e-01 
1.435000e+00 1.013101e-03 7.675922e-03 1.640872e-02 1.524554e-01 
1.440000e+00 1.180718e-03 7.057360e-03 1.570701e-02 1.506028e-01 
1.445000e+00 1.358736e-03 6.467423e-03 1.503368e-02 1.487739e-01 
1.450000e+00 1.546660e-03 5.905778e-03 1.438817e-02 1.469682e-01 
1.455000e+00 1.743997e-03 5.372089e-03 1.377050e-02 1.451857e-01 
1.460000e+00 1.950262e-03 4.866018e-03 1.318060e-02 1.434257e-01 
1.465000e+00 2.164978e-03 4.387224e-03 1.261778e-02 1.416893e-01 
1.470000e+00 2.387669e-03 3.935366e-03 1.208150e-02 1.399766e-01 
1.475000e+00 2.617871e-03 3.510099e-03 1.157144e-02 1.382872e-01 
1.480000e+00 2.855123e-03 3.111077e-03 1.108740e-02 1.366208e-01 
1.485000e+00 3.098970e-03 2.737951e-03 1.062908e-02 1.349773e-01 
1.490000e+00 3.348966e-03 2.390372e-03 1.019569e-02 1.333555e-01 
1.495000e+00 3.604670e-03 2.067987e-03 9.787534e-03 1.317562e-01 
1.500000e+00 3.865649e-03 1.770445e-03 9.404460e-03 1.301803e-01 
1.505000e+00 4.131476e-03 1.497391e-03 9.045810e-03 1.286268e-01 
1.510000e+00 4.401731e-03 1.248468e-03 8.711068e-03 1.270961e-01 
1.515000e+00 4.676001e-03 1.023319e-03 8.400050e-03 1.255872e-01 
1.520000e+00 4.953881e-03 8.215875e-04 8.112729e-03 1.241006e-01 
1.525000e+00 5.234972e-03 6.429125e-04 7.848457e-03 1.226360e-01 
1.530000e+00 5.518883e-03 4.869344e-04 7.606738e-03 1.211935e-01 
1.535000e+00 5.805230e-03 3.532921e-04 7.387517e-03 1.197729e-01 
1.540000e+00 6.093637e-03 2.416237e-04 7.190471e-03 1.183739e-01 
1.545000e+00 6.383735e-03 1.515667e-04 7.014953e-03 1.169967e-01 
1.550000e+00 6.675163e-03 8.275811e-05 6.860406e-03 1.156406e-01 
1.555000e+00 6.967567e-03 3.483438e-05 6.726445e-03 1.143062e-01 
1.560000e+00 7.260600e-03 7.431568e-06 6.613262e-03 1.129930e-01 
1.565000e+00 7.553925e-03 1.854862e-07 6.520466e-03 1.117003e-01 
1.570000e+00 7.847209e-03 1.273173e-05 6.447602e-03 1.104294e-01 
1.575000e+00 8.140131e-03 4.470579e-05 6.394215e-03 1.091794e-01 
1.580000e+00 8.432374e-03 9.574315e-05 6.360207e-03 1.079501e-01 
1.585000e+00 8.723631e-03 1.654793e-04 6.345321e-03 1.067418e-01 
1.590000e+00 9.013602e-03 2.535501e-04 6.348961e-03 1.055533e-01 
1.595000e+00 9.301995e-03 3.595914e-04 6.370690e-03 1.043853e-01 
1.600000e+00 9.588527e-03 4.832395e-04 6.410409e-03 1.032373e-01 
1.605000e+00 9.872920e-03 6.241312e-04 6.467832e-03 1.021098e-01 
1.610000e+00 1.015491e-02 7.819036e-04 6.542139e-03 1.010022e-01 
1.615000e+00 1.043423e-02 9.561946e-04 6.633164e-03 9.991424e-02 
1.620000e+00 1.071062e-02 1.146643e-03 6.740774e-03 9.884603e-02 
1.625000e+00 1.098386e-02 1.352887e-03 6.864680e-03 9.779728e-02 
1.630000e+00 1.125369e-02 1.574568e-03 7.004323e-03 9.676764e-02 
1.635000e+00 1.151989e-02 1.811326e-03 7.159031e-03 9.575750e-02 
1.640000e+00 1.178224e-02 2.062804e-03 7.328942e-03 9.476604e-02 
1.645000e+00 1.204052e-02 2.328644e-03 7.513750e-03 9.379332e-02 
1.650000e+00 1.229453e-02 2.608492e-03 7.712918e-03 9.283923e-02 
1.655000e+00 1.254406e-02 2.901991e-03 7.925934e-03 9.190414e-02 
1.660000e+00 1.278894e-02 3.208789e-03 8.152773e-03 9.098812e-02 
1.665000e+00 1.302897e-02 3.528535e-03 8.392976e-03 9.008978e-02 
1.670000e+00 1.326399e-02 3.860877e-03 8.646252e-03 8.920928e-02 
1.675000e+00 1.349381e-02 4.205468e-03 8.912178e-03 8.834692e-02 
1.680000e+00 1.371829e-02 4.561959e-03 9.190420e-03 8.750226e-02 
1.685000e+00 1.393727e-02 4.930005e-03 9.480805e-03 8.667521e-02 
1.690000e+00 1.415061e-02 5.309263e-03 9.783007e-03 8.586574e-02 
1.695000e+00 1.435817e-02 5.699390e-03 1.009654e-02 8.507345e-02 
1.700000e+00 1.455981e-02 6.100045e-03 1.042107e-02 8.429790e-02 
1.705000e+00 1.475542e-02 6.510892e-03 1.075641e-02 8.353914e-02 
1.710000e+00 1.494487e-02 6.931593e-03 1.110224e-02 8.279743e-02 
1.715000e+00 1.512807e-02 7.361815e-03 1.145807e-02 8.207231e-02 
1.720000e+00 1.530491e-02 7.801225e-03 1.182361e-02 8.136361e-02 
1.725000e+00 1.547529e-02 8.249494e-03 1.219867e-02 8.067126e-02 
1.730000e+00 1.563913e-02 8.706293e-03 1.258291e-02 7.999478e-02 
1.735000e+00 1.579635e-02 9.171298e-03 1.297590e-02 7.933408e-02 
1.740000e+00 1.594687e-02 9.644186e-03 1.337711e-02 7.868900e-02 
1.745000e+00 1.609062e-02 1.012464e-02 1.378658e-02 7.805930e-02 
1.750000e+00 1.622755e-02 1.061233e-02 1.420383e-02 7.744491e-02 
1.755000e+00 1.635760e-02 1.110695e-02 1.462865e-02 7.684593e-02 
1.760000e+00 1.648073e-02 1.160819e-02 1.506064e-02 7.626249e-02 
1.765000e+00 1.659689e-02 1.211574e-02 1.549965e-02 7.569348e-02 
1.770000e+00 1.670605e-02 1.262928e-02 1.594536e-02 7.513912e-02 
1.775000e+00 1.680817e-02 1.314851e-02 1.639744e-02 7.459890e-02 
1.780000e+00 1.690325e-02 1.367314e-02 1.685550e-02 7.407326e-02 
1.785000e+00 1.699126e-02 1.420286e-02 1.731939e-02 7.356155e-02 
1.790000e+00 1.707219e-02 1.473737e-02 1.778880e-02 7.306365e-02 
1.795000e+00 1.714603e-02 1.527638e-02 1.826347e-02 7.257923e-02 
1.800000e+00 1.721279e-02 1.581961e-02 1.874315e-02 7.210858e-02 
1.805000e+00 1.727248e-02 1.636676e-02 1.922748e-02 7.165141e-02 
1.810000e+00 1.732511e-02 1.691755e-02 1.971616e-02 7.120742e-02 
1.815000e+00 1.737068e-02 1.747169e-02 2.020894e-02 7.077621e-02 
1.820000e+00 1.740924e-02 1.802892e-02 2.070552e-02 7.035738e-02 
1.825000e+00 1.744080e-02 1.858895e-02 2.120559e-02 6.995153e-02 
1.830000e+00 1.746540e-02 1.915151e-02 2.170899e-02 6.955826e-02 
1.835000e+00 1.748308e-02 1.971634e-02 2.221524e-02 6.917720e-02 
1.840000e+00 1.749387e-02 2.028317e-02 2.272424e-02 6.880811e-02 
1.845000e+00 1.749784e-02 2.085173e-02 2.323556e-02 6.845106e-02 
1.850000e+00 1.749502e-02 2.142177e-02 2.374916e-02 6.810559e-02 
1.855000e+00 1.748549e-02 2.199303e-02 2.426472e-02 6.777187e-02 
1.860000e+00 1.746929e-02 2.256526e-02 2.478202e-02 6.744917e-02 
1.865000e+00 1.744649e-02 2.313821e-02 2.530077e-02 6.713752e-02 
1.870000e+00 1.741717e-02 2.371164e-02 2.582095e-02 6.683687e-02 
1.875000e+00 1.738139e-02 2.428530e-02 2.634211e-02 6.654707e-02 
1.880000e+00 1.733924e-02 2.485895e-02 2.686403e-02 6.626792e-02 
1.885000e+00 1.729080e-02 2.543237e-02 2.738659e-02 6.599902e-02 
1.890000e+00 1.723615e-02 2.600532e-02 2.790950e-02 6.574031e-02 
1.895000e+00 1.717538e-02 2.657757e-02 2.843246e-02 6.549161e-02 
1.900000e+00 1.710858e-02 2.714889e-02 2.895517e-02 6.525305e-02 
1.905000e+00 1.703585e-02 2.771907e-02 2.947752e-02 6.502392e-02 
1.910000e+00 1.695729e-02 2.828789e-02 2.999944e-02 6.480445e-02 
1.915000e+00 1.687300e-02 2.885514e-02 3.052053e-02 6.459450e-02 
1.920000e+00 1.678308e-02 2.942060e-02 3.104061e-02 6.439349e-02 
1.925000e+00 1.668765e-02 2.998407e-02 3.155946e-02 6.420158e-02 
1.930000e+00 1.658680e-02 3.054535e-02 3.207685e-02 6.401824e-02 
1.935000e+00 1.648066e-02 3.110423e-02 3.259278e-02 6.384336e-02 
1.940000e+00 1.636934e-02 3.166053e-02 3.310686e-02 6.367716e-02 
1.945000e+00 1.625296e-02 3.221405e-02 3.361895e-02 6.351944e-02 
1.950000e+00 1.613164e-02 3.276461e-02 3.412887e-02 6.336960e-02 
1.955000e+00 1.600549e-02 3.331201e-02 3.463636e-02 6.322759e-02 
1.960000e+00 1.587465e-02 3.385607e-02 3.514124e-02 6.309329e-02 
1.965000e+00 1.573925e-02 3.439663e-02 3.564340e-02 6.296675e-02 
1.970000e+00 1.559939e-02 3.493351e-02 3.614283e-02 6.284729e-02 
1.975000e+00 1.545523e-02 3.546654e-02 3.663921e-02 6.273500e-02 
1.980000e+00 1.530689e-02 3.599554e-02 3.713229e-02 6.262999e-02 
1.985000e+00 1.515449e-02 3.652037e-02 3.762196e-02 6.253211e-02 
1.990000e+00 1.499819e-02 3.704086e-02 3.810810e-02 6.244067e-02 
1.995000e+00 1.483810e-02 3.755685e-02 3.859054e-02 6.235563e-02 
2.000000e+00 1.467436e-02 3.806820e-02 3.906918e-02 6.227714e-02 
2.005000e+00 1.450712e-02 3.857476e-02 3.954379e-02 6.220471e-02 
2.010000e+00 1.433651e-02 3.907638e-02 4.001426e-02 6.213836e-02 
2.015000e+00 1.416267e-02 3.957292e-02 4.048044e-02 6.207783e-02 
2.020000e+00 1.398573e-02 4.006425e-02 4.094208e-02 6.202308e-02 
2.025000e+00 1.380585e-02 4.055023e-02 4.139913e-02 6.197376e-02 
2.030000e+00 1.362315e-02 4.103074e-02 4.185150e-02 6.192978e-02 
2.035000e+00 1.343778e-02 4.150565e-02 4.229902e-02 6.189100e-02 
2.040000e+00 1.324988e-02 4.197484e-02 4.274138e-02 6.185736e-02 
2.045000e+00 1.305958e-02 4.243818e-02 4.317878e-02 6.182876e-02 
2.050000e+00 1.286704e-02 4.289556e-02 4.361090e-02 6.180494e-02 
2.055000e+00 1.267239e-02 4.334688e-02 4.403775e-02 6.178566e-02 
2.060000e+00 1.247577e-02 4.379202e-02 4.445916e-02 6.177100e-02 
2.065000e+00 1.227732e-02 4.423089e-02 4.487514e-02 6.176052e-02 
2.070000e+00 1.207719e-02 4.466337e-02 4.528546e-02 6.175421e-02 
2.075000e+00 1.187550e-02 4.508937e-02 4.569007e-02 6.175186e-02 
2.080000e+00 1.167241e-02 4.550880e-02 4.608882e-02 6.175329e-02 
2.085000e+00 1.146804e-02 4.592157e-02 4.648152e-02 6.175845e-02 
2.090000e+00 1.126254e-02 4.632759e-02 4.686816e-02 6.176714e-02 
2.095000e+00 1.105603e-02 4.672678e-02 4.724873e-02 6.177918e-02 
2.100000e+00 1.084867e-02 4.711905e-02 4.762306e-02 6.179441e-02 
2.105000e+00 1.064058e-02 4.750434e-02 4.799099e-02 6.181271e-02 
2.110000e+00 1.043189e-02 4.788256e-02 4.835253e-02 6.183412e-02 
2.115000e+00 1.022275e-02 4.825365e-02 4.870767e-02 6.185833e-02 
2.120000e+00 1.001327e-02 4.861754e-02 4.905626e-02 6.188526e-02 
2.125000e+00 9.803590e-03 4.897416e-02 4.939825e-02 6.191485e-02 
2.130000e+00 9.593839e-03 4.932347e-02 4.973356e-02 6.194677e-02 
2.135000e+00 9.384142e-03 4.966539e-02 5.006220e-02 6.198092e-02 
2.140000e+00 9.174626e-03 4.999988e-02 5.038402e-02 6.201724e-02 
2.145000e+00 8.965414e-03 5.032688e-02 5.069890e-02 6.205569e-02 
2.150000e+00 8.756628e-03 5.064635e-02 5.100685e-02 6.209601e-02 
2.155000e+00 8.548389e-03 5.095825e-02 5.130791e-02 6.213814e-02 
2.160000e+00 8.340816e-03 5.126252e-02 5.160207e-02 6.218189e-02 
2.165000e+00 8.134025e-03 5.155914e-02 5.188908e-02 6.222716e-02 
2.170000e+00 7.928132e-03 5.184807e-02 5.216898e-02 6.227386e-02 
2.175000e+00 7.723250e-03 5.212928e-02 5.244186e-02 6.232184e-02 
2.180000e+00 7.519489e-03 5.240273e-02 5.270762e-02 6.237094e-02 
2.185000e+00 7.316959e-03 5.266840e-02 5.296615e-02 6.242109e-02 
2.190000e+00 7.115766e-03 5.292627e-02 5.321735e-02 6.247225e-02 
2.195000e+00 6.916015e-03 5.317632e-02 5.346128e-02 6.252429e-02 
2.200000e+00 6.717809e-03 5.341852e-02 5.369799e-02 6.257688e-02 
2.205000e+00 6.521247e-03 5.365287e-02 5.392737e-02 6.262998e-02 
2.210000e+00 6.326428e-03 5.387935e-02 5.414932e-02 6.268355e-02 
2.215000e+00 6.133447e-03 5.409795e-02 5.436390e-02 6.273752e-02 
2.220000e+00 5.942397e-03 5.430867e-02 5.457119e-02 6.279171e-02 
2.225000e+00 5.753369e-03 5.451150e-02 5.477106e-02 6.284612e-02 
2.230000e+00 5.566452e-03 5.470643e-02 5.496346e-02 6.290062e-02 
2.235000e+00 5.381731e-03 5.489348e-02 5.514845e-02 6.295514e-02 
2.240000e+00 5.199290e-03 5.507264e-02 5.532611e-02 6.300939e-02 
2.245000e+00 5.019209e-03 5.524391e-02 5.549632e-02 6.306338e-02 
2.250000e+00 4.841567e-03 5.540732e-02 5.565915e-02 6.311705e-02 
2.255000e+00 4.666439e-03 5.556286e-02 5.581456e-02 6.317024e-02 
2.260000e+00 4.493899e-03 5.571056e-02 5.596258e-02 6.322288e-02 
2.265000e+00 4.324017e-03 5.585042e-02 5.610323e-02 6.327491e-02 
2.270000e+00 4.156860e-03 5.598247e-02 5.623642e-02 6.332622e-02 
2.275000e+00 3.992495e-03 5.610673e-02 5.636222e-02 6.337668e-02 
2.280000e+00 3.830982e-03 5.622321e-02 5.648068e-02 6.342628e-02 
2.285000e+00 3.672384e-03 5.633194e-02 5.659182e-02 6.347493e-02 
2.290000e+00 3.516755e-03 5.643296e-02 5.669559e-02 6.352253e-02 
2.295000e+00 3.364152e-03 5.652628e-02 5.679204e-02 6.356895e-02 
2.300000e+00 3.214625e-03 5.661195e-02 5.688123e-02 6.361415e-02 
2.305000e+00 3.068223e-03 5.668998e-02 5.696312e-02 6.365797e-02 
2.310000e+00 2.924994e-03 5.676042e-02 5.703776e-02 6.370046e-02 
2.315000e+00 2.784980e-03 5.682331e-02 5.710530e-02 6.374145e-02 
2.320000e+00 2.648223e-03 5.687868e-02 5.716564e-02 6.378097e-02 
2.325000e+00 2.514761e-03 5.692658e-02 5.721887e-02 6.381882e-02 
2.330000e+00 2.384629e-03 5.696704e-02 5.726500e-02 6.385503e-02 
2.335000e+00 2.257860e-03 5.700011e-02 5.730399e-02 6.388948e-02 
2.340000e+00 2.134485e-03 5.702584e-02 5.733594e-02 6.392207e-02 
2.345000e+00 2.014530e-03 5.704427e-02 5.736092e-02 6.395277e-02 
2.350000e+00 1.898021e-03 5.705546e-02 5.737901e-02 6.398153e-02 
2.355000e+00 1.784981e-03 5.705946e-02 5.739012e-02 6.400825e-02 
2.360000e+00 1.675427e-03 5.705631e-02 5.739439e-02 6.403292e-02 
2.365000e+00 1.569378e-03 5.704608e-02 5.739189e-02 6.405546e-02 
2.370000e+00 1.466848e-03 5.702881e-02 5.738261e-02 6.407583e-02 
2.375000e+00 1.367849e-03 5.700458e-02 5.736656e-02 6.409396e-02 
2.380000e+00 1.272389e-03 5.697342e-02 5.734386e-02 6.410986e-02 
2.385000e+00 1.180476e-03 5.693542e-02 5.731452e-02 6.412337e-02 
2.390000e+00 1.092114e-03 5.689062e-02 5.727862e-02 6.413447e-02 
2.395000e+00 1.007305e-03 5.683909e-02 5.723614e-02 6.414311e-02 
2.400000e+00 9.260481e-04 5.678089e-02 5.718720e-02 6.414921e-02 
2.405000e+00 8.483398e-04 5.671610e-02 5.713189e-02 6.415277e-02 
2.410000e+00 7.741750e-04 5.664477e-02 5.707022e-02 6.415374e-02 
2.415000e+00 7.035457e-04 5.656697e-02 5.700229e-02 6.415209e-02 
2.420000e+00 6.364419e-04 5.648278e-02 5.692812e-02 6.414776e-02 
2.425000e+00 5.728510e-04 5.639226e-02 5.684782e-02 6.414070e-02 
2.430000e+00 5.127584e-04 5.629549e-02 5.676142e-02 6.413089e-02 
2.435000e+00 4.561471e-04 5.619253e-02 5.666894e-02 6.411832e-02 
2.440000e+00 4.029981e-04 5.608346e-02 5.657049e-02 6.410287e-02 
2.445000e+00 3.532900e-04 5.596836e-02 5.646617e-02 6.408451e-02 
2.450000e+00 3.069995e-04 5.584729e-02 5.635603e-02 6.406327e-02 
2.455000e+00 2.641012e-04 5.572034e-02 5.624013e-02 6.403909e-02 
2.460000e+00 2.245676e-04 5.558757e-02 5.611850e-02 6.401190e-02 
2.465000e+00 1.883693e-04 5.544908e-02 5.599128e-02 6.398172e-02 
2.470000e+00 1.554750e-04 5.530493e-02 5.585849e-02 6.394857e-02 
2.475000e+00 1.258513e-04 5.515521e-02 5.572019e-02 6.391240e-02 
2.480000e+00 9.946322e-05 5.499999e-02 5.557645e-02 6.387318e-02 
2.485000e+00 7.627379e-05 5.483936e-02 5.542740e-02 6.383084e-02 
2.490000e+00 5.624434e-05 5.467339e-02 5.527307e-02 6.378538e-02 
2.495000e+00 3.933450e-05 5.450217e-02 5.511353e-02 6.373674e-02 
2.500000e+00 2.550220e-05 5.432578e-02 5.494884e-02 6.368499e-02 
2.505000e+00 1.470379e-05 5.414430e-02 5.477914e-02 6.363008e-02 
2.510000e+00 6.894043e-06 5.395781e-02 5.460447e-02 6.357194e-02 
2.515000e+00 2.026197e-06 5.376640e-02 5.442488e-02 6.351061e-02 
2.520000e+00 5.203594e-08 5.357016e-02 5.424046e-02 6.344604e-02 
2.525000e+00 9.219220e-07 5.336916e-02 5.405130e-02 6.337822e-02 
2.530000e+00 4.584848e-06 5.316349e-02 5.385760e-02 6.330719e-02 
2.535000e+00 1.098849e-05 5.295323e-02 5.365929e-02 6.323297e-02 
2.540000e+00 2.007925e-05 5.273848e-02 5.345653e-02 6.315543e-02 
2.545000e+00 3.180233e-05 5.251930e-02 5.324933e-02 6.307461e-02 
2.550000e+00 4.610176e-05 5.229581e-02 5.303783e-02 6.299054e-02 
2.555000e+00 6.292045e-05 5.206806e-02 5.282203e-02 6.290316e-02 
2.560000e+00 8.220026e-05 5.183616e-02 5.260203e-02 6.281246e-02 
2.565000e+00 1.038821e-04 5.160019e-02 5.237793e-02 6.271855e-02 
2.570000e+00 1.279057e-04 5.136023e-02 5.214984e-02 6.262134e-02 
2.575000e+00 1.542102e-04 5.111637e-02 5.191781e-02 6.252086e-02 
2.580000e+00 1.827338e-04 5.086870e-02 5.168188e-02 6.241708e-02 
2.585000e+00 2.134137e-04 5.061730e-02 5.144217e-02 6.230999e-02 
2.590000e+00 2.461866e-04 5.036227e-02 5.119879e-02 6.219961e-02 
2.595000e+00 2.809883e-04 5.010367e-02 5.095180e-02 6.208601e-02 
2.600000e+00 3.177543e-04 4.984161e-02 5.070122e-02 6.196913e-02 
2.605000e+00 3.564190e-04 4.957616e-02 5.044717e-02 6.184899e-02 
2.610000e+00 3.969167e-04 4.930742e-02 5.018978e-02 6.172559e-02 
2.615000e+00 4.391811e-04 4.903547e-02 4.992910e-02 6.159895e-02 
2.620000e+00 4.831454e-04 4.876039e-02 4.966515e-02 6.146900e-02 
2.625000e+00 5.287425e-04 4.848227e-02 4.939807e-02 6.133583e-02 
2.630000e+00 5.759048e-04 4.820119e-02 4.912798e-02 6.119947e-02 
2.635000e+00 6.245646e-04 4.791725e-02 4.885491e-02 6.105993e-02 
2.640000e+00 6.746540e-04 4.763051e-02 4.857890e-02 6.091718e-02 
2.645000e+00 7.261047e-04 4.734108e-02 4.830009e-02 6.077123e-02 
2.650000e+00 7.788486e-04 4.704903e-02 4.801848e-02 6.062208e-02 
2.655000e+00 8.328171e-04 4.675444e-02 4.773427e-02 6.046988e-02 
2.660000e+00 8.879420e-04 4.645740e-02 4.744742e-02 6.031456e-02 
2.665000e+00 9.441549e-04 4.615799e-02 4.715818e-02 6.015609e-02 
2.670000e+00 1.001387e-03 4.585630e-02 4.686652e-02 5.999453e-02 
2.675000e+00 1.059571e-03 4.555240e-02 4.657256e-02 5.982986e-02 
2.680000e+00 1.118639e-03 4.524638e-02 4.627629e-02 5.966209e-02 
2.685000e+00 1.178522e-03 4.493832e-02 4.597785e-02 5.949130e-02 
2.690000e+00 1.239153e-03 4.462830e-02 4.567730e-02 5.931753e-02 
2.695000e+00 1.300464e-03 4.431639e-02 4.537477e-02 5.914081e-02 
2.700000e+00 1.362390e-03 4.400269e-02 4.507024e-02 5.896115e-02 
2.705000e+00 1.424862e-03 4.368726e-02 4.476392e-02 5.877853e-02 
2.710000e+00 1.487816e-03 4.337019e-02 4.445580e-02 5.859302e-02 
2.715000e+00 1.551185e-03 4.305156e-02 4.414601e-02 5.840462e-02 
2.720000e+00 1.614904e-03 4.273143e-02 4.383457e-02 5.821332e-02 
2.725000e+00 1.678909e-03 4.240989e-02 4.352149e-02 5.801920e-02 
2.730000e+00 1.743136e-03 4.208702e-02 4.320693e-02 5.782223e-02 
2.735000e+00 1.807521e-03 4.176289e-02 4.289098e-02 5.762247e-02 
2.740000e+00 1.872001e-03 4.143757e-02 4.257368e-02 5.742001e-02 
2.745000e+00 1.936515e-03 4.111114e-02 4.225504e-02 5.721485e-02 
2.750000e+00 2.001001e-03 4.078367e-02 4.193520e-02 5.700698e-02 
2.755000e+00 2.065398e-03 4.045523e-02 4.161419e-02 5.679645e-02 
2.760000e+00 2.129648e-03 4.012590e-02 4.129205e-02 5.658329e-02 
2.765000e+00 2.193690e-03 3.979575e-02 4.096887e-02 5.636752e-02 
2.770000e+00 2.257468e-03 3.946485e-02 4.064476e-02 5.614913e-02 
2.775000e+00 2.320924e-03 3.913327e-02 4.031978e-02 5.592824e-02 
2.780000e+00 2.384001e-03 3.880107e-02 3.999400e-02 5.570491e-02 
2.785000e+00 2.446645e-03 3.846834e-02 3.966746e-02 5.547909e-02 
2.790000e+00 2.508802e-03 3.813512e-02 3.934029e-02 5.525084e-02 
2.795000e+00 2.570418e-03 3.780149e-02 3.901253e-02 5.502018e-02 
2.800000e+00 2.631442e-03 3.746753e-02 3.868435e-02 5.478718e-02 
2.805000e+00 2.691821e-03 3.713328e-02 3.835568e-02 5.455186e-02 
2.810000e+00 2.751507e-03 3.679882e-02 3.802659e-02 5.431423e-02 
2.815000e+00 2.810451e-03 3.646420e-02 3.769717e-02 5.407436e-02 
2.820000e+00 2.868604e-03 3.612950e-02 3.736747e-02 5.383228e-02 
2.825000e+00 2.925920e-03 3.579478e-02 3.703754e-02 5.358800e-02 
2.830000e+00 2.982355e-03 3.546009e-02 3.670743e-02 5.334159e-02 
2.835000e+00 3.037863e-03 3.512549e-02 3.637726e-02 5.309308e-02 
2.840000e+00 3.092402e-03 3.479105e-02 3.604708e-02 5.284248e-02 
2.845000e+00 3.145931e-03 3.445683e-02 3.571692e-02 5.258988e-02 
2.850000e+00 3.198409e-03 3.412287e-02 3.538681e-02 5.233526e-02 
2.855000e+00 3.249797e-03 3.378925e-02 3.505683e-02 5.207871e-02 
2.860000e+00 3.300057e-03 3.345600e-02 3.472699e-02 5.182022e-02 
2.865000e+00 3.349153e-03 3.312320e-02 3.439732e-02 5.155987e-02 
2.870000e+00 3.397049e-03 3.279089e-02 3.406796e-02 5.129768e-02 
2.875000e+00 3.443711e-03 3.245913e-02 3.373899e-02 5.103373e-02 
2.880000e+00 3.489108e-03 3.212796e-02 3.341045e-02 5.076803e-02 
2.885000e+00 3.533208e-03 3.179745e-02 3.308241e-02 5.050062e-02 
2.890000e+00 3.575981e-03 3.146764e-02 3.275488e-02 5.023156e-02 
2.895000e+00 3.617399e-03 3.113858e-02 3.242791e-02 4.996084e-02 
2.900000e+00 3.657434e-03 3.081032e-02 3.210158e-02 4.968853e-02 
2.905000e+00 3.696061e-03 3.048290e-02 3.177588e-02 4.941467e-02 
2.910000e+00 3.733256e-03 3.015639e-02 3.145085e-02 4.913932e-02 
2.915000e+00 3.768996e-03 2.983081e-02 3.112652e-02 4.886251e-02 
2.920000e+00 3.803258e-03 2.950622e-02 3.080299e-02 4.858427e-02 
2.925000e+00 3.836024e-03 2.918266e-02 3.048034e-02 4.830461e-02 
2.930000e+00 3.867273e-03 2.886018e-02 3.015854e-02 4.802361e-02 
2.935000e+00 3.896990e-03 2.853881e-02 2.983775e-02 4.774130e-02 
2.940000e+00 3.925157e-03 2.821861e-02 2.951794e-02 4.745774e-02 
2.945000e+00 3.951760e-03 2.789960e-02 2.919915e-02 4.717297e-02 
2.950000e+00 3.976785e-03 2.758183e-02 2.888138e-02 4.688704e-02 
2.955000e+00 4.000222e-03 2.726535e-02 2.856470e-02 4.659996e-02 
2.960000e+00 4.022058e-03 2.695018e-02 2.824920e-02 4.631179e-02 
2.965000e+00 4.042286e-03 2.663636e-02 2.793479e-02 4.602255e-02 
2.970000e+00 4.060897e-03 2.632394e-02 2.762159e-02 4.573228e-02 
2.975000e+00 4.077885e-03 2.601294e-02 2.730963e-02 4.544104e-02 
2.980000e+00 4.093244e-03 2.570340e-02 2.699900e-02 4.514887e-02 
2.985000e+00 4.106971e-03 2.539536e-02 2.668970e-02 4.485580e-02 
2.990000e+00 4.119064e-03 2.508885e-02 2.638169e-02 4.456188e-02 
2.995000e+00 4.129520e-03 2.478389e-02 2.607506e-02 4.426717e-02 
3.000000e+00 4.138340e-03 2.448053e-02 2.576991e-02 4.397168e-02 
3.005000e+00 4.145526e-03 2.417879e-02 2.546621e-02 4.367550e-02 
3.010000e+00 4.151079e-03 2.387870e-02 2.516398e-02 4.337863e-02 
3.015000e+00 4.155004e-03 2.358029e-02 2.486327e-02 4.308111e-02 
3.020000e+00 4.157307e-03 2.328359e-02 2.456415e-02 4.278299e-02 
3.025000e+00 4.157992e-03 2.298862e-02 2.426661e-02 4.248432e-02 
3.030000e+00 4.157068e-03 2.269541e-02 2.397065e-02 4.218512e-02 
3.035000e+00 4.154543e-03 2.240399e-02 2.367628e-02 4.188543e-02 
3.040000e+00 4.150427e-03 2.211439e-02 2.338361e-02 4.158529e-02 
3.045000e+00 4.144731e-03 2.182661e-02 2.309262e-02 4.128474e-02 
3.050000e+00 4.137468e-03 2.154069e-02 2.280335e-02 4.098381e-02 
3.055000e+00 4.128650e-03 2.125666e-02 2.251579e-02 4.068256e-02 
3.060000e+00 4.118291e-03 2.097452e-02 2.223000e-02 4.038101e-02 
3.065000e+00 4.106407e-03 2.069430e-02 2.194608e-02 4.007921e-02 
3.070000e+00 4.093015e-03 2.041603e-02 2.166385e-02 3.977722e-02 
3.075000e+00 4.078131e-03 2.013971e-02 2.138340e-02 3.947506e-02 
3.080000e+00 4.061775e-03 1.986538e-02 2.110471e-02 3.917275e-02 
3.085000e+00 4.043964e-03 1.959304e-02 2.082800e-02 3.887032e-02 
3.090000e+00 4.024721e-03 1.932271e-02 2.055316e-02 3.856784e-02 
3.095000e+00 4.004065e-03 1.905441e-02 2.028020e-02 3.826533e-02 
3.100000e+00 3.982019e-03 1.878815e-02 2.000916e-02 3.796284e-02 
3.105000e+00 3.958607e-03 1.852395e-02 1.974010e-02 3.766039e-02 
3.110000e+00 3.933851e-03 1.826183e-02 1.947298e-02 3.735803e-02 
3.115000e+00 3.907777e-03 1.800178e-02 1.920777e-02 3.705581e-02 
3.120000e+00 3.880409e-03 1.774384e-02 1.894455e-02 3.675375e-02 
3.125000e+00 3.851775e-03 1.748801e-02 1.868335e-02 3.645189e-02 
3.130000e+00 3.821901e-03 1.723429e-02 1.842417e-02 3.615024e-02 
3.135000e+00 3.790815e-03 1.698271e-02 1.816698e-02 3.584885e-02 
3.140000e+00 3.758545e-03 1.673326e-02 1.791183e-02 3.554778e-02 
3.145000e+00 3.725120e-03 1.648596e-02 1.765876e-02 3.524706e-02 
3.150000e+00 3.690570e-03 1.624083e-02 1.740775e-02 3.494670e-02 
3.155000e+00 3.654924e-03 1.599785e-02 1.715878e-02 3.464673e-02 
3.160000e+00 3.618215e-03 1.575705e-02 1.691185e-02 3.434719e-02 
3.165000e+00 3.580473e-03 1.551843e-02 1.666704e-02 3.404812e-02 
3.170000e+00 3.541730e-03 1.528199e-02 1.642426e-02 3.374955e-02 
3.175000e+00 3.502019e-03 1.504774e-02 1.618358e-02 3.345151e-02 
3.180000e+00 3.461372e-03 1.481568e-02 1.594498e-02 3.315404e-02 
3.185000e+00 3.419823e-03 1.458582e-02 1.570852e-02 3.285713e-02 
3.190000e+00 3.377405e-03 1.435817e-02 1.547420e-02 3.256087e-02 
3.195000e+00 3.334152e-03 1.413272e-02 1.524198e-02 3.226526e-02 
3.200000e+00 3.290099e-03 1.390947e-02 1.501185e-02 3.197034e-02 
3.205000e+00 3.245281e-03 1.368843e-02 1.478390e-02 3.167611e-02 
3.210000e+00 3.199732e-03 1.346961e-02 1.455808e-02 3.138260e-02 
3.215000e+00 3.153488e-03 1.325299e-02 1.433440e-02 3.108988e-02 
3.220000e+00 3.106584e-03 1.303858e-02 1.411284e-02 3.079796e-02 
3.225000e+00 3.059056e-03 1.282639e-02 1.389343e-02 3.050689e-02 
3.230000e+00 3.010939e-03 1.261640e-02 1.367620e-02 3.021667e-02 
3.235000e+00 2.962271e-03 1.240862e-02 1.346111e-02 2.992733e-02 
3.240000e+00 2.913087e-03 1.220305e-02 1.324812e-02 2.963891e-02 
3.245000e+00 2.863423e-03 1.199968e-02 1.303728e-02 2.935141e-02 
3.250000e+00 2.813315e-03 1.179851e-02 1.282856e-02 2.906489e-02 
3.255000e+00 2.762800e-03 1.159954e-02 1.262201e-02 2.877936e-02 
3.260000e+00 2.711914e-03 1.140276e-02 1.241758e-02 2.849483e-02 
3.265000e+00 2.660694e-03 1.120817e-02 1.221530e-02 2.821135e-02 
3.270000e+00 2.609175e-03 1.101577e-02 1.201515e-02 2.792895e-02 
3.275000e+00 2.557395e-03 1.082555e-02 1.181718e-02 2.764765e-02 
3.280000e+00 2.505388e-03 1.063750e-02 1.162134e-02 2.736746e-02 
3.285000e+00 2.453192e-03 1.045162e-02 1.142763e-02 2.708840e-02 
3.290000e+00 2.400841e-03 1.026791e-02 1.123604e-02 2.681048e-02 
3.295000e+00 2.348372e-03 1.008635e-02 1.104658e-02 2.653374e-02 
3.300000e+00 2.295819e-03 9.906937e-03 1.085923e-02 2.625821e-02 
3.305000e+00 2.243219e-03 9.729669e-03 1.067398e-02 2.598392e-02 
3.310000e+00 2.190606e-03 9.554536e-03 1.049082e-02 2.571089e-02 
3.315000e+00 2.138015e-03 9.381529e-03 1.030980e-02 2.543911e-02 
3.320000e+00 2.085480e-03 9.210640e-03 1.013088e-02 2.516863e-02 
3.325000e+00 2.033035e-03 9.041860e-03 9.954040e-03 2.489944e-02 
3.330000e+00 1.980714e-03 8.875181e-03 9.779284e-03 2.463158e-02 
3.335000e+00 1.928551e-03 8.710593e-03 9.606603e-03 2.436507e-02 
3.340000e+00 1.876578e-03 8.548086e-03 9.435989e-03 2.409991e-02 
3.345000e+00 1.824828e-03 8.387650e-03 9.267409e-03 2.383612e-02 
3.350000e+00 1.773334e-03 8.229276e-03 9.100880e-03 2.357374e-02 
3.355000e+00 1.722126e-03 8.072952e-03 8.936394e-03 2.331280e-02 
3.360000e+00 1.671236e-03 7.918669e-03 8.773975e-03 2.305331e-02 
3.365000e+00 1.620695e-03 7.766414e-03 8.613538e-03 2.279524e-02 
3.370000e+00 1.570534e-03 7.616177e-03 8.455150e-03 2.253863e-02 
3.375000e+00 1.520781e-03 7.467946e-03 8.298767e-03 2.228349e-02 
3.380000e+00 1.471466e-03 7.321710e-03 8.144380e-03 2.202989e-02 
3.385000e+00 1.422618e-03 7.177457e-03 7.991954e-03 2.177782e-02 
3.390000e+00 1.374265e-03 7.035174e-03 7.841503e-03 2.152729e-02 
3.395000e+00 1.326434e-03 6.894848e-03 7.693016e-03 2.127831e-02 
3.400000e+00 1.279153e-03 6.756468e-03 7.546515e-03 2.103085e-02 
3.405000e+00 1.232446e-03 6.620021e-03 7.401917e-03 2.078493e-02 
3.410000e+00 1.186341e-03 6.485493e-03 7.259281e-03 2.054059e-02 
3.415000e+00 1.140861e-03 6.352872e-03 7.118566e-03 2.029787e-02 
3.420000e+00 1.096032e-03 6.222144e-03 6.979706e-03 2.005676e-02 
3.425000e+00 1.051877e-03 6.093295e-03 6.842742e-03 1.981730e-02 
3.430000e+00 1.008418e-03 5.966313e-03 6.707640e-03 1.957948e-02 
3.435000e+00 9.656792e-04 5.841182e-03 6.574403e-03 1.934331e-02 
3.440000e+00 9.236805e-04 5.717890e-03 6.443062e-03 1.910874e-02 
3.445000e+00 8.824434e-04 5.596421e-03 6.313579e-03 1.887586e-02 
3.450000e+00 8.419878e-04 5.476763e-03 6.185930e-03 1.864464e-02 
3.455000e+00 8.023332e-04 5.358900e-03 6.060102e-03 1.841512e-02 
3.460000e+00 7.634982e-04 5.242818e-03 5.936083e-03 1.818729e-02 
3.465000e+00 7.255006e-04 5.128503e-03 5.813858e-03 1.796116e-02 
3.470000e+00 6.883577e-04 5.015940e-03 5.693420e-03 1.773672e-02 
3.475000e+00 6.520857e-04 4.905114e-03 5.574723e-03 1.751397e-02 
3.480000e+00 6.167002e-04 4.796010e-03 5.457780e-03 1.729294e-02 
3.485000e+00 5.822161e-04 4.688613e-03 5.342579e-03 1.707366e-02 
3.490000e+00 5.486474e-04 4.582908e-03 5.229099e-03 1.685612e-02 
3.495000e+00 5.160073e-04 4.478881e-03 5.117360e-03 1.664033e-02 
3.500000e+00 4.843083e-04 4.376516e-03 5.007319e-03 1.642630e-02 
3.505000e+00 4.535621e-04 4.275798e-03 4.898964e-03 1.621401e-02 
3.510000e+00 4.237795e-04 4.176711e-03 4.792284e-03 1.600347e-02 
3.515000e+00 3.949707e-04 4.079241e-03 4.687236e-03 1.579468e-02 
3.520000e+00 3.671450e-04 3.983372e-03 4.583831e-03 1.558767e-02 
3.525000e+00 3.403108e-04 3.889088e-03 4.482054e-03 1.538244e-02 
3.530000e+00 3.144758e-04 3.796375e-03 4.381887e-03 1.517899e-02 
3.535000e+00 2.896470e-04 3.705216e-03 4.283343e-03 1.497732e-02 
3.540000e+00 2.658305e-04 3.615596e-03 4.186384e-03 1.477745e-02 
3.545000e+00 2.430316e-04 3.527501e-03 4.090995e-03 1.457937e-02 
3.550000e+00 2.212549e-04 3.440913e-03 3.997163e-03 1.438306e-02 
3.555000e+00 2.005042e-04 3.355819e-03 3.904874e-03 1.418853e-02 
3.560000e+00 1.807823e-04 3.272202e-03 3.814086e-03 1.399581e-02 
3.565000e+00 1.620916e-04 3.190047e-03 3.724836e-03 1.380487e-02 
3.570000e+00 1.444335e-04 3.109338e-03 3.637057e-03 1.361574e-02 
3.575000e+00 1.278086e-04 3.030060e-03 3.550783e-03 1.342840e-02 
3.580000e+00 1.122168e-04 2.952197e-03 3.465977e-03 1.324288e-02 
3.585000e+00 9.765726e-05 2.875735e-03 3.382623e-03 1.305917e-02 
3.590000e+00 8.412844e-05 2.800657e-03 3.300707e-03 1.287726e-02 
3.595000e+00 7.162797e-05 2.726949e-03 3.220218e-03 1.269712e-02 
3.600000e+00 6.015278e-05 2.654595e-03 3.141085e-03 1.251881e-02 
3.605000e+00 4.969907e-05 2.583579e-03 3.063347e-03 1.234229e-02 
3.610000e+00 4.026234e-05 2.513887e-03 2.986989e-03 1.216757e-02 
3.615000e+00 3.183737e-05 2.445503e-03 2.911994e-03 1.199463e-02 
3.620000e+00 2.441823e-05 2.378412e-03 2.838369e-03 1.182349e-02 
3.625000e+00 1.799833e-05 2.312599e-03 2.766080e-03 1.165412e-02 
3.630000e+00 1.257039e-05 2.248049e-03 2.695113e-03 1.148657e-02 
3.635000e+00 8.126457e-06 2.184746e-03 2.625455e-03 1.132077e-02 
3.640000e+00 4.657931e-06 2.122677e-03 2.557078e-03 1.115678e-02 
3.645000e+00 2.155566e-06 2.061826e-03 2.489979e-03 1.099458e-02 
3.650000e+00 6.094850e-07 2.002179e-03 2.424144e-03 1.083416e-02 
3.655000e+00 9.191936e-09 1.943719e-03 2.359556e-03 1.067550e-02 
3.660000e+00 3.435834e-07 1.886434e-03 2.296221e-03 1.051862e-02 
3.665000e+00 1.600963e-06 1.830309e-03 2.234106e-03 1.036350e-02 
3.670000e+00 3.769053e-06 1.775328e-03 2.173198e-03 1.021016e-02 
3.675000e+00 6.835011e-06 1.721478e-03 2.113482e-03 1.005857e-02 
3.680000e+00 1.078544e-05 1.668744e-03 2.054946e-03 9.908745e-03 
3.685000e+00 1.560641e-05 1.617112e-03 1.997556e-03 9.760683e-03 
3.690000e+00 2.128345e-05 1.566568e-03 1.941334e-03 9.614369e-03 
3.695000e+00 2.780161e-05 1.517098e-03 1.886232e-03 9.469799e-03 
3.700000e+00 3.514543e-05 1.468688e-03 1.832267e-03 9.326967e-03 
3.705000e+00 4.329895e-05 1.421323e-03 1.779412e-03 9.185877e-03 
3.710000e+00 5.224579e-05 1.374991e-03 1.727652e-03 9.046514e-03 
3.715000e+00 6.196910e-05 1.329677e-03 1.676974e-03 8.908850e-03 
3.720000e+00 7.245159e-05 1.285369e-03 1.627365e-03 8.772888e-03 
3.725000e+00 8.367556e-05 1.242052e-03 1.578796e-03 8.638636e-03 
3.730000e+00 9.562294e-05 1.199713e-03 1.531270e-03 8.506104e-03 
3.735000e+00 1.082752e-04 1.158339e-03 1.484773e-03 8.375260e-03 
3.740000e+00 1.216136e-04 1.117917e-03 1.439290e-03 8.246108e-03 
3.745000e+00 1.356189e-04 1.078434e-03 1.394823e-03 8.118625e-03 
3.750000e+00 1.502715e-04 1.039877e-03 1.351346e-03 7.992818e-03 
3.755000e+00 1.655517e-04 1.002233e-03 1.308846e-03 7.868694e-03 
3.760000e+00 1.814392e-04 9.654889e-04 1.267309e-03 7.746229e-03 
3.765000e+00 1.979138e-04 9.296332e-04 1.226712e-03 7.625400e-03 
3.770000e+00 2.149547e-04 8.946529e-04 1.187054e-03 7.506214e-03 
3.775000e+00 2.325409e-04 8.605356e-04 1.148322e-03 7.388670e-03 
3.780000e+00 2.506514e-04 8.272693e-04 1.110487e-03 7.272735e-03 
3.785000e+00 2.692648e-04 7.948418e-04 1.073566e-03 7.158436e-03 
3.790000e+00 2.883595e-04 7.632411e-04 1.037536e-03 7.045751e-03 
3.795000e+00 3.079138e-04 7.324554e-04 1.002383e-03 6.934661e-03 
3.800000e+00 3.279058e-04 7.024729e-04 9.680968e-04 6.825164e-03 
3.805000e+00 3.483134e-04 6.732821e-04 9.346650e-04 6.717262e-03 
3.810000e+00 3.691146e-04 6.448715e-04 9.020654e-04 6.610948e-03 
3.815000e+00 3.902870e-04 6.172296e-04 8.703078e-04 6.506191e-03 
3.820000e+00 4.118084e-04 5.903453e-04 8.393595e-04 6.403005e-03 
3.825000e+00 4.336562e-04 5.642075e-04 8.092302e-04 6.301357e-03 
3.830000e+00 4.558080e-04 5.388052e-04 7.798981e-04 6.201266e-03 
3.835000e+00 4.782414e-04 5.141274e-04 7.513522e-04 6.102712e-03 
3.840000e+00 5.009337e-04 4.901636e-04 7.235815e-04 6.005668e-03 
3.845000e+00 5.238624e-04 4.669030e-04 6.965763e-04 5.910135e-03 
3.850000e+00 5.470051e-04 4.443352e-04 6.703153e-04 5.816118e-03 
3.855000e+00 5.703391e-04 4.224498e-04 6.447973e-04 5.723586e-03 
3.860000e+00 5.938422e-04 4.012366e-04 6.200117e-04 5.632543e-03 
3.865000e+00 6.174918e-04 3.806855e-04 5.959482e-04 5.542956e-03 
3.870000e+00 6.412656e-04 3.607865e-04 5.726051e-04 5.454841e-03 
3.875000e+00 6.651415e-04 3.415298e-04 5.499634e-04 5.368186e-03 
3.880000e+00 6.890974e-04 3.229057e-04 5.280131e-04 5.282968e-03 
3.885000e+00 7.131112e-04 3.049045e-04 5.067442e-04 5.199182e-03 
3.890000e+00 7.371612e-04 2.875167e-04 4.861383e-04 5.116828e-03 
3.895000e+00 7.612257e-04 2.707331e-04 4.661944e-04 5.035904e-03 
3.900000e+00 7.852830e-04 2.545443e-04 4.469035e-04 4.956388e-03 
3.905000e+00 8.093120e-04 2.389414e-04 4.282556e-04 4.878264e-03 
3.910000e+00 8.332915e-04 2.239153e-04 4.102488e-04 4.801524e-03 
3.915000e+00 8.572006e-04 2.094571e-04 3.928661e-04 4.726148e-03 
3.920000e+00 8.810186e-04 1.955582e-04 3.760987e-04 4.652135e-03 
3.925000e+00 9.047251e-04 1.822100e-04 3.599365e-04 4.579477e-03 
3.930000e+00 9.282999e-04 1.694039e-04 3.443724e-04 4.508162e-03 
3.935000e+00 9.517230e-04 1.571316e-04 3.293893e-04 4.438180e-03 
3.940000e+00 9.749749e-04 1.453849e-04 3.149926e-04 4.369519e-03 
3.945000e+00 9.980361e-04 1.341556e-04 3.011616e-04 4.302160e-03 
3.950000e+00 1.020888e-03 1.234358e-04 2.879000e-04 4.236100e-03 
3.955000e+00 1.043511e-03 1.132176e-04 2.751929e-04 4.171332e-03 
3.960000e+00 1.065887e-03 1.034932e-04 2.630322e-04 4.107856e-03 
3.965000e+00 1.087999e-03 9.425505e-05 2.514024e-04 4.045651e-03 
3.970000e+00 1.109828e-03 8.549553e-05 2.403021e-04 3.984684e-03 
3.975000e+00 1.131357e-03 7.720728e-05 2.297189e-04 3.924958e-03 
3.980000e+00 1.152570e-03 6.938301e-05 2.196518e-04 3.866473e-03 
3.985000e+00 1.173449e-03 6.201555e-05 2.100921e-04 3.809206e-03 
3.990000e+00 1.193978e-03 5.509785e-05 2.010323e-04 3.753156e-03 
3.995000e+00 1.214143e-03 4.862296e-05 1.924702e-04 3.698297e-03 
4.000000e+00 1.233926e-03 4.258405e-05 1.843932e-04 3.644633e-03 
4.005000e+00 1.253313e-03 3.697440e-05 1.767940e-04 3.592162e-03 
4.010000e+00 1.272291e-03 3.178741e-05 1.696657e-04 3.540863e-03 
4.015000e+00 1.290843e-03 2.701658e-05 1.629952e-04 3.490729e-03 
4.020000e+00 1.308958e-03 2.265552e-05 1.567819e-04 3.441741e-03 
4.025000e+00 1.326622e-03 1.869795e-05 1.510202e-04 3.393888e-03 
4.030000e+00 1.343821e-03 1.513770e-05 1.457022e-04 3.347165e-03 
4.035000e+00 1.360544e-03 1.196870e-05 1.408255e-04 3.301554e-03 
4.040000e+00 1.376779e-03 9.184984e-06 1.363794e-04 3.257052e-03 
4.045000e+00 1.392514e-03 6.780703e-06 1.323575e-04 3.213647e-03 
4.050000e+00 1.407738e-03 4.750100e-06 1.287536e-04 3.171323e-03 
4.055000e+00 1.422442e-03 3.087523e-06 1.255615e-04 3.130073e-03 
4.060000e+00 1.436614e-03 1.787419e-06 1.227681e-04 3.089890e-03 
4.065000e+00 1.450247e-03 8.443374e-07 1.203781e-04 3.050759e-03 
4.070000e+00 1.463330e-03 2.529254e-07 1.183802e-04 3.012659e-03 
4.075000e+00 1.475855e-03 7.927828e-09 1.167739e-04 2.975588e-03 
4.080000e+00 1.487815e-03 1.041860e-07 1.155503e-04 2.939538e-03 
4.085000e+00 1.499201e-03 5.366368e-07 1.147036e-04 2.904507e-03 
4.090000e+00 1.510007e-03 1.300311e-06 1.142285e-04 2.870474e-03 
4.095000e+00 1.520227e-03 2.390334e-06 1.141179e-04 2.837432e-03 
4.100000e+00 1.529854e-03 3.801920e-06 1.143653e-04 2.805368e-03 
4.105000e+00 1.538883e-03 5.530378e-06 1.149702e-04 2.774273e-03 
4.110000e+00 1.547309e-03 7.571103e-06 1.159259e-04 2.743554e-03 
4.115000e+00 1.555127e-03 9.919581e-06 1.172272e-04 2.712312e-03 
4.120000e+00 1.562334e-03 1.257138e-05 1.188719e-04 2.681141e-03 
4.125000e+00 1.568927e-03 1.552217e-05 1.208525e-04 2.650250e-03 
4.130000e+00 1.574901e-03 1.876769e-05 1.231643e-04 2.619726e-03 
4.135000e+00 1.580256e-03 2.230376e-05 1.258025e-04 2.589656e-03 
4.140000e+00 1.584988e-03 2.612629e-05 1.287585e-04 2.560029e-03 
4.145000e+00 1.589097e-03 3.023128e-05 1.320319e-04 2.530933e-03 
4.150000e+00 1.592581e-03 3.461479e-05 1.356204e-04 2.502252e-03 
4.155000e+00 1.595440e-03 3.927298e-05 1.395175e-04 2.474083e-03 
4.160000e+00 1.597674e-03 4.420207e-05 1.437198e-04 2.446403e-03 
4.165000e+00 1.599284e-03 4.939838e-05 1.482224e-04 2.419199e-03 
4.170000e+00 1.600271e-03 5.485827e-05 1.530212e-04 2.392572e-03 
4.175000e+00 1.600635e-03 6.057820e-05 1.581122e-04 2.366407e-03 
4.180000e+00 1.600380e-03 6.655469e-05 1.634915e-04 2.340803e-03 
4.185000e+00 1.599507e-03 7.278435e-05 1.691515e-04 2.315744e-03 
4.190000e+00 1.598019e-03 7.926385e-05 1.750936e-04 2.291112e-03 
4.195000e+00 1.595921e-03 8.598991e-05 1.813132e-04 2.267003e-03 
4.200000e+00 1.593214e-03 9.295935e-05 1.878074e-04 2.243403e-03 
4.205000e+00 1.589904e-03 1.001690e-04 1.945712e-04 2.220294e-03 
4.210000e+00 1.585996e-03 1.076159e-04 2.016010e-04 2.197675e-03 
4.215000e+00 1.581494e-03 1.152970e-04 2.088933e-04 2.175526e-03 
4.220000e+00 1.576404e-03 1.232093e-04 2.164427e-04 2.153841e-03 
4.225000e+00 1.570732e-03 1.313499e-04 2.242468e-04 2.132717e-03 
4.230000e+00 1.564484e-03 1.397162e-04 2.323067e-04 2.112035e-03 
4.235000e+00 1.557668e-03 1.483052e-04 2.406150e-04 2.091780e-03 
4.240000e+00 1.550289e-03 1.571144e-04 2.491696e-04 2.071945e-03 
4.245000e+00 1.542356e-03 1.661411e-04 2.579682e-04 2.052627e-03 
4.250000e+00 1.533877e-03 1.753826e-04 2.670068e-04 2.033704e-03 
4.255000e+00 1.524860e-03 1.848365e-04 2.762825e-04 2.015283e-03 
4.260000e+00 1.515313e-03 1.945003e-04 2.857924e-04 1.997246e-03 
4.265000e+00 1.505246e-03 2.043716e-04 2.955312e-04 1.979694e-03 
4.270000e+00 1.494668e-03 2.144480e-04 3.054940e-04 1.962506e-03 
4.275000e+00 1.483588e-03 2.247271e-04 3.156848e-04 1.945778e-03 
4.280000e+00 1.472017e-03 2.352067e-04 3.260992e-04 1.929392e-03 
4.285000e+00 1.459964e-03 2.458847e-04 3.367338e-04 1.913443e-03 
4.290000e+00 1.447441e-03 2.567587e-04 3.475861e-04 1.897928e-03 
4.295000e+00 1.434459e-03 2.678267e-04 3.586536e-04 1.882729e-03 
4.300000e+00 1.421028e-03 2.790865e-04 3.699336e-04 1.867942e-03 
4.305000e+00 1.407159e-03 2.905362e-04 3.814238e-04 1.853558e-03 
4.310000e+00 1.392866e-03 3.021737e-04 3.931192e-04 1.839570e-03 
4.315000e+00 1.378159e-03 3.139971e-04 4.050223e-04 1.825861e-03 
4.320000e+00 1.363051e-03 3.260043e-04 4.171283e-04 1.812532e-03 
4.325000e+00 1.347554e-03 3.381937e-04 4.294352e-04 1.799572e-03 
4.330000e+00 1.331681e-03 3.505632e-04 4.419403e-04 1.786972e-03 
4.335000e+00 1.315445e-03 3.631110e-04 4.546417e-04 1.774730e-03 
4.340000e+00 1.298859e-03 3.758355e-04 4.675370e-04 1.762832e-03 
4.345000e+00 1.281936e-03 3.887349e-04 4.806216e-04 1.751160e-03 
4.350000e+00 1.264689e-03 4.018073e-04 4.938960e-04 1.739814e-03 
4.355000e+00 1.247133e-03 4.150512e-04 5.073625e-04 1.728790e-03 
4.360000e+00 1.229280e-03 4.284649e-04 5.210145e-04 1.718075e-03 
4.365000e+00 1.211145e-03 4.420468e-04 5.348502e-04 1.707666e-03 
4.370000e+00 1.192741e-03 4.557953e-04 5.488674e-04 1.697549e-03 
4.375000e+00 1.174083e-03 4.697088e-04 5.630643e-04 1.687722e-03 
4.380000e+00 1.155185e-03 4.837857e-04 5.774390e-04 1.678176e-03 
4.385000e+00 1.136062e-03 4.980247e-04 5.919894e-04 1.668904e-03 
4.390000e+00 1.116727e-03 5.124240e-04 6.067111e-04 1.659899e-03 
4.395000e+00 1.097195e-03 5.269824e-04 6.216053e-04 1.651154e-03 
4.400000e+00 1.077481e-03 5.416984e-04 6.366726e-04 1.642661e-03 
4.405000e+00 1.057599e-03 5.565704e-04 6.519077e-04 1.634524e-03 
4.410000e+00 1.037564e-03 5.715972e-04 6.673095e-04 1.626622e-03 
4.415000e+00 1.017390e-03 5.867773e-04 6.828762e-04 1.618949e-03 
4.420000e+00 9.970927e-04 6.021094e-04 6.986060e-04 1.611499e-03 
4.425000e+00 9.766858e-04 6.175921e-04 7.144973e-04 1.604267e-03 
4.430000e+00 9.561843e-04 6.332241e-04 7.305491e-04 1.597246e-03 
4.435000e+00 9.356029e-04 6.490040e-04 7.467554e-04 1.590427e-03 
4.440000e+00 9.149560e-04 6.649305e-04 7.631217e-04 1.583916e-03 
4.445000e+00 8.942582e-04 6.810025e-04 7.796427e-04 1.577596e-03 
4.450000e+00 8.735241e-04 6.972184e-04 7.963160e-04 1.571461e-03 
4.455000e+00 8.527680e-04 7.135772e-04 8.131407e-04 1.565503e-03 
4.460000e+00 8.320044e-04 7.300775e-04 8.301153e-04 1.559715e-03 
4.465000e+00 8.112475e-04 7.467181e-04 8.472382e-04 1.554201e-03 
4.470000e+00 7.905115e-04 7.634978e-04 8.645048e-04 1.548847e-03 
4.475000e+00 7.698104e-04 7.804153e-04 8.819176e-04 1.543645e-03 
4.480000e+00 7.491584e-04 7.974693e-04 8.994768e-04 1.538588e-03 
4.485000e+00 7.285691e-04 8.146587e-04 9.171768e-04 1.533782e-03 
4.490000e+00 7.080564e-04 8.319822e-04 9.350119e-04 1.529110e-03 
4.495000e+00 6.876337e-04 8.494386e-04 9.529859e-04 1.524563e-03 
4.500000e+00 6.673145e-04 8.670268e-04 9.710971e-04 1.520251e-03 
4.505000e+00 6.471122e-04 8.847454e-04 9.893441e-04 1.516057e-03 
4.510000e+00 6.270396e-04 9.025934e-04 1.007725e-03 1.511972e-03 
4.515000e+00 6.071099e-04 9.205694e-04 1.026236e-03 1.508106e-03 
4.520000e+00 5.873356e-04 9.386723e-04 1.044880e-03 1.504343e-03 
4.525000e+00 5.677294e-04 9.569009e-04 1.063656e-03 1.500674e-03 
4.530000e+00 5.483035e-04 9.752539e-04 1.082558e-03 1.497208e-03 
4.535000e+00 5.290701e-04 9.937302e-04 1.101588e-03 1.493826e-03 
4.540000e+00 5.100411e-04 1.012329e-03 1.120742e-03 1.490523e-03 
4.545000e+00 4.912280e-04 1.031048e-03 1.140020e-03 1.487408e-03 
4.550000e+00 4.726425e-04 1.049886e-03 1.159420e-03 1.484363e-03 
4.555000e+00 4.542956e-04 1.068843e-03 1.178945e-03 1.481496e-03 
4.560000e+00 4.361983e-04 1.087918e-03 1.198585e-03 1.478689e-03 
4.565000e+00 4.183613e-04 1.107108e-03 1.218347e-03 1.476049e-03 
4.570000e+00 4.007950e-04 1.126412e-03 1.238226e-03 1.473459e-03 
4.575000e+00 3.835096e-04 1.145830e-03 1.258217e-03 1.470913e-03 
4.580000e+00 3.665149e-04 1.165361e-03 1.278321e-03 1.468521e-03 
4.585000e+00 3.498206e-04 1.185001e-03 1.298536e-03 1.466164e-03 
4.590000e+00 3.334360e-04 1.204752e-03 1.318861e-03 1.463952e-03 
4.595000e+00 3.173702e-04 1.224611e-03 1.339291e-03 1.461769e-03 
4.600000e+00 3.016317e-04 1.244576e-03 1.359829e-03 1.459722e-03 
4.605000e+00 2.862292e-04 1.264648e-03 1.380475e-03 1.457694e-03 
4.610000e+00 2.711708e-04 1.284823e-03 1.401222e-03 1.455794e-03 
4.615000e+00 2.564642e-04 1.305101e-03 1.422072e-03 1.453905e-03 
4.620000e+00 2.421170e-04 1.325481e-03 1.443021e-03 1.452135e-03 
4.625000e+00 2.281363e-04 1.345961e-03 1.464069e-03 1.450368e-03 
4.630000e+00 2.145291e-04 1.366540e-03 1.485213e-03 1.448711e-03 
4.635000e+00 2.013020e-04 1.387216e-03 1.506453e-03 1.447048e-03 
4.640000e+00 1.884610e-04 1.407988e-03 1.527783e-03 1.445488e-03 
4.645000e+00 1.760122e-04 1.428855e-03 1.549207e-03 1.444028e-03 
4.650000e+00 1.639612e-04 1.449815e-03 1.570724e-03 1.442550e-03 
4.655000e+00 1.523131e-04 1.470866e-03 1.592327e-03 1.441165e-03 
4.660000e+00 1.410728e-04 1.492007e-03 1.614016e-03 1.439754e-03 
4.665000e+00 1.302450e-04 1.513237e-03 1.635791e-03 1.438430e-03 
4.670000e+00 1.198339e-04 1.534554e-03 1.657649e-03 1.437073e-03 
4.675000e+00 1.098433e-04 1.555956e-03 1.679588e-03 1.435794e-03 
4.680000e+00 1.002768e-04 1.577442e-03 1.701606e-03 1.434590e-03 
4.685000e+00 9.113772e-05 1.599010e-03 1.723699e-03 1.433345e-03 
4.690000e+00 8.242881e-05 1.620659e-03 1.745873e-03 1.432169e-03 
4.695000e+00 7.415264e-05 1.642387e-03 1.768121e-03 1.430943e-03 
4.700000e+00 6.631141e-05 1.664193e-03 1.790439e-03 1.429779e-03 
4.705000e+00 5.890698e-05 1.686074e-03 1.812827e-03 1.428674e-03 
4.710000e+00 5.194086e-05 1.708029e-03 1.835284e-03 1.427511e-03 
4.715000e+00 4.541424e-05 1.730056e-03 1.857801e-03 1.426399e-03 
4.720000e+00 3.932796e-05 1.752154e-03 1.880382e-03 1.425339e-03 
4.725000e+00 3.368252e-05 1.774321e-03 1.903025e-03 1.424209e-03 
4.730000e+00 2.847811e-05 1.796554e-03 1.925732e-03 1.423122e-03 
4.735000e+00 2.371456e-05 1.818853e-03 1.948495e-03 1.422076e-03 
4.740000e+00 1.939139e-05 1.841215e-03 1.971314e-03 1.420953e-03 
4.745000e+00 1.550780e-05 1.863639e-03 1.994188e-03 1.419865e-03 
4.750000e+00 1.206263e-05 1.886122e-03 2.017114e-03 1.418808e-03 
4.755000e+00 9.054448e-06 1.908662e-03 2.033315e-03 1.417781e-03 
4.760000e+00 6.481462e-06 1.931258e-03 2.045529e-03 1.416666e-03 
4.765000e+00 4.341586e-06 1.953908e-03 2.055325e-03 1.415576e-03 
4.770000e+00 2.632419e-06 1.976610e-03 2.062681e-03 1.414508e-03 
4.775000e+00 1.351251e-06 1.999362e-03 2.068372e-03 1.413345e-03 
4.780000e+00 4.950690e-07 2.022161e-03 2.072384e-03 1.412197e-03 
4.785000e+00 6.056088e-08 2.045006e-03 2.074706e-03 1.411062e-03 
4.790000e+00 4.411872e-08 2.067894e-03 2.075323e-03 1.409940e-03 
4.795000e+00 4.418441e-07 2.090824e-03 2.075020e-03 1.408710e-03 
4.800000e+00 1.249553e-06 2.113793e-03 2.073790e-03 1.407487e-03 
4.805000e+00 2.462779e-06 2.136799e-03 2.070829e-03 1.406268e-03 
4.810000e+00 4.076783e-06 2.159840e-03 2.066919e-03 1.405053e-03 
4.815000e+00 6.086551e-06 2.182913e-03 2.062057e-03 1.403721e-03 
4.820000e+00 8.486806e-06 2.206017e-03 2.056230e-03 1.402385e-03 
4.825000e+00 1.127201e-05 2.229150e-03 2.049433e-03 1.401045e-03 
4.830000e+00 1.443638e-05 2.252308e-03 2.041659e-03 1.399698e-03 
4.835000e+00 1.797387e-05 2.275489e-03 2.032902e-03 1.398343e-03 
4.840000e+00 2.187820e-05 2.298692e-03 2.023153e-03 1.396861e-03 
4.845000e+00 2.614285e-05 2.321914e-03 2.012406e-03 1.395366e-03 
4.850000e+00 3.076109e-05 2.345152e-03 2.000656e-03 1.393856e-03 
4.855000e+00 3.572594e-05 2.368404e-03 1.988691e-03 1.392328e-03 
4.860000e+00 4.103021e-05 2.391668e-03 1.975709e-03 1.390781e-03 
4.865000e+00 4.666652e-05 2.414941e-03 1.961707e-03 1.389213e-03 
4.870000e+00 5.262726e-05 2.438220e-03 1.946677e-03 1.387506e-03 
4.875000e+00 5.890465e-05 2.461504e-03 1.931409e-03 1.385775e-03 
4.880000e+00 6.549071e-05 2.484789e-03 1.915106e-03 1.384016e-03 
4.885000e+00 7.237726e-05 2.508073e-03 1.898556e-03 1.382230e-03 
4.890000e+00 7.955598e-05 2.531353e-03 1.880957e-03 1.380413e-03 
4.895000e+00 8.701837e-05 2.554627e-03 1.863108e-03 1.378564e-03 
4.900000e+00 9.475575e-05 2.577892e-03 1.844200e-03 1.376683e-03 
4.905000e+00 1.027593e-04 2.601146e-03 1.825029e-03 1.374767e-03 
4.910000e+00 1.110201e-04 2.624385e-03 1.804792e-03 1.372698e-03 
4.915000e+00 1.195290e-04 2.647608e-03 1.784286e-03 1.370589e-03 
4.920000e+00 1.282769e-04 2.670810e-03 1.763509e-03 1.368439e-03 
4.925000e+00 1.372542e-04 2.693990e-03 1.741659e-03 1.366247e-03 
4.930000e+00 1.464517e-04 2.717145e-03 1.719532e-03 1.364011e-03 
4.935000e+00 1.558598e-04 2.740272e-03 1.697126e-03 1.361730e-03 
4.940000e+00 1.654687e-04 2.763368e-03 1.673640e-03 1.359404e-03 
4.945000e+00 1.752687e-04 2.786431e-03 1.649866e-03 1.357030e-03 
4.950000e+00 1.852500e-04 2.809456e-03 1.625805e-03 1.354607e-03 
4.955000e+00 1.954026e-04 2.832443e-03 1.601457e-03 1.352132e-03 
4.960000e+00 2.057167e-04 2.855387e-03 1.576820e-03 1.349604e-03 
4.965000e+00 2.161821e-04 2.878285e-03 1.551092e-03 1.347023e-03 
4.970000e+00 2.267888e-04 2.901136e-03 1.525075e-03 1.344386e-03 
4.975000e+00 2.375267e-04 2.923935e-03 1.498765e-03 1.341693e-03 
4.980000e+00 2.483855e-04 2.946680e-03 1.472159e-03 1.338826e-03 
4.985000e+00 2.593552e-04 2.969368e-03 1.445253e-03 1.335900e-03 
4.990000e+00 2.704254e-04 2.991997e-03 1.418049e-03 1.332916e-03 
4.995000e+00 2.815861e-04 3.014561e-03 1.390548e-03 1.329868e-03 
5.000000e+00 2.928269e-04 3.037060e-03 1.362748e-03 1.326759e-03 
5.005000e+00 3.041376e-04 3.059490e-03 1.334649e-03 1.323585e-03 
5.010000e+00 3.155081e-04 3.081847e-03 1.306251e-03 1.320345e-03 
5.015000e+00 3.269281e-04 3.104129e-03 1.277553e-03 1.317039e-03 
5.020000e+00 3.383875e-04 3.126332e-03 1.248559e-03 1.313664e-03 
5.025000e+00 3.498761e-04 3.148454e-03 1.219263e-03 1.310219e-03 
5.030000e+00 3.613840e-04 3.170491e-03 1.189665e-03 1.306705e-03 
5.035000e+00 3.729010e-04 3.192441e-03 1.159765e-03 1.303234e-03 
5.040000e+00 3.844172e-04 3.214299e-03 1.129564e-03 1.299692e-03 
5.045000e+00 3.959227e-04 3.236063e-03 1.099062e-03 1.296077e-03 
5.050000e+00 4.074076e-04 3.257731e-03 1.069061e-03 1.292388e-03 
5.055000e+00 4.188622e-04 3.279297e-03 1.038764e-03 1.288623e-03 
5.060000e+00 4.302768e-04 3.300761e-03 1.008171e-03 1.284781e-03 
5.065000e+00 4.416418e-04 3.322117e-03 9.772850e-04 1.280863e-03 
5.070000e+00 4.529477e-04 3.343364e-03 9.460996e-04 1.276866e-03 
5.075000e+00 4.641852e-04 3.364497e-03 9.154209e-04 1.272789e-03 
5.080000e+00 4.753450e-04 3.385514e-03 8.844515e-04 1.268632e-03 
5.085000e+00 4.864179e-04 3.406412e-03 8.531916e-04 1.264394e-03 
5.090000e+00 4.973949e-04 3.427187e-03 8.224441e-04 1.260074e-03 
5.095000e+00 5.082671e-04 3.447836e-03 7.914119e-04 1.255671e-03 
5.100000e+00 5.190258e-04 3.468356e-03 7.600980e-04 1.251184e-03 
5.105000e+00 5.296623e-04 3.488743e-03 7.293026e-04 1.246728e-03 
5.110000e+00 5.401682e-04 3.508996e-03 6.982255e-04 1.242186e-03 
5.115000e+00 5.505351e-04 3.529109e-03 6.676729e-04 1.237558e-03 
5.120000e+00 5.607550e-04 3.549081e-03 6.368478e-04 1.232842e-03 
5.125000e+00 5.708197e-04 3.568907e-03 6.065532e-04 1.228037e-03 
5.130000e+00 5.807215e-04 3.588585e-03 5.759923e-04 1.223144e-03 
5.135000e+00 5.904528e-04 3.608112e-03 5.459624e-04 1.218160e-03 
5.140000e+00 6.000060e-04 3.627483e-03 5.156725e-04 1.213086e-03 
5.145000e+00 6.093739e-04 3.646697e-03 4.859229e-04 1.208037e-03 
5.150000e+00 6.185493e-04 3.665750e-03 4.567168e-04 1.202896e-03 
5.155000e+00 6.275254e-04 3.684639e-03 4.280573e-04 1.197663e-03 
5.160000e+00 6.362955e-04 3.703360e-03 3.991562e-04 1.192337e-03 
5.165000e+00 6.448529e-04 3.721911e-03 3.708112e-04 1.186917e-03 
5.170000e+00 6.531916e-04 3.740288e-03 3.430283e-04 1.181401e-03 
5.175000e+00 6.613052e-04 3.758488e-03 3.158138e-04 1.175905e-03 
5.180000e+00 6.691880e-04 3.776508e-03 2.891737e-04 1.170314e-03 
5.185000e+00 6.768342e-04 3.794346e-03 2.631143e-04 1.164626e-03 
5.190000e+00 6.842385e-04 3.811997e-03 2.376447e-04 1.158841e-03 
5.195000e+00 6.913955e-04 3.829459e-03 2.127652e-04 1.152958e-03 
5.200000e+00 6.983002e-04 3.846728e-03 1.884848e-04 1.147092e-03 
