f            Pxx          
1.525879e+00 1.183758e-09 
2.288818e+00 1.177406e-09 
3.051758e+00 1.149183e-09 
3.814697e+00 1.145524e-09 
4.577637e+00 1.197605e-09 
5.340576e+00 1.149196e-09 
6.103516e+00 1.093568e-09 
6.866455e+00 1.126498e-09 
7.629395e+00 1.047258e-09 
8.392334e+00 1.048208e-09 
9.155273e+00 1.137159e-09 
9.918213e+00 1.112123e-09 
1.068115e+01 1.071131e-09 
1.144409e+01 1.112916e-09 
1.220703e+01 1.212318e-09 
1.296997e+01 1.117013e-09 
1.373291e+01 1.219745e-09 
1.449585e+01 1.049399e-09 
1.525879e+01 1.142793e-09 
1.602173e+01 1.143131e-09 
1.678467e+01 1.080568e-09 
1.754761e+01 1.028706e-09 
1.831055e+01 1.058358e-09 
1.907349e+01 1.147590e-09 
1.983643e+01 1.172411e-09 
2.059937e+01 1.110104e-09 
2.136230e+01 9.494085e-10 
2.212524e+01 1.055717e-09 
2.288818e+01 9.464829e-10 
2.365112e+01 1.061525e-09 
2.441406e+01 1.071857e-09 
2.517700e+01 1.084361e-09 
2.593994e+01 9.938532e-10 
2.670288e+01 1.126335e-09 
2.746582e+01 9.917066e-10 
2.822876e+01 9.387713e-10 
2.899170e+01 1.023636e-09 
2.975464e+01 1.052985e-09 
3.051758e+01 1.067618e-09 
3.128052e+01 1.048970e-09 
3.204346e+01 1.114954e-09 
3.280640e+01 1.072077e-09 
3.356934e+01 1.083356e-09 
3.433228e+01 1.093876e-09 
3.509521e+01 1.061698e-09 
3.585815e+01 9.994887e-10 
3.662109e+01 9.584245e-10 
3.738403e+01 9.619000e-10 
3.814697e+01 1.068263e-09 
3.890991e+01 1.038777e-09 
3.967285e+01 1.018601e-09 
4.043579e+01 9.603036e-10 
4.119873e+01 1.053835e-09 
4.196167e+01 9.650941e-10 
4.272461e+01 9.929414e-10 
4.348755e+01 1.041067e-09 
4.425049e+01 1.008034e-09 
4.501343e+01 1.087911e-09 
4.577637e+01 1.020923e-09 
4.653931e+01 9.835308e-10 
4.730225e+01 1.024014e-09 
4.806519e+01 1.062281e-09 
4.882813e+01 1.125097e-09 
4.959106e+01 1.054789e-09 
5.035400e+01 1.017301e-09 
5.111694e+01 9.687894e-10 
5.187988e+01 1.054936e-09 
5.264282e+01 1.099602e-09 
5.340576e+01 9.947843e-10 
5.416870e+01 9.315708e-10 
5.493164e+01 9.452106e-10 
5.569458e+01 9.819929e-10 
5.645752e+01 1.018850e-09 
5.722046e+01 1.042224e-09 
5.798340e+01 1.006970e-09 
5.874634e+01 9.700077e-10 
5.950928e+01 1.012558e-09 
6.027222e+01 9.862814e-10 
6.103516e+01 9.898077e-10 
6.179810e+01 9.509639e-10 
6.256104e+01 1.017648e-09 
6.332397e+01 1.066385e-09 
6.408691e+01 9.133367e-10 
6.484985e+01 9.783821e-10 
6.561279e+01 9.176449e-10 
6.637573e+01 9.025772e-10 
6.713867e+01 9.998044e-10 
6.790161e+01 9.536607e-10 
6.866455e+01 9.413183e-10 
6.942749e+01 8.881923e-10 
7.019043e+01 9.033041e-10 
7.095337e+01 9.666227e-10 
7.171631e+01 9.053590e-10 
7.247925e+01 8.334531e-10 
7.324219e+01 8.233832e-10 
7.400513e+01 8.689006e-10 
7.476807e+01 8.832145e-10 
7.553101e+01 1.005618e-09 
7.629395e+01 1.006756e-09 
7.705688e+01 9.191919e-10 
7.781982e+01 8.959298e-10 
7.858276e+01 8.940402e-10 
7.934570e+01 9.893172e-10 
8.010864e+01 8.723311e-10 
8.087158e+01 8.683505e-10 
8.163452e+01 9.421333e-10 
8.239746e+01 9.607702e-10 
8.316040e+01 1.000322e-09 
8.392334e+01 9.012799e-10 
8.468628e+01 8.555975e-10 
8.544922e+01 8.592326e-10 
8.621216e+01 8.530595e-10 
8.697510e+01 8.681512e-10 
8.773804e+01 9.509691e-10 
8.850098e+01 1.034116e-09 
8.926392e+01 8.640935e-10 
9.002686e+01 8.790525e-10 
9.078979e+01 8.701282e-10 
9.155273e+01 8.998503e-10 
9.231567e+01 8.869929e-10 
9.307861e+01 8.289949e-10 
9.384155e+01 8.071394e-10 
9.460449e+01 8.669266e-10 
9.536743e+01 8.023268e-10 
9.613037e+01 8.141357e-10 
9.689331e+01 9.006485e-10 
9.765625e+01 8.592867e-10 
9.841919e+01 7.888507e-10 
9.918213e+01 7.912951e-10 
9.994507e+01 8.698606e-10 
1.007080e+02 9.133540e-10 
1.014709e+02 8.373360e-10 
1.022339e+02 8.156092e-10 
1.029968e+02 8.592073e-10 
1.037598e+02 9.132095e-10 
1.045227e+02 9.497710e-10 
1.052856e+02 9.205327e-10 
1.060486e+02 7.414499e-10 
1.068115e+02 8.777548e-10 
1.075745e+02 8.309987e-10 
1.083374e+02 7.572819e-10 
1.091003e+02 8.164211e-10 
1.098633e+02 7.346940e-10 
1.106262e+02 7.482661e-10 
1.113892e+02 7.358444e-10 
1.121521e+02 8.137692e-10 
1.129150e+02 8.417407e-10 
1.136780e+02 9.077207e-10 
1.144409e+02 8.382667e-10 
1.152039e+02 7.823123e-10 
1.159668e+02 7.823924e-10 
1.167297e+02 8.151133e-10 
1.174927e+02 8.280447e-10 
1.182556e+02 9.745112e-10 
1.190186e+02 9.140040e-10 
1.197815e+02 8.508685e-10 
1.205444e+02 7.951435e-10 
1.213074e+02 7.363482e-10 
1.220703e+02 7.524683e-10 
1.228333e+02 7.663660e-10 
1.235962e+02 8.018243e-10 
1.243591e+02 7.810924e-10 
1.251221e+02 8.078370e-10 
1.258850e+02 7.980830e-10 
1.266479e+02 7.169511e-10 
1.274109e+02 7.809896e-10 
1.281738e+02 8.312023e-10 
1.289368e+02 8.576333e-10 
1.296997e+02 7.379647e-10 
1.304626e+02 7.453755e-10 
1.312256e+02 7.347319e-10 
1.319885e+02 8.174620e-10 
1.327515e+02 7.845071e-10 
1.335144e+02 7.612770e-10 
1.342773e+02 8.122673e-10 
1.350403e+02 7.227996e-10 
1.358032e+02 6.966909e-10 
1.365662e+02 7.842985e-10 
1.373291e+02 8.036807e-10 
1.380920e+02 7.836843e-10 
1.388550e+02 7.315924e-10 
1.396179e+02 7.356480e-10 
1.403809e+02 7.947888e-10 
1.411438e+02 8.589791e-10 
1.419067e+02 7.485826e-10 
1.426697e+02 6.883640e-10 
1.434326e+02 7.885832e-10 
1.441956e+02 7.816390e-10 
1.449585e+02 7.333883e-10 
1.457214e+02 7.785161e-10 
1.464844e+02 7.672727e-10 
1.472473e+02 7.613814e-10 
1.480103e+02 7.573424e-10 
1.487732e+02 8.926725e-10 
1.495361e+02 7.927111e-10 
1.502991e+02 7.001512e-10 
1.510620e+02 7.677121e-10 
1.518250e+02 7.811746e-10 
1.525879e+02 7.849277e-10 
1.533508e+02 7.371515e-10 
1.541138e+02 8.151369e-10 
1.548767e+02 8.220028e-10 
1.556396e+02 7.761872e-10 
1.564026e+02 7.983011e-10 
1.571655e+02 7.178472e-10 
1.579285e+02 7.551767e-10 
1.586914e+02 7.319689e-10 
1.594543e+02 7.302231e-10 
1.602173e+02 7.344513e-10 
1.609802e+02 7.133508e-10 
1.617432e+02 7.467383e-10 
1.625061e+02 7.855097e-10 
1.632690e+02 7.818149e-10 
1.640320e+02 7.005203e-10 
1.647949e+02 7.364830e-10 
1.655579e+02 7.122428e-10 
1.663208e+02 8.054743e-10 
1.670837e+02 8.096956e-10 
1.678467e+02 8.076410e-10 
1.686096e+02 7.710721e-10 
1.693726e+02 7.375550e-10 
1.701355e+02 7.050794e-10 
1.708984e+02 6.204036e-10 
1.716614e+02 6.659689e-10 
1.724243e+02 7.812480e-10 
1.731873e+02 7.969417e-10 
1.739502e+02 7.592196e-10 
1.747131e+02 6.606214e-10 
1.754761e+02 6.591616e-10 
1.762390e+02 6.605435e-10 
1.770020e+02 7.063843e-10 
1.777649e+02 6.860511e-10 
1.785278e+02 7.234754e-10 
1.792908e+02 7.380077e-10 
1.800537e+02 6.948864e-10 
1.808167e+02 7.280541e-10 
1.815796e+02 7.196380e-10 
1.823425e+02 7.210016e-10 
1.831055e+02 7.355099e-10 
1.838684e+02 7.339027e-10 
1.846313e+02 7.058183e-10 
1.853943e+02 6.536085e-10 
1.861572e+02 6.066239e-10 
1.869202e+02 6.694758e-10 
1.876831e+02 6.539169e-10 
1.884460e+02 7.019643e-10 
1.892090e+02 7.204013e-10 
1.899719e+02 7.693646e-10 
1.907349e+02 7.538361e-10 
1.914978e+02 6.897505e-10 
1.922607e+02 6.791580e-10 
1.930237e+02 6.573718e-10 
1.937866e+02 6.617468e-10 
1.945496e+02 6.710893e-10 
1.953125e+02 7.222483e-10 
1.960754e+02 6.918230e-10 
1.968384e+02 7.643858e-10 
1.976013e+02 7.783343e-10 
1.983643e+02 7.079569e-10 
1.991272e+02 6.352602e-10 
1.998901e+02 7.186602e-10 
2.006531e+02 7.194498e-10 
2.014160e+02 7.327591e-10 
2.021790e+02 6.698739e-10 
2.029419e+02 7.036766e-10 
2.037048e+02 6.774793e-10 
2.044678e+02 7.443602e-10 
2.052307e+02 7.489574e-10 
2.059937e+02 7.264938e-10 
2.067566e+02 6.344738e-10 
2.075195e+02 6.557381e-10 
2.082825e+02 6.444905e-10 
2.090454e+02 6.930017e-10 
2.098083e+02 7.447654e-10 
2.105713e+02 7.576260e-10 
2.113342e+02 7.898147e-10 
2.120972e+02 7.836672e-10 
2.128601e+02 7.279744e-10 
2.136230e+02 7.177208e-10 
2.143860e+02 6.820587e-10 
2.151489e+02 7.216450e-10 
2.159119e+02 6.904469e-10 
2.166748e+02 7.242751e-10 
2.174377e+02 7.929833e-10 
2.182007e+02 7.228360e-10 
2.189636e+02 7.024096e-10 
2.197266e+02 6.840935e-10 
2.204895e+02 7.561706e-10 
2.212524e+02 7.142953e-10 
2.220154e+02 7.168497e-10 
2.227783e+02 7.424842e-10 
2.235413e+02 8.155121e-10 
2.243042e+02 7.947387e-10 
2.250671e+02 6.435511e-10 
2.258301e+02 6.876767e-10 
2.265930e+02 7.083720e-10 
2.273560e+02 6.757084e-10 
2.281189e+02 7.206139e-10 
2.288818e+02 6.807894e-10 
2.296448e+02 7.459033e-10 
2.304077e+02 7.586922e-10 
2.311707e+02 7.185404e-10 
2.319336e+02 7.102937e-10 
2.326965e+02 7.227622e-10 
2.334595e+02 6.631354e-10 
2.342224e+02 6.263053e-10 
2.349854e+02 6.823171e-10 
2.357483e+02 6.414300e-10 
2.365112e+02 6.995836e-10 
2.372742e+02 7.606163e-10 
2.380371e+02 7.627368e-10 
2.388000e+02 6.934744e-10 
2.395630e+02 6.806423e-10 
2.403259e+02 6.019703e-10 
2.410889e+02 6.750320e-10 
2.418518e+02 6.935266e-10 
2.426147e+02 7.152249e-10 
2.433777e+02 7.251333e-10 
2.441406e+02 6.787935e-10 
2.449036e+02 6.432116e-10 
2.456665e+02 6.076257e-10 
2.464294e+02 5.483775e-10 
2.471924e+02 6.082619e-10 
2.479553e+02 6.172188e-10 
2.487183e+02 6.351671e-10 
2.494812e+02 7.667601e-10 
2.502441e+02 6.782818e-10 
2.510071e+02 6.588590e-10 
2.517700e+02 6.524983e-10 
2.525330e+02 6.228331e-10 
2.532959e+02 6.313555e-10 
2.540588e+02 6.220633e-10 
2.548218e+02 6.460078e-10 
2.555847e+02 6.060914e-10 
2.563477e+02 6.561099e-10 
2.571106e+02 6.620266e-10 
2.578735e+02 6.972644e-10 
2.586365e+02 7.047629e-10 
2.593994e+02 6.604775e-10 
2.601624e+02 6.780615e-10 
2.609253e+02 6.688300e-10 
2.616882e+02 7.020302e-10 
2.624512e+02 6.391570e-10 
2.632141e+02 6.243539e-10 
2.639771e+02 6.341108e-10 
2.647400e+02 6.714685e-10 
2.655029e+02 6.560652e-10 
2.662659e+02 7.108064e-10 
2.670288e+02 7.668995e-10 
2.677917e+02 6.896370e-10 
2.685547e+02 7.543032e-10 
2.693176e+02 7.058679e-10 
2.700806e+02 5.723262e-10 
2.708435e+02 5.674431e-10 
2.716064e+02 6.133022e-10 
2.723694e+02 6.901108e-10 
2.731323e+02 7.712390e-10 
2.738953e+02 7.016300e-10 
2.746582e+02 6.583279e-10 
2.754211e+02 6.639427e-10 
2.761841e+02 5.813704e-10 
2.769470e+02 6.218621e-10 
2.777100e+02 6.070201e-10 
2.784729e+02 6.415994e-10 
2.792358e+02 7.612312e-10 
2.799988e+02 7.242947e-10 
2.807617e+02 6.634724e-10 
2.815247e+02 6.583683e-10 
2.822876e+02 6.885508e-10 
2.830505e+02 6.426749e-10 
2.838135e+02 6.645876e-10 
2.845764e+02 5.793768e-10 
2.853394e+02 7.155778e-10 
2.861023e+02 7.187248e-10 
2.868652e+02 7.442575e-10 
2.876282e+02 7.401106e-10 
2.883911e+02 6.045300e-10 
2.891541e+02 5.516935e-10 
2.899170e+02 5.939014e-10 
2.906799e+02 6.026442e-10 
2.914429e+02 5.773591e-10 
2.922058e+02 6.136497e-10 
2.929688e+02 7.329904e-10 
2.937317e+02 6.695971e-10 
2.944946e+02 6.426877e-10 
2.952576e+02 6.814159e-10 
2.960205e+02 7.378934e-10 
2.967834e+02 6.450658e-10 
2.975464e+02 6.155303e-10 
2.983093e+02 6.398173e-10 
2.990723e+02 6.676125e-10 
2.998352e+02 6.522394e-10 
3.005981e+02 6.902578e-10 
3.013611e+02 7.242310e-10 
3.021240e+02 6.590510e-10 
3.028870e+02 6.923075e-10 
3.036499e+02 6.085855e-10 
3.044128e+02 6.697881e-10 
3.051758e+02 6.415700e-10 
3.059387e+02 6.630059e-10 
3.067017e+02 6.560956e-10 
3.074646e+02 6.821515e-10 
3.082275e+02 6.475211e-10 
3.089905e+02 6.641496e-10 
3.097534e+02 6.100001e-10 
3.105164e+02 6.674185e-10 
3.112793e+02 6.343952e-10 
3.120422e+02 6.470339e-10 
3.128052e+02 6.049689e-10 
3.135681e+02 6.243914e-10 
3.143311e+02 5.817552e-10 
3.150940e+02 6.228256e-10 
3.158569e+02 6.993874e-10 
3.166199e+02 6.257530e-10 
3.173828e+02 6.091467e-10 
3.181458e+02 5.819868e-10 
3.189087e+02 6.157398e-10 
3.196716e+02 6.555119e-10 
3.204346e+02 6.231917e-10 
3.211975e+02 6.269758e-10 
3.219604e+02 6.710894e-10 
3.227234e+02 6.747185e-10 
3.234863e+02 6.561444e-10 
3.242493e+02 6.425946e-10 
3.250122e+02 6.103698e-10 
3.257751e+02 6.419907e-10 
3.265381e+02 6.331468e-10 
3.273010e+02 6.120138e-10 
3.280640e+02 6.669999e-10 
3.288269e+02 6.745963e-10 
3.295898e+02 6.733895e-10 
3.303528e+02 5.705285e-10 
3.311157e+02 5.553006e-10 
3.318787e+02 7.029945e-10 
3.326416e+02 7.182328e-10 
3.334045e+02 6.767457e-10 
3.341675e+02 6.277240e-10 
3.349304e+02 6.303520e-10 
3.356934e+02 6.817433e-10 
3.364563e+02 6.396737e-10 
3.372192e+02 6.515115e-10 
3.379822e+02 7.076517e-10 
3.387451e+02 6.973766e-10 
3.395081e+02 6.322257e-10 
3.402710e+02 6.198367e-10 
3.410339e+02 5.805951e-10 
3.417969e+02 5.945139e-10 
3.425598e+02 6.044617e-10 
3.433228e+02 7.078941e-10 
3.440857e+02 6.769702e-10 
3.448486e+02 6.049936e-10 
3.456116e+02 5.656400e-10 
3.463745e+02 5.553552e-10 
3.471375e+02 7.085477e-10 
3.479004e+02 6.963820e-10 
3.486633e+02 5.197958e-10 
3.494263e+02 6.163984e-10 
3.501892e+02 6.406771e-10 
3.509521e+02 7.021194e-10 
3.517151e+02 6.580073e-10 
3.524780e+02 6.125525e-10 
3.532410e+02 6.735759e-10 
3.540039e+02 6.614783e-10 
3.547668e+02 6.650443e-10 
3.555298e+02 6.176114e-10 
3.562927e+02 5.591799e-10 
3.570557e+02 5.960305e-10 
3.578186e+02 5.994910e-10 
3.585815e+02 6.100658e-10 
3.593445e+02 6.079512e-10 
3.601074e+02 5.717150e-10 
3.608704e+02 6.078128e-10 
3.616333e+02 6.397479e-10 
3.623962e+02 6.469050e-10 
3.631592e+02 6.065080e-10 
3.639221e+02 6.534210e-10 
3.646851e+02 6.386970e-10 
3.654480e+02 6.612832e-10 
3.662109e+02 7.030793e-10 
3.669739e+02 6.813788e-10 
3.677368e+02 6.430963e-10 
3.684998e+02 6.248543e-10 
3.692627e+02 6.510930e-10 
3.700256e+02 6.579291e-10 
3.707886e+02 6.313517e-10 
3.715515e+02 6.230123e-10 
3.723145e+02 6.079377e-10 
3.730774e+02 6.268491e-10 
3.738403e+02 6.449450e-10 
3.746033e+02 6.203110e-10 
3.753662e+02 6.234294e-10 
3.761292e+02 6.101653e-10 
3.768921e+02 6.061901e-10 
3.776550e+02 6.309179e-10 
3.784180e+02 6.510562e-10 
3.791809e+02 6.767202e-10 
3.799438e+02 5.930895e-10 
3.807068e+02 6.302547e-10 
3.814697e+02 6.713322e-10 
3.822327e+02 6.831156e-10 
3.829956e+02 6.780262e-10 
3.837585e+02 6.555077e-10 
3.845215e+02 6.546399e-10 
3.852844e+02 6.199770e-10 
3.860474e+02 5.983383e-10 
3.868103e+02 6.049551e-10 
3.875732e+02 6.289327e-10 
3.883362e+02 7.183911e-10 
3.890991e+02 7.215266e-10 
3.898621e+02 6.116656e-10 
3.906250e+02 5.767223e-10 
3.913879e+02 6.272039e-10 
3.921509e+02 5.849085e-10 
3.929138e+02 6.640794e-10 
3.936768e+02 7.101926e-10 
3.944397e+02 6.286938e-10 
3.952026e+02 5.656216e-10 
3.959656e+02 5.875050e-10 
3.967285e+02 6.825739e-10 
3.974915e+02 6.085447e-10 
3.982544e+02 6.459596e-10 
3.990173e+02 5.599416e-10 
3.997803e+02 6.129607e-10 
4.005432e+02 6.176315e-10 
4.013062e+02 6.201481e-10 
4.020691e+02 6.144512e-10 
4.028320e+02 5.797380e-10 
4.035950e+02 6.593758e-10 
4.043579e+02 6.423947e-10 
4.051208e+02 5.905063e-10 
4.058838e+02 6.856169e-10 
4.066467e+02 6.224910e-10 
4.074097e+02 6.611671e-10 
4.081726e+02 6.727449e-10 
4.089355e+02 6.562031e-10 
4.096985e+02 5.426489e-10 
4.104614e+02 5.524182e-10 
4.112244e+02 6.026024e-10 
4.119873e+02 6.026702e-10 
4.127502e+02 5.593374e-10 
4.135132e+02 6.785541e-10 
4.142761e+02 6.699368e-10 
4.150391e+02 6.409651e-10 
4.158020e+02 6.005393e-10 
4.165649e+02 6.349533e-10 
4.173279e+02 5.988599e-10 
4.180908e+02 6.117489e-10 
4.188538e+02 6.866052e-10 
4.196167e+02 6.783379e-10 
4.203796e+02 6.313644e-10 
4.211426e+02 6.541142e-10 
4.219055e+02 7.057932e-10 
4.226685e+02 6.831724e-10 
4.234314e+02 6.082790e-10 
4.241943e+02 5.801250e-10 
4.249573e+02 5.885113e-10 
4.257202e+02 6.558985e-10 
4.264832e+02 6.744888e-10 
4.272461e+02 7.035148e-10 
4.280090e+02 7.148108e-10 
4.287720e+02 6.322381e-10 
4.295349e+02 6.131187e-10 
4.302979e+02 6.166071e-10 
4.310608e+02 5.887017e-10 
4.318237e+02 6.562915e-10 
4.325867e+02 5.730934e-10 
4.333496e+02 5.590157e-10 
4.341125e+02 6.000565e-10 
4.348755e+02 6.019046e-10 
4.356384e+02 6.460121e-10 
4.364014e+02 6.230440e-10 
4.371643e+02 6.013879e-10 
4.379272e+02 6.346091e-10 
4.386902e+02 6.269641e-10 
4.394531e+02 5.836508e-10 
4.402161e+02 6.183745e-10 
4.409790e+02 6.138973e-10 
4.417419e+02 5.882571e-10 
4.425049e+02 6.388737e-10 
4.432678e+02 6.414021e-10 
4.440308e+02 6.317696e-10 
4.447937e+02 5.926819e-10 
4.455566e+02 6.180477e-10 
4.463196e+02 6.707730e-10 
4.470825e+02 7.175665e-10 
4.478455e+02 6.113846e-10 
4.486084e+02 6.061164e-10 
4.493713e+02 6.072190e-10 
4.501343e+02 6.159370e-10 
4.508972e+02 5.933482e-10 
4.516602e+02 6.076111e-10 
4.524231e+02 6.025003e-10 
4.531860e+02 6.297897e-10 
4.539490e+02 6.156133e-10 
4.547119e+02 5.840815e-10 
4.554749e+02 6.102784e-10 
4.562378e+02 6.033036e-10 
4.570007e+02 5.720246e-10 
4.577637e+02 6.423224e-10 
4.585266e+02 6.304018e-10 
4.592896e+02 6.087621e-10 
4.600525e+02 6.128809e-10 
4.608154e+02 5.780347e-10 
4.615784e+02 5.582755e-10 
4.623413e+02 5.871919e-10 
4.631042e+02 5.917757e-10 
4.638672e+02 6.414787e-10 
4.646301e+02 6.147987e-10 
4.653931e+02 5.429269e-10 
4.661560e+02 5.198212e-10 
4.669189e+02 6.186721e-10 
4.676819e+02 6.100667e-10 
4.684448e+02 6.533527e-10 
4.692078e+02 6.597872e-10 
4.699707e+02 5.975130e-10 
4.707336e+02 6.659437e-10 
4.714966e+02 6.467080e-10 
4.722595e+02 6.299736e-10 
4.730225e+02 6.406792e-10 
4.737854e+02 6.546736e-10 
4.745483e+02 6.709105e-10 
4.753113e+02 6.620424e-10 
4.760742e+02 6.653918e-10 
4.768372e+02 7.258579e-10 
4.776001e+02 6.534328e-10 
4.783630e+02 5.820010e-10 
4.791260e+02 6.228779e-10 
4.798889e+02 6.227370e-10 
4.806519e+02 5.959009e-10 
4.814148e+02 6.445832e-10 
4.821777e+02 6.058774e-10 
4.829407e+02 5.927207e-10 
4.837036e+02 6.493568e-10 
4.844666e+02 6.906523e-10 
4.852295e+02 6.256889e-10 
4.859924e+02 6.366037e-10 
4.867554e+02 6.070842e-10 
4.875183e+02 5.538984e-10 
4.882813e+02 5.644716e-10 
4.890442e+02 6.565240e-10 
4.898071e+02 5.966793e-10 
4.905701e+02 6.481396e-10 
4.913330e+02 5.699795e-10 
4.920959e+02 5.111466e-10 
4.928589e+02 5.461022e-10 
4.936218e+02 6.167491e-10 
4.943848e+02 6.188588e-10 
4.951477e+02 6.691221e-10 
4.959106e+02 6.071868e-10 
4.966736e+02 5.585259e-10 
4.974365e+02 5.319612e-10 
4.981995e+02 5.801378e-10 
4.989624e+02 6.073583e-10 
4.997253e+02 5.317066e-10 
5.004883e+02 4.922452e-10 
5.012512e+02 5.607098e-10 
5.020142e+02 5.720390e-10 
5.027771e+02 6.051789e-10 
5.035400e+02 6.506391e-10 
5.043030e+02 5.909855e-10 
5.050659e+02 5.629169e-10 
5.058289e+02 5.540552e-10 
5.065918e+02 5.525381e-10 
5.073547e+02 5.858613e-10 
5.081177e+02 6.164778e-10 
5.088806e+02 5.801923e-10 
5.096436e+02 5.883052e-10 
5.104065e+02 5.958464e-10 
5.111694e+02 6.166841e-10 
5.119324e+02 6.345528e-10 
5.126953e+02 5.895229e-10 
5.134583e+02 5.710633e-10 
5.142212e+02 5.250139e-10 
5.149841e+02 4.944232e-10 
5.157471e+02 5.615921e-10 
5.165100e+02 5.576142e-10 
5.172729e+02 5.109668e-10 
5.180359e+02 5.259447e-10 
5.187988e+02 5.210181e-10 
5.195618e+02 5.695263e-10 
5.203247e+02 6.438132e-10 
5.210876e+02 5.543159e-10 
5.218506e+02 5.778290e-10 
5.226135e+02 6.294517e-10 
5.233765e+02 6.402386e-10 
5.241394e+02 5.504025e-10 
5.249023e+02 5.443776e-10 
5.256653e+02 5.541568e-10 
5.264282e+02 5.265241e-10 
5.271912e+02 5.603024e-10 
5.279541e+02 6.246432e-10 
5.287170e+02 6.526115e-10 
5.294800e+02 6.320806e-10 
5.302429e+02 6.429824e-10 
5.310059e+02 6.128035e-10 
5.317688e+02 5.868781e-10 
5.325317e+02 5.750907e-10 
5.332947e+02 5.833937e-10 
5.340576e+02 5.657975e-10 
5.348206e+02 5.845316e-10 
5.355835e+02 5.968190e-10 
5.363464e+02 5.871804e-10 
5.371094e+02 6.953347e-10 
5.378723e+02 6.037685e-10 
5.386353e+02 6.232163e-10 
5.393982e+02 6.784162e-10 
5.401611e+02 5.934162e-10 
5.409241e+02 5.430280e-10 
5.416870e+02 6.064591e-10 
5.424500e+02 6.149848e-10 
5.432129e+02 6.468859e-10 
5.439758e+02 6.181400e-10 
5.447388e+02 6.256309e-10 
5.455017e+02 6.408655e-10 
5.462646e+02 6.243821e-10 
5.470276e+02 5.447419e-10 
5.477905e+02 5.141654e-10 
5.485535e+02 5.676083e-10 
5.493164e+02 5.844843e-10 
5.500793e+02 6.300748e-10 
5.508423e+02 5.462220e-10 
5.516052e+02 5.768513e-10 
5.523682e+02 5.823044e-10 
5.531311e+02 5.802190e-10 
5.538940e+02 5.915910e-10 
5.546570e+02 6.192518e-10 
5.554199e+02 5.215926e-10 
5.561829e+02 5.357883e-10 
5.569458e+02 6.059301e-10 
5.577087e+02 6.165210e-10 
5.584717e+02 5.925771e-10 
5.592346e+02 5.815502e-10 
5.599976e+02 5.564614e-10 
5.607605e+02 5.511629e-10 
5.615234e+02 5.837777e-10 
5.622864e+02 5.695375e-10 
5.630493e+02 5.298258e-10 
5.638123e+02 5.326046e-10 
5.645752e+02 5.458161e-10 
5.653381e+02 5.446353e-10 
5.661011e+02 6.128224e-10 
5.668640e+02 5.909534e-10 
5.676270e+02 5.877313e-10 
5.683899e+02 5.695957e-10 
5.691528e+02 5.785570e-10 
5.699158e+02 5.950481e-10 
5.706787e+02 5.525377e-10 
5.714417e+02 5.995220e-10 
5.722046e+02 5.342515e-10 
5.729675e+02 5.400920e-10 
5.737305e+02 5.398297e-10 
5.744934e+02 5.860850e-10 
5.752563e+02 5.346714e-10 
5.760193e+02 5.489613e-10 
5.767822e+02 5.427500e-10 
5.775452e+02 5.776713e-10 
5.783081e+02 5.871411e-10 
5.790710e+02 5.879958e-10 
5.798340e+02 6.500484e-10 
5.805969e+02 5.880532e-10 
5.813599e+02 5.372173e-10 
5.821228e+02 6.158187e-10 
5.828857e+02 6.224494e-10 
5.836487e+02 6.206000e-10 
5.844116e+02 5.569520e-10 
5.851746e+02 5.789824e-10 
5.859375e+02 6.326517e-10 
5.867004e+02 6.194857e-10 
5.874634e+02 5.284793e-10 
5.882263e+02 5.468382e-10 
5.889893e+02 6.001684e-10 
5.897522e+02 5.462545e-10 
5.905151e+02 5.221250e-10 
5.912781e+02 5.311160e-10 
5.920410e+02 4.978386e-10 
5.928040e+02 5.477370e-10 
5.935669e+02 6.435051e-10 
5.943298e+02 5.742299e-10 
5.950928e+02 5.570469e-10 
5.958557e+02 5.504618e-10 
5.966187e+02 6.315548e-10 
5.973816e+02 6.523363e-10 
5.981445e+02 6.066113e-10 
5.989075e+02 5.852785e-10 
5.996704e+02 6.009777e-10 
6.004333e+02 6.192016e-10 
6.011963e+02 6.599967e-10 
6.019592e+02 6.719898e-10 
6.027222e+02 6.301716e-10 
6.034851e+02 5.774597e-10 
6.042480e+02 6.043891e-10 
6.050110e+02 6.277064e-10 
6.057739e+02 5.883626e-10 
6.065369e+02 6.528467e-10 
6.072998e+02 6.348307e-10 
6.080627e+02 5.767180e-10 
6.088257e+02 5.889672e-10 
6.095886e+02 6.373920e-10 
6.103516e+02 6.110614e-10 
6.111145e+02 5.945417e-10 
6.118774e+02 6.081600e-10 
6.126404e+02 5.713934e-10 
6.134033e+02 5.411261e-10 
6.141663e+02 6.122404e-10 
6.149292e+02 6.807336e-10 
6.156921e+02 6.345185e-10 
6.164551e+02 6.204862e-10 
6.172180e+02 5.630224e-10 
6.179810e+02 5.652474e-10 
6.187439e+02 5.174504e-10 
6.195068e+02 5.268000e-10 
6.202698e+02 6.125928e-10 
6.210327e+02 6.152669e-10 
6.217957e+02 5.453973e-10 
6.225586e+02 6.136425e-10 
6.233215e+02 6.495815e-10 
6.240845e+02 6.639447e-10 
6.248474e+02 6.686645e-10 
6.256104e+02 6.787405e-10 
6.263733e+02 6.219645e-10 
6.271362e+02 5.627216e-10 
6.278992e+02 5.676880e-10 
6.286621e+02 5.682651e-10 
6.294250e+02 5.450389e-10 
6.301880e+02 6.451747e-10 
6.309509e+02 6.870576e-10 
6.317139e+02 5.868361e-10 
6.324768e+02 5.826720e-10 
6.332397e+02 5.645114e-10 
6.340027e+02 5.814702e-10 
6.347656e+02 5.996737e-10 
6.355286e+02 5.254730e-10 
6.362915e+02 5.488807e-10 
6.370544e+02 5.749333e-10 
6.378174e+02 6.011525e-10 
6.385803e+02 5.724559e-10 
6.393433e+02 5.799820e-10 
6.401062e+02 5.789703e-10 
6.408691e+02 5.834832e-10 
6.416321e+02 5.641325e-10 
6.423950e+02 5.482943e-10 
6.431580e+02 6.022886e-10 
6.439209e+02 5.757075e-10 
6.446838e+02 5.729284e-10 
6.454468e+02 5.871937e-10 
6.462097e+02 5.319233e-10 
6.469727e+02 5.699144e-10 
6.477356e+02 6.160655e-10 
6.484985e+02 6.030850e-10 
6.492615e+02 6.247881e-10 
6.500244e+02 5.213766e-10 
6.507874e+02 4.768473e-10 
6.515503e+02 5.725385e-10 
6.523132e+02 5.227460e-10 
6.530762e+02 5.907161e-10 
6.538391e+02 6.070508e-10 
6.546021e+02 5.343079e-10 
6.553650e+02 5.498729e-10 
6.561279e+02 5.749666e-10 
6.568909e+02 5.504548e-10 
6.576538e+02 5.394777e-10 
6.584167e+02 5.811589e-10 
6.591797e+02 5.453132e-10 
6.599426e+02 5.565135e-10 
6.607056e+02 5.664175e-10 
6.614685e+02 5.737537e-10 
6.622314e+02 5.742978e-10 
6.629944e+02 5.829963e-10 
6.637573e+02 5.436989e-10 
6.645203e+02 5.655579e-10 
6.652832e+02 5.884388e-10 
6.660461e+02 5.782362e-10 
6.668091e+02 5.418416e-10 
6.675720e+02 5.723810e-10 
6.683350e+02 6.281160e-10 
6.690979e+02 5.812115e-10 
6.698608e+02 5.144994e-10 
6.706238e+02 5.917312e-10 
6.713867e+02 6.168247e-10 
6.721497e+02 4.837482e-10 
6.729126e+02 4.764833e-10 
6.736755e+02 4.853381e-10 
6.744385e+02 5.292941e-10 
6.752014e+02 5.438788e-10 
6.759644e+02 5.847525e-10 
6.767273e+02 5.983652e-10 
6.774902e+02 5.709933e-10 
6.782532e+02 5.356997e-10 
6.790161e+02 4.891686e-10 
6.797791e+02 5.151179e-10 
6.805420e+02 5.649221e-10 
6.813049e+02 5.855132e-10 
6.820679e+02 5.074228e-10 
6.828308e+02 5.240972e-10 
6.835938e+02 5.522547e-10 
6.843567e+02 6.211693e-10 
6.851196e+02 5.634921e-10 
6.858826e+02 5.385719e-10 
6.866455e+02 5.682620e-10 
6.874084e+02 5.639590e-10 
6.881714e+02 5.294044e-10 
6.889343e+02 5.612431e-10 
6.896973e+02 5.308429e-10 
6.904602e+02 4.972171e-10 
6.912231e+02 5.804785e-10 
6.919861e+02 6.183823e-10 
6.927490e+02 5.165094e-10 
6.935120e+02 5.868262e-10 
6.942749e+02 5.622467e-10 
6.950378e+02 5.272532e-10 
6.958008e+02 5.304950e-10 
6.965637e+02 5.684224e-10 
6.973267e+02 6.134331e-10 
6.980896e+02 5.598186e-10 
6.988525e+02 5.341077e-10 
6.996155e+02 5.505187e-10 
7.003784e+02 5.388217e-10 
7.011414e+02 5.725361e-10 
7.019043e+02 5.573039e-10 
7.026672e+02 5.930720e-10 
7.034302e+02 5.938718e-10 
7.041931e+02 5.618493e-10 
7.049561e+02 5.225111e-10 
7.057190e+02 5.454730e-10 
7.064819e+02 5.722191e-10 
7.072449e+02 6.087923e-10 
7.080078e+02 5.303521e-10 
7.087708e+02 5.870936e-10 
7.095337e+02 6.006151e-10 
7.102966e+02 5.322153e-10 
7.110596e+02 5.325141e-10 
7.118225e+02 5.218077e-10 
7.125854e+02 5.656789e-10 
7.133484e+02 5.801775e-10 
7.141113e+02 5.360891e-10 
7.148743e+02 5.326328e-10 
7.156372e+02 5.126664e-10 
7.164001e+02 5.368210e-10 
7.171631e+02 5.440502e-10 
7.179260e+02 5.157809e-10 
7.186890e+02 5.321123e-10 
7.194519e+02 5.791212e-10 
7.202148e+02 5.964004e-10 
7.209778e+02 5.787339e-10 
7.217407e+02 5.322523e-10 
7.225037e+02 5.247368e-10 
7.232666e+02 5.126101e-10 
7.240295e+02 5.864230e-10 
7.247925e+02 6.078614e-10 
7.255554e+02 6.763835e-10 
7.263184e+02 5.801849e-10 
7.270813e+02 5.536778e-10 
7.278442e+02 5.808088e-10 
7.286072e+02 6.217635e-10 
7.293701e+02 6.009240e-10 
7.301331e+02 5.834203e-10 
7.308960e+02 5.373544e-10 
7.316589e+02 5.556950e-10 
7.324219e+02 5.475419e-10 
7.331848e+02 5.987310e-10 
7.339478e+02 5.960450e-10 
7.347107e+02 5.280909e-10 
7.354736e+02 4.940460e-10 
7.362366e+02 5.180664e-10 
7.369995e+02 5.263289e-10 
7.377625e+02 5.952427e-10 
7.385254e+02 5.718358e-10 
7.392883e+02 6.207019e-10 
7.400513e+02 6.171879e-10 
7.408142e+02 5.088430e-10 
7.415771e+02 5.398468e-10 
7.423401e+02 5.912826e-10 
7.431030e+02 5.395764e-10 
7.438660e+02 5.428957e-10 
7.446289e+02 5.744245e-10 
7.453918e+02 5.793127e-10 
7.461548e+02 5.086798e-10 
7.469177e+02 5.059150e-10 
7.476807e+02 6.099899e-10 
7.484436e+02 5.903974e-10 
7.492065e+02 5.700115e-10 
7.499695e+02 5.467340e-10 
7.507324e+02 5.909428e-10 
7.514954e+02 5.640820e-10 
7.522583e+02 5.169030e-10 
7.530212e+02 5.417053e-10 
7.537842e+02 5.249148e-10 
7.545471e+02 4.891072e-10 
7.553101e+02 5.140888e-10 
7.560730e+02 5.375000e-10 
7.568359e+02 5.378755e-10 
7.575989e+02 5.315878e-10 
7.583618e+02 4.751230e-10 
7.591248e+02 5.273753e-10 
7.598877e+02 5.926162e-10 
7.606506e+02 5.984760e-10 
7.614136e+02 5.874528e-10 
7.621765e+02 5.212564e-10 
7.629395e+02 5.168861e-10 
7.637024e+02 5.221793e-10 
7.644653e+02 5.728785e-10 
7.652283e+02 6.255592e-10 
7.659912e+02 5.189183e-10 
7.667542e+02 5.309036e-10 
7.675171e+02 5.772559e-10 
7.682800e+02 5.479579e-10 
7.690430e+02 5.160162e-10 
7.698059e+02 5.652088e-10 
7.705688e+02 5.696614e-10 
7.713318e+02 5.498870e-10 
7.720947e+02 4.813216e-10 
7.728577e+02 4.968035e-10 
7.736206e+02 5.729742e-10 
7.743835e+02 5.687895e-10 
7.751465e+02 5.400844e-10 
7.759094e+02 5.037796e-10 
7.766724e+02 6.033721e-10 
7.774353e+02 5.536137e-10 
7.781982e+02 5.931053e-10 
7.789612e+02 6.059225e-10 
7.797241e+02 6.280134e-10 
7.804871e+02 5.693479e-10 
7.812500e+02 5.433212e-10 
7.820129e+02 5.267836e-10 
7.827759e+02 6.457560e-10 
7.835388e+02 6.033355e-10 
7.843018e+02 5.214911e-10 
7.850647e+02 4.791351e-10 
7.858276e+02 5.333180e-10 
7.865906e+02 5.559976e-10 
7.873535e+02 5.255564e-10 
7.881165e+02 5.156241e-10 
7.888794e+02 5.130979e-10 
7.896423e+02 4.744853e-10 
7.904053e+02 5.558358e-10 
7.911682e+02 4.999886e-10 
7.919312e+02 4.989277e-10 
7.926941e+02 4.295943e-10 
7.934570e+02 4.770250e-10 
7.942200e+02 5.344721e-10 
7.949829e+02 5.166195e-10 
7.957458e+02 5.961043e-10 
7.965088e+02 5.602539e-10 
7.972717e+02 5.464944e-10 
7.980347e+02 5.394616e-10 
7.987976e+02 5.463554e-10 
7.995605e+02 5.447839e-10 
8.003235e+02 5.174043e-10 
8.010864e+02 6.013483e-10 
8.018494e+02 5.403935e-10 
8.026123e+02 5.128376e-10 
8.033752e+02 5.544649e-10 
8.041382e+02 4.950496e-10 
8.049011e+02 5.009703e-10 
8.056641e+02 5.325071e-10 
8.064270e+02 5.732777e-10 
8.071899e+02 5.024111e-10 
8.079529e+02 5.364882e-10 
8.087158e+02 5.039778e-10 
8.094788e+02 5.674419e-10 
8.102417e+02 5.967390e-10 
8.110046e+02 5.746413e-10 
8.117676e+02 5.657843e-10 
8.125305e+02 5.543522e-10 
8.132935e+02 5.108601e-10 
8.140564e+02 5.372774e-10 
8.148193e+02 4.662237e-10 
8.155823e+02 4.449041e-10 
8.163452e+02 5.117106e-10 
8.171082e+02 5.449349e-10 
8.178711e+02 5.658077e-10 
8.186340e+02 5.299535e-10 
8.193970e+02 5.411754e-10 
8.201599e+02 5.412230e-10 
8.209229e+02 5.599000e-10 
8.216858e+02 5.813871e-10 
8.224487e+02 5.606729e-10 
8.232117e+02 5.749916e-10 
8.239746e+02 5.658855e-10 
8.247375e+02 5.291610e-10 
8.255005e+02 5.346766e-10 
8.262634e+02 4.669934e-10 
8.270264e+02 5.376067e-10 
8.277893e+02 5.474418e-10 
8.285522e+02 5.443835e-10 
8.293152e+02 6.132769e-10 
8.300781e+02 6.029541e-10 
8.308411e+02 5.685787e-10 
8.316040e+02 5.656351e-10 
8.323669e+02 5.687725e-10 
8.331299e+02 5.414350e-10 
8.338928e+02 5.183638e-10 
8.346558e+02 5.346746e-10 
8.354187e+02 5.319610e-10 
8.361816e+02 5.374407e-10 
8.369446e+02 6.075800e-10 
8.377075e+02 5.918016e-10 
8.384705e+02 5.441764e-10 
8.392334e+02 5.508069e-10 
8.399963e+02 5.026298e-10 
8.407593e+02 5.536598e-10 
8.415222e+02 5.273549e-10 
8.422852e+02 5.430681e-10 
8.430481e+02 5.644062e-10 
8.438110e+02 5.324082e-10 
8.445740e+02 4.955176e-10 
8.453369e+02 5.212262e-10 
8.460999e+02 5.063347e-10 
8.468628e+02 5.555190e-10 
8.476257e+02 6.208085e-10 
8.483887e+02 5.104943e-10 
8.491516e+02 4.758326e-10 
8.499146e+02 4.833023e-10 
8.506775e+02 4.922297e-10 
8.514404e+02 5.702404e-10 
8.522034e+02 5.177194e-10 
8.529663e+02 5.866766e-10 
8.537292e+02 5.465881e-10 
8.544922e+02 5.210498e-10 
8.552551e+02 5.387099e-10 
8.560181e+02 5.649272e-10 
8.567810e+02 5.781752e-10 
8.575439e+02 5.659588e-10 
8.583069e+02 5.221109e-10 
8.590698e+02 5.195542e-10 
8.598328e+02 5.277140e-10 
8.605957e+02 5.032653e-10 
8.613586e+02 5.665861e-10 
8.621216e+02 5.635352e-10 
8.628845e+02 4.860738e-10 
8.636475e+02 4.926398e-10 
8.644104e+02 4.786068e-10 
8.651733e+02 4.583610e-10 
8.659363e+02 5.234803e-10 
8.666992e+02 5.894758e-10 
8.674622e+02 5.077429e-10 
8.682251e+02 4.986346e-10 
8.689880e+02 5.233229e-10 
8.697510e+02 5.399773e-10 
8.705139e+02 5.206997e-10 
8.712769e+02 5.040245e-10 
8.720398e+02 5.172746e-10 
8.728027e+02 5.142257e-10 
8.735657e+02 5.385878e-10 
8.743286e+02 5.174666e-10 
8.750916e+02 4.934172e-10 
8.758545e+02 5.224529e-10 
8.766174e+02 5.623486e-10 
8.773804e+02 5.169330e-10 
8.781433e+02 5.169380e-10 
8.789063e+02 5.687155e-10 
8.796692e+02 5.465272e-10 
8.804321e+02 4.860057e-10 
8.811951e+02 5.225297e-10 
8.819580e+02 5.159052e-10 
8.827209e+02 5.081365e-10 
8.834839e+02 5.213196e-10 
8.842468e+02 5.183183e-10 
8.850098e+02 4.846029e-10 
8.857727e+02 4.914609e-10 
8.865356e+02 5.579886e-10 
8.872986e+02 5.696636e-10 
8.880615e+02 5.684560e-10 
8.888245e+02 6.185143e-10 
8.895874e+02 5.585106e-10 
8.903503e+02 4.937028e-10 
8.911133e+02 5.392811e-10 
8.918762e+02 5.677794e-10 
8.926392e+02 5.281181e-10 
8.934021e+02 5.324269e-10 
8.941650e+02 5.606323e-10 
8.949280e+02 5.790852e-10 
8.956909e+02 5.532963e-10 
8.964539e+02 4.964525e-10 
8.972168e+02 5.243454e-10 
8.979797e+02 5.881745e-10 
8.987427e+02 5.453266e-10 
8.995056e+02 4.846036e-10 
9.002686e+02 4.542492e-10 
9.010315e+02 5.172410e-10 
9.017944e+02 5.369908e-10 
9.025574e+02 5.123107e-10 
9.033203e+02 5.061037e-10 
9.040833e+02 5.293102e-10 
9.048462e+02 5.455730e-10 
9.056091e+02 5.455975e-10 
9.063721e+02 5.363037e-10 
9.071350e+02 5.082959e-10 
9.078979e+02 5.214777e-10 
9.086609e+02 5.513096e-10 
9.094238e+02 5.474665e-10 
9.101868e+02 4.904858e-10 
9.109497e+02 5.040079e-10 
9.117126e+02 5.224646e-10 
9.124756e+02 5.008749e-10 
9.132385e+02 5.366112e-10 
9.140015e+02 5.750407e-10 
9.147644e+02 5.065958e-10 
9.155273e+02 4.482380e-10 
9.162903e+02 5.220676e-10 
9.170532e+02 5.316021e-10 
9.178162e+02 4.977359e-10 
9.185791e+02 5.225276e-10 
9.193420e+02 5.470883e-10 
9.201050e+02 5.171007e-10 
9.208679e+02 4.874958e-10 
9.216309e+02 5.347205e-10 
9.223938e+02 6.209477e-10 
9.231567e+02 5.664528e-10 
9.239197e+02 5.022056e-10 
9.246826e+02 4.721777e-10 
9.254456e+02 4.959438e-10 
9.262085e+02 5.319233e-10 
9.269714e+02 5.116914e-10 
9.277344e+02 5.485014e-10 
9.284973e+02 5.041873e-10 
9.292603e+02 5.251208e-10 
9.300232e+02 5.211641e-10 
9.307861e+02 5.197925e-10 
9.315491e+02 5.137551e-10 
9.323120e+02 5.582589e-10 
9.330750e+02 5.435088e-10 
9.338379e+02 5.616135e-10 
9.346008e+02 4.938015e-10 
9.353638e+02 4.760015e-10 
9.361267e+02 5.187227e-10 
9.368896e+02 4.826487e-10 
9.376526e+02 4.361595e-10 
9.384155e+02 4.391722e-10 
9.391785e+02 5.160122e-10 
9.399414e+02 5.750145e-10 
9.407043e+02 6.090875e-10 
9.414673e+02 5.645747e-10 
9.422302e+02 5.220903e-10 
9.429932e+02 5.157121e-10 
9.437561e+02 5.164129e-10 
9.445190e+02 5.014578e-10 
9.452820e+02 4.937725e-10 
9.460449e+02 4.584326e-10 
9.468079e+02 4.449772e-10 
9.475708e+02 4.882898e-10 
9.483337e+02 5.732167e-10 
9.490967e+02 5.363687e-10 
9.498596e+02 5.368840e-10 
9.506226e+02 5.146565e-10 
9.513855e+02 5.137320e-10 
9.521484e+02 5.363476e-10 
9.529114e+02 4.754186e-10 
9.536743e+02 4.882152e-10 
9.544373e+02 5.527048e-10 
9.552002e+02 5.364510e-10 
9.559631e+02 5.205564e-10 
9.567261e+02 5.240022e-10 
9.574890e+02 5.231379e-10 
9.582520e+02 5.294695e-10 
9.590149e+02 5.437985e-10 
9.597778e+02 4.759956e-10 
9.605408e+02 5.134815e-10 
9.613037e+02 5.672052e-10 
9.620667e+02 5.532209e-10 
9.628296e+02 5.594691e-10 
9.635925e+02 5.618578e-10 
9.643555e+02 5.631611e-10 
9.651184e+02 5.233166e-10 
9.658813e+02 4.883395e-10 
9.666443e+02 4.856007e-10 
9.674072e+02 4.855206e-10 
9.681702e+02 5.288915e-10 
9.689331e+02 5.081331e-10 
9.696960e+02 5.132614e-10 
9.704590e+02 5.529249e-10 
9.712219e+02 5.145294e-10 
9.719849e+02 4.908189e-10 
9.727478e+02 5.360977e-10 
9.735107e+02 5.497546e-10 
9.742737e+02 5.304332e-10 
9.750366e+02 4.664652e-10 
9.757996e+02 4.610727e-10 
9.765625e+02 5.539596e-10 
9.773254e+02 5.478552e-10 
9.780884e+02 5.398596e-10 
9.788513e+02 5.033082e-10 
9.796143e+02 5.003535e-10 
9.803772e+02 5.144227e-10 
9.811401e+02 5.092607e-10 
9.819031e+02 4.854294e-10 
9.826660e+02 4.755355e-10 
9.834290e+02 4.991939e-10 
9.841919e+02 4.813897e-10 
9.849548e+02 4.717795e-10 
9.857178e+02 5.252367e-10 
9.864807e+02 5.462306e-10 
9.872437e+02 5.722441e-10 
9.880066e+02 4.902920e-10 
9.887695e+02 5.073994e-10 
9.895325e+02 4.978161e-10 
9.902954e+02 4.614171e-10 
9.910583e+02 4.663757e-10 
9.918213e+02 4.943184e-10 
9.925842e+02 4.909539e-10 
9.933472e+02 6.058636e-10 
9.941101e+02 5.410545e-10 
9.948730e+02 4.986550e-10 
9.956360e+02 5.015570e-10 
9.963989e+02 4.969181e-10 
9.971619e+02 4.256546e-10 
9.979248e+02 4.698784e-10 
9.986877e+02 4.963750e-10 
9.994507e+02 5.255977e-10 
1.000214e+03 5.085993e-10 
1.000977e+03 4.574208e-10 
1.001740e+03 5.184824e-10 
1.002502e+03 5.542558e-10 
1.003265e+03 5.501474e-10 
1.004028e+03 4.960392e-10 
1.004791e+03 4.846684e-10 
1.005554e+03 5.437619e-10 
1.006317e+03 5.209318e-10 
1.007080e+03 5.265105e-10 
1.007843e+03 4.750051e-10 
1.008606e+03 5.091687e-10 
1.009369e+03 5.247739e-10 
1.010132e+03 5.201495e-10 
1.010895e+03 5.402990e-10 
1.011658e+03 5.483473e-10 
1.012421e+03 5.615163e-10 
1.013184e+03 5.853942e-10 
1.013947e+03 4.691608e-10 
1.014709e+03 4.474500e-10 
1.015472e+03 4.680384e-10 
1.016235e+03 5.063370e-10 
1.016998e+03 5.131198e-10 
1.017761e+03 5.327153e-10 
1.018524e+03 5.126016e-10 
1.019287e+03 4.753451e-10 
1.020050e+03 5.002181e-10 
1.020813e+03 5.008870e-10 
1.021576e+03 5.040142e-10 
1.022339e+03 4.926958e-10 
1.023102e+03 5.340828e-10 
1.023865e+03 5.619198e-10 
1.024628e+03 6.148957e-10 
1.025391e+03 5.675990e-10 
1.026154e+03 4.553691e-10 
1.026917e+03 4.925304e-10 
1.027679e+03 4.951058e-10 
1.028442e+03 4.764777e-10 
1.029205e+03 4.429298e-10 
1.029968e+03 4.954529e-10 
1.030731e+03 4.727568e-10 
1.031494e+03 4.347588e-10 
1.032257e+03 5.396577e-10 
1.033020e+03 5.517069e-10 
1.033783e+03 5.530135e-10 
1.034546e+03 5.319610e-10 
1.035309e+03 5.499661e-10 
1.036072e+03 5.318386e-10 
1.036835e+03 5.086156e-10 
1.037598e+03 5.374637e-10 
1.038361e+03 5.224156e-10 
1.039124e+03 4.331887e-10 
1.039886e+03 4.633630e-10 
1.040649e+03 4.585042e-10 
1.041412e+03 4.911915e-10 
1.042175e+03 5.583692e-10 
1.042938e+03 5.413113e-10 
1.043701e+03 5.194674e-10 
1.044464e+03 5.134008e-10 
1.045227e+03 4.996233e-10 
1.045990e+03 5.859658e-10 
1.046753e+03 5.285063e-10 
1.047516e+03 5.172785e-10 
1.048279e+03 5.504519e-10 
1.049042e+03 5.076231e-10 
1.049805e+03 5.166460e-10 
1.050568e+03 5.137539e-10 
1.051331e+03 4.752688e-10 
1.052094e+03 4.566086e-10 
1.052856e+03 4.409046e-10 
1.053619e+03 4.749016e-10 
1.054382e+03 5.087655e-10 
1.055145e+03 4.811989e-10 
1.055908e+03 4.619667e-10 
1.056671e+03 5.308619e-10 
1.057434e+03 5.126645e-10 
1.058197e+03 4.977304e-10 
1.058960e+03 5.021353e-10 
1.059723e+03 4.935145e-10 
1.060486e+03 5.385047e-10 
1.061249e+03 5.534340e-10 
1.062012e+03 4.899712e-10 
1.062775e+03 4.969902e-10 
1.063538e+03 4.745529e-10 
1.064301e+03 4.734751e-10 
1.065063e+03 5.469115e-10 
1.065826e+03 5.199544e-10 
1.066589e+03 5.056827e-10 
1.067352e+03 5.013811e-10 
1.068115e+03 5.021115e-10 
1.068878e+03 4.605638e-10 
1.069641e+03 4.864241e-10 
1.070404e+03 5.063912e-10 
1.071167e+03 5.048370e-10 
1.071930e+03 4.768974e-10 
1.072693e+03 5.472529e-10 
1.073456e+03 5.078110e-10 
1.074219e+03 4.935588e-10 
1.074982e+03 5.085889e-10 
1.075745e+03 4.949209e-10 
1.076508e+03 5.445901e-10 
1.077271e+03 5.451824e-10 
1.078033e+03 4.437625e-10 
1.078796e+03 4.482866e-10 
1.079559e+03 5.077540e-10 
1.080322e+03 5.119035e-10 
1.081085e+03 4.939389e-10 
1.081848e+03 4.656871e-10 
1.082611e+03 5.189700e-10 
1.083374e+03 5.231863e-10 
1.084137e+03 5.552087e-10 
1.084900e+03 5.289495e-10 
1.085663e+03 5.270612e-10 
1.086426e+03 5.182460e-10 
1.087189e+03 5.032055e-10 
1.087952e+03 5.379670e-10 
1.088715e+03 5.386372e-10 
1.089478e+03 5.238415e-10 
1.090240e+03 5.398915e-10 
1.091003e+03 5.536775e-10 
1.091766e+03 5.387474e-10 
1.092529e+03 4.953882e-10 
1.093292e+03 5.325407e-10 
1.094055e+03 5.365797e-10 
1.094818e+03 5.273968e-10 
1.095581e+03 4.815811e-10 
1.096344e+03 4.999213e-10 
1.097107e+03 5.057593e-10 
1.097870e+03 5.214577e-10 
1.098633e+03 4.817420e-10 
1.099396e+03 4.599937e-10 
1.100159e+03 4.930151e-10 
1.100922e+03 4.757829e-10 
1.101685e+03 5.443515e-10 
1.102448e+03 5.566274e-10 
1.103210e+03 5.020490e-10 
1.103973e+03 4.769294e-10 
1.104736e+03 4.528388e-10 
1.105499e+03 4.907195e-10 
1.106262e+03 4.810689e-10 
1.107025e+03 4.986322e-10 
1.107788e+03 4.614443e-10 
1.108551e+03 4.383677e-10 
1.109314e+03 4.526120e-10 
1.110077e+03 4.754888e-10 
1.110840e+03 5.074251e-10 
1.111603e+03 4.970056e-10 
1.112366e+03 5.026804e-10 
1.113129e+03 4.884029e-10 
1.113892e+03 4.598922e-10 
1.114655e+03 4.666213e-10 
1.115417e+03 4.935948e-10 
1.116180e+03 4.934774e-10 
1.116943e+03 4.720232e-10 
1.117706e+03 4.991182e-10 
1.118469e+03 4.232564e-10 
1.119232e+03 4.612476e-10 
1.119995e+03 5.382117e-10 
1.120758e+03 5.137951e-10 
1.121521e+03 4.859608e-10 
1.122284e+03 5.114112e-10 
1.123047e+03 5.243001e-10 
1.123810e+03 4.827663e-10 
1.124573e+03 4.938017e-10 
1.125336e+03 4.910294e-10 
1.126099e+03 5.558433e-10 
1.126862e+03 5.893664e-10 
1.127625e+03 5.384512e-10 
1.128387e+03 5.438821e-10 
1.129150e+03 5.176362e-10 
1.129913e+03 5.369369e-10 
1.130676e+03 4.546632e-10 
1.131439e+03 4.573104e-10 
1.132202e+03 5.315843e-10 
1.132965e+03 4.654621e-10 
1.133728e+03 4.736580e-10 
1.134491e+03 5.127088e-10 
1.135254e+03 5.091876e-10 
1.136017e+03 4.526092e-10 
1.136780e+03 5.304623e-10 
1.137543e+03 5.483435e-10 
1.138306e+03 5.282011e-10 
1.139069e+03 4.908105e-10 
1.139832e+03 5.204082e-10 
1.140594e+03 5.050429e-10 
1.141357e+03 5.218964e-10 
1.142120e+03 5.158746e-10 
1.142883e+03 5.019100e-10 
1.143646e+03 4.870872e-10 
1.144409e+03 4.708556e-10 
1.145172e+03 4.521825e-10 
1.145935e+03 4.494438e-10 
1.146698e+03 4.527150e-10 
1.147461e+03 4.738550e-10 
1.148224e+03 4.808865e-10 
1.148987e+03 4.391321e-10 
1.149750e+03 5.096115e-10 
1.150513e+03 4.992416e-10 
1.151276e+03 4.493061e-10 
1.152039e+03 4.966623e-10 
1.152802e+03 4.899700e-10 
1.153564e+03 4.497797e-10 
1.154327e+03 4.227494e-10 
1.155090e+03 4.193740e-10 
1.155853e+03 4.789233e-10 
1.156616e+03 4.549106e-10 
1.157379e+03 4.378708e-10 
1.158142e+03 4.448530e-10 
1.158905e+03 4.745558e-10 
1.159668e+03 5.085569e-10 
1.160431e+03 4.652126e-10 
1.161194e+03 4.509389e-10 
1.161957e+03 4.706503e-10 
1.162720e+03 4.844247e-10 
1.163483e+03 5.144826e-10 
1.164246e+03 5.393856e-10 
1.165009e+03 5.291230e-10 
1.165771e+03 5.837691e-10 
1.166534e+03 5.269120e-10 
1.167297e+03 4.866558e-10 
1.168060e+03 4.493143e-10 
1.168823e+03 5.086317e-10 
1.169586e+03 5.143188e-10 
1.170349e+03 5.221793e-10 
1.171112e+03 5.361276e-10 
1.171875e+03 5.263700e-10 
1.172638e+03 4.895235e-10 
1.173401e+03 4.216298e-10 
1.174164e+03 4.519482e-10 
1.174927e+03 4.795726e-10 
1.175690e+03 4.698722e-10 
1.176453e+03 4.682357e-10 
1.177216e+03 4.611006e-10 
1.177979e+03 4.671209e-10 
1.178741e+03 5.403013e-10 
1.179504e+03 5.372281e-10 
1.180267e+03 4.844956e-10 
1.181030e+03 5.037838e-10 
1.181793e+03 5.261692e-10 
1.182556e+03 4.881811e-10 
1.183319e+03 4.901172e-10 
1.184082e+03 5.246962e-10 
1.184845e+03 5.610963e-10 
1.185608e+03 5.458548e-10 
1.186371e+03 5.248044e-10 
1.187134e+03 4.686883e-10 
1.187897e+03 4.438777e-10 
1.188660e+03 4.779493e-10 
1.189423e+03 5.036875e-10 
1.190186e+03 4.996561e-10 
1.190948e+03 5.110576e-10 
1.191711e+03 4.913808e-10 
1.192474e+03 4.504043e-10 
1.193237e+03 4.601782e-10 
1.194000e+03 4.524270e-10 
1.194763e+03 4.937340e-10 
1.195526e+03 5.321906e-10 
1.196289e+03 5.268534e-10 
1.197052e+03 5.470244e-10 
1.197815e+03 5.348510e-10 
1.198578e+03 5.111596e-10 
1.199341e+03 4.945400e-10 
1.200104e+03 5.014438e-10 
1.200867e+03 5.056215e-10 
1.201630e+03 4.819658e-10 
1.202393e+03 5.228609e-10 
1.203156e+03 5.013652e-10 
1.203918e+03 4.884270e-10 
1.204681e+03 5.007697e-10 
1.205444e+03 4.604816e-10 
1.206207e+03 5.077792e-10 
1.206970e+03 5.210826e-10 
1.207733e+03 5.275903e-10 
1.208496e+03 4.920166e-10 
1.209259e+03 4.694375e-10 
1.210022e+03 5.043356e-10 
1.210785e+03 5.082009e-10 
1.211548e+03 4.831326e-10 
1.212311e+03 5.127909e-10 
1.213074e+03 4.803115e-10 
1.213837e+03 4.726112e-10 
1.214600e+03 4.634262e-10 
1.215363e+03 5.195944e-10 
1.216125e+03 5.214478e-10 
1.216888e+03 5.134960e-10 
1.217651e+03 4.506426e-10 
1.218414e+03 4.693139e-10 
1.219177e+03 5.179025e-10 
1.219940e+03 5.392290e-10 
1.220703e+03 4.881622e-10 
1.221466e+03 4.145691e-10 
1.222229e+03 4.372385e-10 
1.222992e+03 4.981078e-10 
1.223755e+03 5.152868e-10 
1.224518e+03 5.092185e-10 
1.225281e+03 4.837012e-10 
1.226044e+03 4.413719e-10 
1.226807e+03 4.864925e-10 
1.227570e+03 4.803334e-10 
1.228333e+03 5.064483e-10 
1.229095e+03 4.544379e-10 
1.229858e+03 4.947318e-10 
1.230621e+03 5.120501e-10 
1.231384e+03 4.494976e-10 
1.232147e+03 4.536851e-10 
1.232910e+03 4.752198e-10 
1.233673e+03 4.438354e-10 
1.234436e+03 4.896779e-10 
1.235199e+03 4.592242e-10 
1.235962e+03 4.907146e-10 
1.236725e+03 4.943973e-10 
1.237488e+03 4.676785e-10 
1.238251e+03 5.151158e-10 
1.239014e+03 5.155510e-10 
1.239777e+03 4.658526e-10 
1.240540e+03 4.766406e-10 
1.241302e+03 4.289711e-10 
1.242065e+03 4.604127e-10 
1.242828e+03 5.063925e-10 
1.243591e+03 4.769688e-10 
1.244354e+03 5.143210e-10 
1.245117e+03 5.092448e-10 
1.245880e+03 4.513701e-10 
1.246643e+03 5.271701e-10 
1.247406e+03 5.044807e-10 
1.248169e+03 4.541822e-10 
1.248932e+03 4.481887e-10 
1.249695e+03 4.673957e-10 
1.250458e+03 4.832429e-10 
1.251221e+03 4.648718e-10 
1.251984e+03 4.520452e-10 
1.252747e+03 4.976028e-10 
1.253510e+03 4.858540e-10 
1.254272e+03 4.771469e-10 
1.255035e+03 4.934113e-10 
1.255798e+03 4.436868e-10 
1.256561e+03 5.001720e-10 
1.257324e+03 4.565265e-10 
1.258087e+03 4.313054e-10 
1.258850e+03 5.100802e-10 
1.259613e+03 5.335699e-10 
1.260376e+03 4.544272e-10 
1.261139e+03 4.732175e-10 
1.261902e+03 4.657828e-10 
1.262665e+03 4.413606e-10 
1.263428e+03 4.731520e-10 
1.264191e+03 4.558362e-10 
1.264954e+03 4.451441e-10 
1.265717e+03 4.604519e-10 
1.266479e+03 4.986160e-10 
1.267242e+03 4.624286e-10 
1.268005e+03 4.725675e-10 
1.268768e+03 4.750429e-10 
1.269531e+03 4.186621e-10 
1.270294e+03 4.183267e-10 
1.271057e+03 5.139254e-10 
1.271820e+03 5.312785e-10 
1.272583e+03 5.267158e-10 
1.273346e+03 5.426751e-10 
1.274109e+03 5.021708e-10 
1.274872e+03 4.837522e-10 
1.275635e+03 5.684738e-10 
1.276398e+03 5.337481e-10 
1.277161e+03 4.922252e-10 
1.277924e+03 5.145364e-10 
1.278687e+03 4.645420e-10 
1.279449e+03 4.192000e-10 
1.280212e+03 4.802164e-10 
1.280975e+03 4.744612e-10 
1.281738e+03 4.690768e-10 
1.282501e+03 5.029700e-10 
1.283264e+03 4.607783e-10 
1.284027e+03 5.104565e-10 
1.284790e+03 4.528692e-10 
1.285553e+03 4.758181e-10 
1.286316e+03 4.978404e-10 
1.287079e+03 4.489947e-10 
1.287842e+03 4.279202e-10 
1.288605e+03 4.589387e-10 
1.289368e+03 4.576623e-10 
1.290131e+03 4.393473e-10 
1.290894e+03 4.642397e-10 
1.291656e+03 4.534075e-10 
1.292419e+03 4.488463e-10 
1.293182e+03 4.579812e-10 
1.293945e+03 4.819938e-10 
1.294708e+03 5.253580e-10 
1.295471e+03 5.142784e-10 
1.296234e+03 5.120086e-10 
1.296997e+03 4.525414e-10 
1.297760e+03 4.947827e-10 
1.298523e+03 4.692305e-10 
1.299286e+03 4.287784e-10 
1.300049e+03 4.864585e-10 
1.300812e+03 5.378614e-10 
1.301575e+03 4.939106e-10 
1.302338e+03 4.841003e-10 
1.303101e+03 4.771793e-10 
1.303864e+03 4.973899e-10 
1.304626e+03 4.700370e-10 
1.305389e+03 5.093091e-10 
1.306152e+03 5.201277e-10 
1.306915e+03 5.122764e-10 
1.307678e+03 4.655368e-10 
1.308441e+03 4.962721e-10 
1.309204e+03 4.978208e-10 
1.309967e+03 4.937457e-10 
1.310730e+03 5.095551e-10 
1.311493e+03 4.885398e-10 
1.312256e+03 4.952702e-10 
1.313019e+03 4.945665e-10 
1.313782e+03 5.417579e-10 
1.314545e+03 5.674840e-10 
1.315308e+03 5.121938e-10 
1.316071e+03 4.697467e-10 
1.316833e+03 4.992233e-10 
1.317596e+03 4.918394e-10 
1.318359e+03 4.753527e-10 
1.319122e+03 4.337897e-10 
1.319885e+03 4.571253e-10 
1.320648e+03 4.671008e-10 
1.321411e+03 4.175103e-10 
1.322174e+03 4.426890e-10 
1.322937e+03 5.225064e-10 
1.323700e+03 5.343569e-10 
1.324463e+03 4.897880e-10 
1.325226e+03 5.376369e-10 
1.325989e+03 4.944198e-10 
1.326752e+03 4.489421e-10 
1.327515e+03 4.510883e-10 
1.328278e+03 4.945070e-10 
1.329041e+03 4.376460e-10 
1.329803e+03 4.491830e-10 
1.330566e+03 4.687770e-10 
1.331329e+03 4.925578e-10 
1.332092e+03 4.890322e-10 
1.332855e+03 5.443781e-10 
1.333618e+03 4.777086e-10 
1.334381e+03 4.689657e-10 
1.335144e+03 4.649877e-10 
1.335907e+03 5.118908e-10 
1.336670e+03 4.723578e-10 
1.337433e+03 4.817107e-10 
1.338196e+03 5.026036e-10 
1.338959e+03 4.844591e-10 
1.339722e+03 4.480012e-10 
1.340485e+03 4.367515e-10 
1.341248e+03 4.911749e-10 
1.342010e+03 5.517104e-10 
1.342773e+03 4.844156e-10 
1.343536e+03 4.741782e-10 
1.344299e+03 4.872724e-10 
1.345062e+03 4.527001e-10 
1.345825e+03 4.775588e-10 
1.346588e+03 4.665913e-10 
1.347351e+03 4.811182e-10 
1.348114e+03 4.682725e-10 
1.348877e+03 4.818049e-10 
1.349640e+03 4.996165e-10 
1.350403e+03 5.032944e-10 
1.351166e+03 4.492388e-10 
1.351929e+03 4.872664e-10 
1.352692e+03 4.657021e-10 
1.353455e+03 4.573035e-10 
1.354218e+03 4.271305e-10 
1.354980e+03 4.307857e-10 
1.355743e+03 4.967716e-10 
1.356506e+03 4.932970e-10 
1.357269e+03 4.548460e-10 
1.358032e+03 4.717233e-10 
1.358795e+03 4.927695e-10 
1.359558e+03 5.142685e-10 
1.360321e+03 4.033321e-10 
1.361084e+03 4.747613e-10 
1.361847e+03 5.220677e-10 
1.362610e+03 4.952647e-10 
1.363373e+03 4.811071e-10 
1.364136e+03 4.634414e-10 
1.364899e+03 4.788129e-10 
1.365662e+03 5.078425e-10 
1.366425e+03 4.815635e-10 
1.367188e+03 4.948937e-10 
1.367950e+03 5.068989e-10 
1.368713e+03 4.954765e-10 
1.369476e+03 5.252066e-10 
1.370239e+03 5.600182e-10 
1.371002e+03 4.982717e-10 
1.371765e+03 5.111915e-10 
1.372528e+03 5.254366e-10 
1.373291e+03 5.000680e-10 
1.374054e+03 4.833186e-10 
1.374817e+03 4.799163e-10 
1.375580e+03 5.273464e-10 
1.376343e+03 5.553337e-10 
1.377106e+03 5.124915e-10 
1.377869e+03 4.986255e-10 
1.378632e+03 4.856211e-10 
1.379395e+03 5.232674e-10 
1.380157e+03 4.863052e-10 
1.380920e+03 4.240277e-10 
1.381683e+03 4.711492e-10 
1.382446e+03 5.424036e-10 
1.383209e+03 5.312250e-10 
1.383972e+03 5.187417e-10 
1.384735e+03 4.900920e-10 
1.385498e+03 5.313528e-10 
1.386261e+03 5.556161e-10 
1.387024e+03 5.342313e-10 
1.387787e+03 5.170224e-10 
1.388550e+03 4.564529e-10 
1.389313e+03 4.712602e-10 
1.390076e+03 4.114339e-10 
1.390839e+03 4.430480e-10 
1.391602e+03 4.970653e-10 
1.392365e+03 4.661401e-10 
1.393127e+03 4.429119e-10 
1.393890e+03 5.028142e-10 
1.394653e+03 5.510515e-10 
1.395416e+03 4.367436e-10 
1.396179e+03 4.444549e-10 
1.396942e+03 5.259755e-10 
1.397705e+03 4.684291e-10 
1.398468e+03 4.051484e-10 
1.399231e+03 4.468633e-10 
1.399994e+03 4.665529e-10 
1.400757e+03 4.480371e-10 
1.401520e+03 4.948129e-10 
1.402283e+03 4.706108e-10 
1.403046e+03 4.674867e-10 
1.403809e+03 4.709326e-10 
1.404572e+03 4.766907e-10 
1.405334e+03 4.825892e-10 
1.406097e+03 4.410581e-10 
1.406860e+03 4.518388e-10 
1.407623e+03 5.017875e-10 
1.408386e+03 4.007060e-10 
1.409149e+03 3.939797e-10 
1.409912e+03 4.771141e-10 
1.410675e+03 4.764093e-10 
1.411438e+03 4.759087e-10 
1.412201e+03 4.654472e-10 
1.412964e+03 4.948758e-10 
1.413727e+03 5.098620e-10 
1.414490e+03 4.838982e-10 
1.415253e+03 4.741477e-10 
1.416016e+03 4.881580e-10 
1.416779e+03 4.897474e-10 
1.417542e+03 4.734642e-10 
1.418304e+03 4.585887e-10 
1.419067e+03 4.911228e-10 
1.419830e+03 4.546322e-10 
1.420593e+03 4.794365e-10 
1.421356e+03 4.656533e-10 
1.422119e+03 4.785566e-10 
1.422882e+03 3.992000e-10 
1.423645e+03 4.678852e-10 
1.424408e+03 5.123672e-10 
1.425171e+03 4.764965e-10 
1.425934e+03 4.511086e-10 
1.426697e+03 4.954594e-10 
1.427460e+03 4.512205e-10 
1.428223e+03 4.618644e-10 
1.428986e+03 4.410116e-10 
1.429749e+03 4.761145e-10 
1.430511e+03 5.266721e-10 
1.431274e+03 5.703203e-10 
1.432037e+03 5.536762e-10 
1.432800e+03 4.998425e-10 
1.433563e+03 4.535169e-10 
1.434326e+03 4.566724e-10 
1.435089e+03 4.369230e-10 
1.435852e+03 4.361913e-10 
1.436615e+03 4.734528e-10 
1.437378e+03 4.785362e-10 
1.438141e+03 5.315120e-10 
1.438904e+03 5.228061e-10 
1.439667e+03 4.838527e-10 
1.440430e+03 4.741853e-10 
1.441193e+03 4.983974e-10 
1.441956e+03 4.769829e-10 
1.442719e+03 4.759745e-10 
1.443481e+03 5.063171e-10 
1.444244e+03 4.296268e-10 
1.445007e+03 4.590986e-10 
1.445770e+03 4.688282e-10 
1.446533e+03 4.827328e-10 
1.447296e+03 4.442137e-10 
1.448059e+03 4.514520e-10 
1.448822e+03 5.040124e-10 
1.449585e+03 4.946442e-10 
1.450348e+03 4.695169e-10 
1.451111e+03 4.614851e-10 
1.451874e+03 4.739217e-10 
1.452637e+03 4.853549e-10 
1.453400e+03 5.040329e-10 
1.454163e+03 4.801862e-10 
1.454926e+03 4.518162e-10 
1.455688e+03 4.658514e-10 
1.456451e+03 5.040012e-10 
1.457214e+03 4.776276e-10 
1.457977e+03 4.353272e-10 
1.458740e+03 4.151050e-10 
1.459503e+03 4.073890e-10 
1.460266e+03 4.589930e-10 
1.461029e+03 5.145848e-10 
1.461792e+03 4.942101e-10 
1.462555e+03 4.791332e-10 
1.463318e+03 4.147865e-10 
1.464081e+03 4.499804e-10 
1.464844e+03 5.021977e-10 
1.465607e+03 4.776484e-10 
1.466370e+03 4.401658e-10 
1.467133e+03 4.773784e-10 
1.467896e+03 4.768825e-10 
1.468658e+03 4.460562e-10 
1.469421e+03 4.577841e-10 
1.470184e+03 4.569173e-10 
1.470947e+03 4.516358e-10 
1.471710e+03 4.976603e-10 
1.472473e+03 4.522836e-10 
1.473236e+03 4.728083e-10 
1.473999e+03 4.557386e-10 
1.474762e+03 4.846797e-10 
1.475525e+03 4.659024e-10 
1.476288e+03 4.565092e-10 
1.477051e+03 5.119346e-10 
1.477814e+03 5.252797e-10 
1.478577e+03 4.896219e-10 
1.479340e+03 4.500325e-10 
1.480103e+03 4.287874e-10 
1.480865e+03 4.747034e-10 
1.481628e+03 4.542974e-10 
1.482391e+03 4.149832e-10 
1.483154e+03 4.124407e-10 
1.483917e+03 4.950559e-10 
1.484680e+03 5.283362e-10 
1.485443e+03 4.923455e-10 
1.486206e+03 4.377111e-10 
1.486969e+03 4.306664e-10 
1.487732e+03 4.458830e-10 
1.488495e+03 4.937654e-10 
1.489258e+03 4.854366e-10 
1.490021e+03 4.936122e-10 
1.490784e+03 4.520145e-10 
1.491547e+03 4.851476e-10 
1.492310e+03 5.030794e-10 
1.493073e+03 4.908842e-10 
1.493835e+03 5.134207e-10 
1.494598e+03 5.097108e-10 
1.495361e+03 4.817070e-10 
1.496124e+03 4.847977e-10 
1.496887e+03 4.796351e-10 
1.497650e+03 4.568262e-10 
1.498413e+03 4.793440e-10 
1.499176e+03 4.586013e-10 
1.499939e+03 5.086890e-10 
1.500702e+03 5.202869e-10 
1.501465e+03 4.814383e-10 
1.502228e+03 5.048019e-10 
1.502991e+03 5.427461e-10 
1.503754e+03 5.073947e-10 
1.504517e+03 4.716571e-10 
1.505280e+03 4.442710e-10 
1.506042e+03 4.241491e-10 
1.506805e+03 4.434965e-10 
1.507568e+03 3.997279e-10 
1.508331e+03 4.581310e-10 
1.509094e+03 4.736444e-10 
1.509857e+03 4.651752e-10 
1.510620e+03 4.413249e-10 
1.511383e+03 5.164883e-10 
1.512146e+03 5.208257e-10 
1.512909e+03 5.039438e-10 
1.513672e+03 4.450448e-10 
1.514435e+03 4.262027e-10 
1.515198e+03 4.398021e-10 
1.515961e+03 4.881636e-10 
1.516724e+03 5.087340e-10 
1.517487e+03 4.691323e-10 
1.518250e+03 4.923507e-10 
1.519012e+03 4.956822e-10 
1.519775e+03 4.485434e-10 
1.520538e+03 4.379059e-10 
1.521301e+03 4.457693e-10 
1.522064e+03 4.505093e-10 
1.522827e+03 4.625056e-10 
1.523590e+03 4.713913e-10 
1.524353e+03 5.300574e-10 
1.525116e+03 5.038708e-10 
1.525879e+03 4.658075e-10 
1.526642e+03 4.472290e-10 
1.527405e+03 4.555936e-10 
1.528168e+03 4.148697e-10 
1.528931e+03 4.517953e-10 
1.529694e+03 4.459867e-10 
1.530457e+03 4.976873e-10 
1.531219e+03 4.966473e-10 
1.531982e+03 4.830254e-10 
1.532745e+03 4.773310e-10 
1.533508e+03 4.557135e-10 
1.534271e+03 5.025617e-10 
1.535034e+03 4.959566e-10 
1.535797e+03 4.506611e-10 
1.536560e+03 4.943220e-10 
1.537323e+03 4.964651e-10 
1.538086e+03 4.425288e-10 
1.538849e+03 4.506191e-10 
1.539612e+03 4.482836e-10 
1.540375e+03 4.515270e-10 
1.541138e+03 4.182872e-10 
1.541901e+03 4.559373e-10 
1.542664e+03 5.096549e-10 
1.543427e+03 5.005375e-10 
1.544189e+03 4.601043e-10 
1.544952e+03 4.331755e-10 
1.545715e+03 4.819868e-10 
1.546478e+03 5.015417e-10 
1.547241e+03 4.420120e-10 
1.548004e+03 4.161168e-10 
1.548767e+03 4.912462e-10 
1.549530e+03 4.800731e-10 
1.550293e+03 4.909910e-10 
1.551056e+03 4.361129e-10 
1.551819e+03 4.467906e-10 
1.552582e+03 4.753825e-10 
1.553345e+03 5.127057e-10 
1.554108e+03 4.607345e-10 
1.554871e+03 4.620219e-10 
1.555634e+03 4.815882e-10 
1.556396e+03 4.944793e-10 
1.557159e+03 5.123356e-10 
1.557922e+03 5.055383e-10 
1.558685e+03 4.889026e-10 
1.559448e+03 4.402263e-10 
1.560211e+03 4.235365e-10 
1.560974e+03 5.370630e-10 
1.561737e+03 4.891843e-10 
