temp         Psat         
1.100000e+03 6.382655e+02 
1.105000e+03 6.224491e+02 
1.110000e+03 5.985384e+02 
1.115000e+03 5.738573e+02 
1.120000e+03 5.468619e+02 
1.125000e+03 5.210715e+02 
1.130000e+03 4.939324e+02 
1.135000e+03 4.695331e+02 
1.140000e+03 4.435354e+02 
1.145000e+03 4.197392e+02 
1.145000e+03 4.121712e+02 
1.145000e+03 4.108223e+02 
1.150000e+03 3.833988e+02 
1.155000e+03 3.567112e+02 
1.155000e+03 3.547819e+02 
1.155000e+03 3.532965e+02 
1.160000e+03 3.247211e+02 
1.110000e+03 5.952699e+02 
1.110000e+03 5.963888e+02 
1.100000e+03 6.477607e+02 
1.090000e+03 6.955012e+02 
1.090000e+03 6.974007e+02 
1.080000e+03 7.449046e+02 
1.070000e+03 7.944618e+02 
1.060000e+03 8.349631e+02 
1.060000e+03 8.390455e+02 
1.050000e+03 8.837799e+02 
1.050000e+03 8.965026e+02 
1.040000e+03 9.324762e+02 
1.030000e+03 9.753654e+02 
1.020000e+03 1.013432e+03 
1.010000e+03 1.053228e+03 
1.000000e+03 1.092040e+03 
1.000000e+03 1.100071e+03 
1.000000e+03 1.095506e+03 
9.950000e+02 1.113953e+03 
