f            Pxx32k       Pxx31k       Pxx30k       Pxx29k       Pxx28k       Pxx27k       Pxx26k       Pxx25k       Pxx_pow32k   Pxx_pow31k   Pxx_pow30k   Pxx_pow29k   Pxx_pow28k   Pxx_pow27k   Pxx_pow26k   Pxx_pow25k   
4.768372e-01 4.553800e-10 4.840911e-10 5.263619e-10 5.384748e-10 5.827371e-10 6.333155e-10 6.631196e-10 6.932210e-10 1.128662e-15 1.126836e-15 1.124881e-15 1.124082e-15 1.122979e-15 1.121968e-15 1.121286e-15 1.120880e-15 
7.152557e-01 4.553400e-10 4.840517e-10 5.263243e-10 5.384338e-10 5.826977e-10 6.332795e-10 6.630815e-10 6.931814e-10 1.128563e-15 1.126745e-15 1.124801e-15 1.123996e-15 1.122903e-15 1.121904e-15 1.121221e-15 1.120816e-15 
9.536743e-01 4.552840e-10 4.839966e-10 5.262718e-10 5.383764e-10 5.826426e-10 6.332291e-10 6.630282e-10 6.931258e-10 1.128425e-15 1.126616e-15 1.124689e-15 1.123877e-15 1.122797e-15 1.121815e-15 1.121131e-15 1.120726e-15 
1.192093e+00 4.552121e-10 4.839258e-10 5.262043e-10 5.383027e-10 5.825717e-10 6.331644e-10 6.629597e-10 6.930544e-10 1.128246e-15 1.126451e-15 1.124544e-15 1.123723e-15 1.122660e-15 1.121700e-15 1.121015e-15 1.120610e-15 
1.430511e+00 4.551242e-10 4.838392e-10 5.261218e-10 5.382126e-10 5.824851e-10 6.330853e-10 6.628760e-10 6.929672e-10 1.128029e-15 1.126250e-15 1.124368e-15 1.123535e-15 1.122493e-15 1.121560e-15 1.120874e-15 1.120469e-15 
1.668930e+00 4.550205e-10 4.837371e-10 5.260243e-10 5.381062e-10 5.823829e-10 6.329918e-10 6.627771e-10 6.928641e-10 1.127771e-15 1.126012e-15 1.124160e-15 1.123313e-15 1.122296e-15 1.121395e-15 1.120707e-15 1.120303e-15 
1.907349e+00 4.549008e-10 4.836192e-10 5.259120e-10 5.379835e-10 5.822649e-10 6.328841e-10 6.626630e-10 6.927453e-10 1.127475e-15 1.125738e-15 1.123920e-15 1.123056e-15 1.122069e-15 1.121204e-15 1.120514e-15 1.120111e-15 
2.145767e+00 4.547654e-10 4.834858e-10 5.257847e-10 5.378446e-10 5.821313e-10 6.327620e-10 6.625338e-10 6.926107e-10 1.127139e-15 1.125427e-15 1.123648e-15 1.122766e-15 1.121811e-15 1.120988e-15 1.120295e-15 1.119893e-15 
2.384186e+00 4.546141e-10 4.833368e-10 5.256427e-10 5.376895e-10 5.819821e-10 6.326257e-10 6.623895e-10 6.924604e-10 1.126764e-15 1.125081e-15 1.123344e-15 1.122443e-15 1.121524e-15 1.120746e-15 1.120051e-15 1.119650e-15 
2.622604e+00 4.544471e-10 4.831723e-10 5.254857e-10 5.375181e-10 5.818174e-10 6.324751e-10 6.622301e-10 6.922943e-10 1.126350e-15 1.124698e-15 1.123009e-15 1.122085e-15 1.121206e-15 1.120479e-15 1.119782e-15 1.119381e-15 
2.861023e+00 4.542645e-10 4.829924e-10 5.253141e-10 5.373307e-10 5.816371e-10 6.323103e-10 6.620557e-10 6.921126e-10 1.125898e-15 1.124279e-15 1.122642e-15 1.121694e-15 1.120859e-15 1.120187e-15 1.119487e-15 1.119088e-15 
3.099442e+00 4.540662e-10 4.827970e-10 5.251277e-10 5.371272e-10 5.814414e-10 6.321313e-10 6.618663e-10 6.919152e-10 1.125406e-15 1.123824e-15 1.122244e-15 1.121269e-15 1.120482e-15 1.119870e-15 1.119167e-15 1.118768e-15 
3.337860e+00 4.538524e-10 4.825863e-10 5.249266e-10 5.369077e-10 5.812302e-10 6.319382e-10 6.616619e-10 6.917022e-10 1.124876e-15 1.123334e-15 1.121814e-15 1.120811e-15 1.120075e-15 1.119528e-15 1.118821e-15 1.118424e-15 
3.576279e+00 4.536231e-10 4.823604e-10 5.247109e-10 5.366723e-10 5.810036e-10 6.317310e-10 6.614426e-10 6.914737e-10 1.124308e-15 1.122808e-15 1.121353e-15 1.120319e-15 1.119638e-15 1.119161e-15 1.118450e-15 1.118055e-15 
3.814697e+00 4.533785e-10 4.821192e-10 5.244806e-10 5.364209e-10 5.807618e-10 6.315097e-10 6.612084e-10 6.912297e-10 1.123702e-15 1.122246e-15 1.120861e-15 1.119794e-15 1.119172e-15 1.118769e-15 1.118054e-15 1.117660e-15 
4.053116e+00 4.531185e-10 4.818629e-10 5.242358e-10 5.361538e-10 5.805046e-10 6.312744e-10 6.609593e-10 6.909703e-10 1.123057e-15 1.121650e-15 1.120338e-15 1.119237e-15 1.118677e-15 1.118352e-15 1.117633e-15 1.117241e-15 
4.291534e+00 4.528433e-10 4.815915e-10 5.239766e-10 5.358709e-10 5.802323e-10 6.310252e-10 6.606955e-10 6.906954e-10 1.122375e-15 1.121018e-15 1.119784e-15 1.118646e-15 1.118152e-15 1.117911e-15 1.117187e-15 1.116796e-15 
4.529953e+00 4.525529e-10 4.813052e-10 5.237031e-10 5.355724e-10 5.799449e-10 6.307621e-10 6.604170e-10 6.904052e-10 1.121656e-15 1.120351e-15 1.119199e-15 1.118023e-15 1.117598e-15 1.117445e-15 1.116716e-15 1.116327e-15 
4.768372e+00 4.522475e-10 4.810040e-10 5.234152e-10 5.352583e-10 5.796424e-10 6.304851e-10 6.601238e-10 6.900997e-10 1.120899e-15 1.119650e-15 1.118584e-15 1.117367e-15 1.117015e-15 1.116954e-15 1.116220e-15 1.115833e-15 
5.006790e+00 4.519272e-10 4.806880e-10 5.231131e-10 5.349288e-10 5.793249e-10 6.301943e-10 6.598160e-10 6.897790e-10 1.120105e-15 1.118915e-15 1.117938e-15 1.116679e-15 1.116403e-15 1.116439e-15 1.115700e-15 1.115314e-15 
5.245209e+00 4.515920e-10 4.803573e-10 5.227969e-10 5.345838e-10 5.789925e-10 6.298897e-10 6.594937e-10 6.894431e-10 1.119274e-15 1.118145e-15 1.117262e-15 1.115959e-15 1.115763e-15 1.115899e-15 1.115155e-15 1.114771e-15 
5.483627e+00 4.512422e-10 4.800119e-10 5.224666e-10 5.342236e-10 5.786453e-10 6.295715e-10 6.591569e-10 6.890922e-10 1.118407e-15 1.117341e-15 1.116557e-15 1.115207e-15 1.115093e-15 1.115335e-15 1.114585e-15 1.114204e-15 
5.722046e+00 4.508777e-10 4.796522e-10 5.221223e-10 5.338481e-10 5.782833e-10 6.292397e-10 6.588057e-10 6.887262e-10 1.117504e-15 1.116504e-15 1.115821e-15 1.114424e-15 1.114396e-15 1.114748e-15 1.113991e-15 1.113612e-15 
5.960464e+00 4.504987e-10 4.792780e-10 5.217642e-10 5.334576e-10 5.779067e-10 6.288943e-10 6.584402e-10 6.883453e-10 1.116564e-15 1.115633e-15 1.115056e-15 1.113608e-15 1.113670e-15 1.114136e-15 1.113373e-15 1.112996e-15 
6.437302e+00 4.496978e-10 4.784869e-10 5.210067e-10 5.326316e-10 5.771100e-10 6.281633e-10 6.576664e-10 6.875390e-10 1.114579e-15 1.113791e-15 1.113437e-15 1.111884e-15 1.112135e-15 1.112841e-15 1.112065e-15 1.111693e-15 
6.675720e+00 4.492761e-10 4.780703e-10 5.206075e-10 5.321965e-10 5.766900e-10 6.277778e-10 6.572584e-10 6.871138e-10 1.113534e-15 1.112821e-15 1.112583e-15 1.110976e-15 1.111325e-15 1.112158e-15 1.111375e-15 1.111005e-15 
6.914139e+00 4.488405e-10 4.776397e-10 5.201948e-10 5.317466e-10 5.762557e-10 6.273790e-10 6.568363e-10 6.866740e-10 1.112454e-15 1.111819e-15 1.111702e-15 1.110037e-15 1.110489e-15 1.111451e-15 1.110661e-15 1.110294e-15 
7.152557e+00 4.483910e-10 4.771953e-10 5.197687e-10 5.312823e-10 5.758074e-10 6.269670e-10 6.564003e-10 6.862196e-10 1.111340e-15 1.110785e-15 1.110791e-15 1.109067e-15 1.109625e-15 1.110721e-15 1.109924e-15 1.109559e-15 
7.629395e+00 4.474511e-10 4.762658e-10 5.188769e-10 5.303106e-10 5.748685e-10 6.261040e-10 6.554868e-10 6.852677e-10 1.109011e-15 1.108621e-15 1.108885e-15 1.107039e-15 1.107815e-15 1.109192e-15 1.108379e-15 1.108020e-15 
7.867813e+00 4.469610e-10 4.757808e-10 5.184113e-10 5.298034e-10 5.743783e-10 6.256531e-10 6.550096e-10 6.847703e-10 1.107796e-15 1.107492e-15 1.107890e-15 1.105980e-15 1.106871e-15 1.108394e-15 1.107572e-15 1.107216e-15 
8.344650e+00 4.459411e-10 4.747713e-10 5.174416e-10 5.287473e-10 5.733568e-10 6.247129e-10 6.540145e-10 6.837333e-10 1.105268e-15 1.105142e-15 1.105818e-15 1.103775e-15 1.104902e-15 1.106728e-15 1.105890e-15 1.105539e-15 
8.821487e+00 4.448695e-10 4.737099e-10 5.164210e-10 5.276362e-10 5.722815e-10 6.237222e-10 6.529659e-10 6.826404e-10 1.102612e-15 1.102672e-15 1.103637e-15 1.101456e-15 1.102830e-15 1.104973e-15 1.104117e-15 1.103772e-15 
9.059906e+00 4.443147e-10 4.731602e-10 5.158920e-10 5.270604e-10 5.717239e-10 6.232082e-10 6.524218e-10 6.820734e-10 1.101237e-15 1.101392e-15 1.102506e-15 1.100254e-15 1.101755e-15 1.104062e-15 1.103197e-15 1.102855e-15 
9.536743e+00 4.431680e-10 4.720232e-10 5.147973e-10 5.258691e-10 5.705695e-10 6.221432e-10 6.512946e-10 6.808985e-10 1.098395e-15 1.098745e-15 1.100167e-15 1.097767e-15 1.099531e-15 1.102176e-15 1.101291e-15 1.100955e-15 
1.001358e+01 4.419728e-10 4.708375e-10 5.136544e-10 5.246258e-10 5.693639e-10 6.210297e-10 6.501161e-10 6.796701e-10 1.095433e-15 1.095985e-15 1.097724e-15 1.095172e-15 1.097207e-15 1.100203e-15 1.099298e-15 1.098969e-15 
1.049042e+01 4.407306e-10 4.696042e-10 5.124643e-10 5.233318e-10 5.681079e-10 6.198686e-10 6.488871e-10 6.783891e-10 1.092354e-15 1.093115e-15 1.095181e-15 1.092470e-15 1.094787e-15 1.098146e-15 1.097220e-15 1.096898e-15 
1.096725e+01 4.394428e-10 4.683247e-10 5.112284e-10 5.219883e-10 5.668028e-10 6.186607e-10 6.476086e-10 6.770564e-10 1.089162e-15 1.090136e-15 1.092540e-15 1.089666e-15 1.092272e-15 1.096006e-15 1.095058e-15 1.094743e-15 
1.144409e+01 4.381109e-10 4.670003e-10 5.099476e-10 5.205967e-10 5.654497e-10 6.174069e-10 6.462816e-10 6.756730e-10 1.085861e-15 1.087053e-15 1.089802e-15 1.086761e-15 1.089665e-15 1.093785e-15 1.092814e-15 1.092506e-15 
1.192093e+01 4.367363e-10 4.656323e-10 5.086232e-10 5.191583e-10 5.640498e-10 6.161082e-10 6.449070e-10 6.742400e-10 1.082454e-15 1.083869e-15 1.086972e-15 1.083758e-15 1.086967e-15 1.091484e-15 1.090490e-15 1.090189e-15 
1.263618e+01 4.345976e-10 4.635019e-10 5.065575e-10 5.169159e-10 5.618646e-10 6.140779e-10 6.427582e-10 6.719997e-10 1.077153e-15 1.078910e-15 1.082557e-15 1.079077e-15 1.082756e-15 1.087887e-15 1.086856e-15 1.086567e-15 
1.311302e+01 4.331229e-10 4.620313e-10 5.051293e-10 5.153664e-10 5.603529e-10 6.126711e-10 6.412692e-10 6.704472e-10 1.073498e-15 1.075487e-15 1.079505e-15 1.075843e-15 1.079843e-15 1.085395e-15 1.084338e-15 1.084056e-15 
1.382828e+01 4.308413e-10 4.597536e-10 5.029137e-10 5.129640e-10 5.580058e-10 6.104834e-10 6.389536e-10 6.680327e-10 1.067843e-15 1.070185e-15 1.074770e-15 1.070827e-15 1.075320e-15 1.081519e-15 1.080423e-15 1.080153e-15 
1.430511e+01 4.292760e-10 4.581893e-10 5.013895e-10 5.113123e-10 5.563900e-10 6.089747e-10 6.373568e-10 6.663676e-10 1.063964e-15 1.066544e-15 1.071513e-15 1.067379e-15 1.072206e-15 1.078846e-15 1.077723e-15 1.077460e-15 
1.502037e+01 4.268657e-10 4.557777e-10 4.990358e-10 5.087631e-10 5.538928e-10 6.066390e-10 6.348846e-10 6.637895e-10 1.057990e-15 1.060930e-15 1.066483e-15 1.062058e-15 1.067394e-15 1.074709e-15 1.073543e-15 1.073292e-15 
1.573563e+01 4.243852e-10 4.532923e-10 4.966050e-10 5.061324e-10 5.513113e-10 6.042192e-10 6.323235e-10 6.611183e-10 1.051842e-15 1.055145e-15 1.061288e-15 1.056566e-15 1.062419e-15 1.070422e-15 1.069212e-15 1.068973e-15 
1.645088e+01 4.218396e-10 4.507380e-10 4.941014e-10 5.034249e-10 5.486499e-10 6.017190e-10 6.296771e-10 6.583581e-10 1.045532e-15 1.049199e-15 1.055938e-15 1.050914e-15 1.057290e-15 1.065992e-15 1.064737e-15 1.064509e-15 
1.716614e+01 4.192340e-10 4.481196e-10 4.915294e-10 5.006455e-10 5.459130e-10 5.991419e-10 6.269495e-10 6.555128e-10 1.039074e-15 1.043104e-15 1.050441e-15 1.045112e-15 1.052016e-15 1.061427e-15 1.060125e-15 1.059909e-15 
1.811981e+01 4.156751e-10 4.445371e-10 4.880010e-10 4.968362e-10 5.421537e-10 5.955927e-10 6.231928e-10 6.515936e-10 1.030254e-15 1.034765e-15 1.042901e-15 1.037160e-15 1.044771e-15 1.055139e-15 1.053773e-15 1.053572e-15 
1.883507e+01 4.129489e-10 4.417878e-10 4.852860e-10 4.939078e-10 5.392575e-10 5.928506e-10 6.202905e-10 6.485653e-10 1.023497e-15 1.028365e-15 1.037098e-15 1.031047e-15 1.039190e-15 1.050281e-15 1.048865e-15 1.048675e-15 
1.978874e+01 4.092468e-10 4.380477e-10 4.815825e-10 4.899169e-10 5.353017e-10 5.890945e-10 6.163149e-10 6.444168e-10 1.014321e-15 1.019659e-15 1.029184e-15 1.022716e-15 1.031567e-15 1.043627e-15 1.042143e-15 1.041967e-15 
2.074242e+01 4.054781e-10 4.342323e-10 4.777924e-10 4.858372e-10 5.312474e-10 5.852322e-10 6.122268e-10 6.401502e-10 1.004980e-15 1.010778e-15 1.021084e-15 1.014199e-15 1.023754e-15 1.036785e-15 1.035230e-15 1.035069e-15 
2.169609e+01 4.016534e-10 4.303518e-10 4.739255e-10 4.816793e-10 5.271046e-10 5.812722e-10 6.080352e-10 6.357749e-10 9.955007e-16 1.001745e-15 1.012820e-15 1.005520e-15 1.015771e-15 1.029769e-15 1.028142e-15 1.027994e-15 
2.264977e+01 3.977826e-10 4.264163e-10 4.699909e-10 4.774535e-10 5.228828e-10 5.772228e-10 6.037490e-10 6.313002e-10 9.859069e-16 9.925846e-16 1.004411e-15 9.966982e-16 1.007635e-15 1.022596e-15 1.020895e-15 1.020759e-15 
2.384186e+01 3.928938e-10 4.214338e-10 4.649913e-10 4.720905e-10 5.175089e-10 5.720480e-10 5.982714e-10 6.255809e-10 9.737901e-16 9.809866e-16 9.937268e-16 9.855028e-16 9.972790e-16 1.013428e-15 1.011632e-15 1.011511e-15 
2.479553e+01 3.889536e-10 4.174082e-10 4.609369e-10 4.677470e-10 5.131433e-10 5.678275e-10 5.938039e-10 6.209153e-10 9.640241e-16 9.716160e-16 9.850623e-16 9.764355e-16 9.888662e-16 1.005951e-15 1.004078e-15 1.003968e-15 
2.598763e+01 3.840052e-10 4.123404e-10 4.558141e-10 4.622657e-10 5.076174e-10 5.624639e-10 5.881262e-10 6.149849e-10 9.517596e-16 9.598195e-16 9.741144e-16 9.649931e-16 9.782173e-16 9.964489e-16 9.944775e-16 9.943786e-16 
2.717972e+01 3.790453e-10 4.072471e-10 4.506443e-10 4.567418e-10 5.020297e-10 5.570160e-10 5.823592e-10 6.089599e-10 9.394665e-16 9.479637e-16 9.630661e-16 9.534619e-16 9.674493e-16 9.867976e-16 9.847259e-16 9.846368e-16 
2.861023e+01 3.730974e-10 4.011213e-10 4.443984e-10 4.500783e-10 4.952640e-10 5.503872e-10 5.753417e-10 6.016270e-10 9.247245e-16 9.337044e-16 9.497182e-16 9.395517e-16 9.544114e-16 9.750541e-16 9.728599e-16 9.727801e-16 
2.980232e+01 3.681585e-10 3.960198e-10 4.391737e-10 4.445126e-10 4.895921e-10 5.448025e-10 5.694294e-10 5.954475e-10 9.124833e-16 9.218295e-16 9.385525e-16 9.279330e-16 9.434811e-16 9.651604e-16 9.628627e-16 9.627884e-16 
3.123283e+01 3.622692e-10 3.899192e-10 4.328981e-10 4.378372e-10 4.827643e-10 5.380468e-10 5.622770e-10 5.879702e-10 8.978868e-16 9.076290e-16 9.251410e-16 9.139979e-16 9.303235e-16 9.531922e-16 9.507685e-16 9.506982e-16 
3.266335e+01 3.564364e-10 3.838584e-10 4.266336e-10 4.311841e-10 4.759324e-10 5.312510e-10 5.550818e-10 5.804463e-10 8.834300e-16 8.935211e-16 9.117532e-16 9.001094e-16 9.171579e-16 9.411529e-16 9.386019e-16 9.385326e-16 
3.433228e+01 3.497215e-10 3.768582e-10 4.193613e-10 4.234735e-10 4.679811e-10 5.232967e-10 5.466593e-10 5.716367e-10 8.667872e-16 8.772265e-16 8.962117e-16 8.840134e-16 9.018352e-16 9.270612e-16 9.243602e-16 9.242882e-16 
3.600121e+01 3.431215e-10 3.699540e-10 4.121503e-10 4.158411e-10 4.600753e-10 5.153399e-10 5.382336e-10 5.628210e-10 8.504290e-16 8.611553e-16 8.808011e-16 8.680806e-16 8.866001e-16 9.129652e-16 9.101129e-16 9.100340e-16 
3.767014e+01 3.366517e-10 3.631632e-10 4.050205e-10 4.083074e-10 4.522376e-10 5.074048e-10 5.298300e-10 5.540259e-10 8.343936e-16 8.453481e-16 8.655641e-16 8.523536e-16 8.714963e-16 8.989075e-16 8.959030e-16 8.958132e-16 
3.933907e+01 3.303242e-10 3.565000e-10 3.979890e-10 4.008893e-10 4.444876e-10 4.995127e-10 5.214710e-10 5.452751e-10 8.187108e-16 8.298379e-16 8.505372e-16 8.368683e-16 8.565614e-16 8.849260e-16 8.817686e-16 8.816638e-16 
4.124641e+01 3.232787e-10 3.490556e-10 3.900915e-10 3.925713e-10 4.357589e-10 4.905699e-10 5.119981e-10 5.353548e-10 8.012486e-16 8.125093e-16 8.336595e-16 8.195042e-16 8.397404e-16 8.690831e-16 8.657505e-16 8.656236e-16 
4.315376e+01 3.164412e-10 3.418055e-10 3.823580e-10 3.844396e-10 4.271867e-10 4.817320e-10 5.026349e-10 5.255464e-10 7.843017e-16 7.956330e-16 8.171324e-16 8.025290e-16 8.232212e-16 8.534260e-16 8.499181e-16 8.497641e-16 
4.529953e+01 3.090054e-10 3.338929e-10 3.738705e-10 3.755299e-10 4.177504e-10 4.719400e-10 4.922593e-10 5.146735e-10 7.658720e-16 7.772144e-16 7.989938e-16 7.839297e-16 8.050369e-16 8.360789e-16 8.323738e-16 8.321836e-16 
4.720688e+01 3.026275e-10 3.270825e-10 3.665260e-10 3.678321e-10 4.095611e-10 4.633887e-10 4.831966e-10 5.051732e-10 7.500643e-16 7.613617e-16 7.832979e-16 7.678603e-16 7.892553e-16 8.209295e-16 8.170495e-16 8.168225e-16 
4.959106e+01 2.949630e-10 3.188698e-10 3.576207e-10 3.585128e-10 3.996016e-10 4.529228e-10 4.721026e-10 4.935393e-10 7.310679e-16 7.422447e-16 7.642665e-16 7.484059e-16 7.700627e-16 8.023883e-16 7.982903e-16 7.980113e-16 
5.197525e+01 2.876382e-10 3.109918e-10 3.490287e-10 3.495356e-10 3.899615e-10 4.427237e-10 4.612887e-10 4.821946e-10 7.129133e-16 7.239068e-16 7.459048e-16 7.296658e-16 7.514854e-16 7.843197e-16 7.800048e-16 7.796679e-16 
5.435944e+01 2.806471e-10 3.034461e-10 3.407536e-10 3.409020e-10 3.806477e-10 4.328061e-10 4.507705e-10 4.711558e-10 6.955857e-16 7.063423e-16 7.282202e-16 7.116429e-16 7.335371e-16 7.667500e-16 7.622194e-16 7.618192e-16 
5.698204e+01 2.733320e-10 2.955226e-10 3.320164e-10 3.317988e-10 3.707826e-10 4.222337e-10 4.395544e-10 4.593798e-10 6.774552e-16 6.878987e-16 7.095479e-16 6.926397e-16 7.145262e-16 7.480201e-16 7.432538e-16 7.427783e-16 
5.960464e+01 2.663963e-10 2.879836e-10 3.236573e-10 3.231011e-10 3.613141e-10 4.120212e-10 4.287166e-10 4.479961e-10 6.602651e-16 6.703498e-16 6.916839e-16 6.744829e-16 6.962797e-16 7.299280e-16 7.249278e-16 7.243718e-16 
6.246567e+01 2.592443e-10 2.801821e-10 3.149603e-10 3.140627e-10 3.514308e-10 4.012940e-10 4.173281e-10 4.360288e-10 6.425389e-16 6.521900e-16 6.730976e-16 6.556150e-16 6.772339e-16 7.109238e-16 7.056707e-16 7.050218e-16 
6.532669e+01 2.525034e-10 2.728034e-10 3.066904e-10 3.054778e-10 3.420022e-10 3.909965e-10 4.063913e-10 4.245310e-10 6.258315e-16 6.350143e-16 6.554240e-16 6.376938e-16 6.590643e-16 6.926809e-16 6.871773e-16 6.864308e-16 
6.842613e+01 2.456387e-10 2.652633e-10 2.981949e-10 2.966677e-10 3.322846e-10 3.803187e-10 3.950453e-10 4.125977e-10 6.088173e-16 6.174629e-16 6.372684e-16 6.193025e-16 6.403377e-16 6.737644e-16 6.679922e-16 6.671356e-16 
7.176399e+01 2.387235e-10 2.576409e-10 2.895604e-10 2.877219e-10 3.223743e-10 3.693620e-10 3.833969e-10 4.003401e-10 5.916779e-16 5.997199e-16 6.188157e-16 6.006279e-16 6.212398e-16 6.543538e-16 6.482956e-16 6.473162e-16 
7.486343e+01 2.327161e-10 2.509968e-10 2.819958e-10 2.798909e-10 3.136634e-10 3.596756e-10 3.730933e-10 3.894925e-10 5.767884e-16 5.842543e-16 6.026496e-16 5.842804e-16 6.044532e-16 6.371937e-16 6.308729e-16 6.297764e-16 
7.867813e+01 2.258290e-10 2.433539e-10 2.732493e-10 2.708425e-10 3.035569e-10 3.483726e-10 3.610624e-10 3.768198e-10 5.597187e-16 5.664637e-16 5.839575e-16 5.653917e-16 5.849773e-16 6.171695e-16 6.105296e-16 6.092858e-16 
8.225441e+01 2.198410e-10 2.366858e-10 2.655785e-10 2.629117e-10 2.946621e-10 3.383671e-10 3.504051e-10 3.655879e-10 5.448775e-16 5.509420e-16 5.675643e-16 5.488359e-16 5.678363e-16 5.994440e-16 5.925090e-16 5.911247e-16 
8.630753e+01 2.135563e-10 2.296635e-10 2.574595e-10 2.545214e-10 2.852144e-10 3.276810e-10 3.390142e-10 3.535760e-10 5.293008e-16 5.345960e-16 5.502134e-16 5.313209e-16 5.496299e-16 5.805127e-16 5.732478e-16 5.717026e-16 
9.036064e+01 2.077581e-10 2.231627e-10 2.499054e-10 2.467174e-10 2.763921e-10 3.176475e-10 3.283100e-10 3.422816e-10 5.149299e-16 5.194638e-16 5.340695e-16 5.150298e-16 5.326285e-16 5.627375e-16 5.551478e-16 5.534404e-16 
9.441376e+01 2.024022e-10 2.171383e-10 2.428713e-10 2.394522e-10 2.681482e-10 3.082241e-10 3.182479e-10 3.316583e-10 5.016552e-16 5.054405e-16 5.190370e-16 4.998634e-16 5.167419e-16 5.460433e-16 5.381335e-16 5.362635e-16 
9.894371e+01 1.968903e-10 2.109182e-10 2.355740e-10 2.319158e-10 2.595650e-10 2.983637e-10 3.077091e-10 3.205248e-10 4.879940e-16 4.909620e-16 5.034422e-16 4.841310e-16 5.002015e-16 5.285748e-16 5.203131e-16 5.182616e-16 
1.037121e+02 1.915758e-10 2.049009e-10 2.284799e-10 2.245889e-10 2.511890e-10 2.886926e-10 2.973615e-10 3.095860e-10 4.748219e-16 4.769551e-16 4.882814e-16 4.688359e-16 4.840603e-16 5.114417e-16 5.028162e-16 5.005744e-16 
1.084805e+02 1.867099e-10 1.993735e-10 2.219325e-10 2.178256e-10 2.434292e-10 2.796897e-10 2.877180e-10 2.993843e-10 4.627617e-16 4.640889e-16 4.742891e-16 4.547174e-16 4.691066e-16 4.954924e-16 4.865096e-16 4.840792e-16 
1.137257e+02 1.818205e-10 1.938016e-10 2.153012e-10 2.109738e-10 2.355396e-10 2.704931e-10 2.778548e-10 2.889427e-10 4.506434e-16 4.511189e-16 4.601173e-16 4.404141e-16 4.539027e-16 4.791997e-16 4.698317e-16 4.671959e-16 
1.189709e+02 1.773640e-10 1.887066e-10 2.092091e-10 2.046768e-10 2.282630e-10 2.619718e-10 2.687040e-10 2.792478e-10 4.395978e-16 4.392591e-16 4.470980e-16 4.272689e-16 4.398802e-16 4.641036e-16 4.543584e-16 4.515201e-16 
1.244545e+02 1.731162e-10 1.838354e-10 2.033582e-10 1.986262e-10 2.212472e-10 2.537197e-10 2.598301e-10 2.698389e-10 4.290698e-16 4.279202e-16 4.345941e-16 4.146381e-16 4.263602e-16 4.494844e-16 4.393533e-16 4.363066e-16 
1.304150e+02 1.689219e-10 1.790105e-10 1.975366e-10 1.926025e-10 2.142383e-10 2.454395e-10 2.509127e-10 2.603760e-10 4.186742e-16 4.166892e-16 4.221529e-16 4.020633e-16 4.128535e-16 4.348153e-16 4.242747e-16 4.210059e-16 
1.366138e+02 1.649723e-10 1.744531e-10 1.920125e-10 1.868827e-10 2.075598e-10 2.375151e-10 2.423650e-10 2.512972e-10 4.088850e-16 4.060807e-16 4.103474e-16 3.901230e-16 3.999835e-16 4.207767e-16 4.098211e-16 4.063263e-16 
1.430511e+02 1.612620e-10 1.701590e-10 1.867843e-10 1.814653e-10 2.012126e-10 2.299518e-10 2.341931e-10 2.426095e-10 3.996890e-16 3.960853e-16 3.991744e-16 3.788140e-16 3.877520e-16 4.073778e-16 3.960030e-16 3.922791e-16 
1.497269e+02 1.577839e-10 1.661220e-10 1.818477e-10 1.763458e-10 1.951942e-10 2.227506e-10 2.263987e-10 2.343153e-10 3.910684e-16 3.866882e-16 3.886244e-16 3.681270e-16 3.761542e-16 3.946203e-16 3.828234e-16 3.788681e-16 
1.568794e+02 1.544226e-10 1.622097e-10 1.770429e-10 1.713587e-10 1.893117e-10 2.156831e-10 2.187351e-10 2.261519e-10 3.827374e-16 3.775814e-16 3.783561e-16 3.577163e-16 3.648181e-16 3.820996e-16 3.698647e-16 3.656685e-16 
1.642704e+02 1.512956e-10 1.585603e-10 1.725421e-10 1.666829e-10 1.837777e-10 2.090074e-10 2.114823e-10 2.184179e-10 3.749871e-16 3.690866e-16 3.687374e-16 3.479554e-16 3.541536e-16 3.702730e-16 3.576007e-16 3.531633e-16 
1.718998e+02 1.483890e-10 1.551597e-10 1.683310e-10 1.623041e-10 1.785782e-10 2.027105e-10 2.046276e-10 2.111005e-10 3.677833e-16 3.611709e-16 3.597379e-16 3.388146e-16 3.441338e-16 3.591176e-16 3.460100e-16 3.413318e-16 
1.800060e+02 1.456115e-10 1.519024e-10 1.642815e-10 1.580895e-10 1.735573e-10 1.966065e-10 1.979694e-10 2.039849e-10 3.608992e-16 3.535888e-16 3.510838e-16 3.300165e-16 3.344581e-16 3.483038e-16 3.347515e-16 3.298264e-16 
1.885891e+02 1.429727e-10 1.488010e-10 1.604109e-10 1.540576e-10 1.687383e-10 1.907254e-10 1.915411e-10 1.971069e-10 3.543588e-16 3.463694e-16 3.428121e-16 3.215998e-16 3.251716e-16 3.378851e-16 3.238816e-16 3.187051e-16 
1.974106e+02 1.405401e-10 1.459363e-10 1.568229e-10 1.503169e-10 1.642530e-10 1.852311e-10 1.855226e-10 1.906597e-10 3.483295e-16 3.397012e-16 3.351442e-16 3.137909e-16 3.165281e-16 3.281514e-16 3.137050e-16 3.082806e-16 
2.067089e+02 1.382401e-10 1.432232e-10 1.534133e-10 1.467595e-10 1.599742e-10 1.799705e-10 1.797483e-10 1.844664e-10 3.426290e-16 3.333859e-16 3.278576e-16 3.063647e-16 3.082824e-16 3.188319e-16 3.039409e-16 2.982665e-16 
2.164841e+02 1.360733e-10 1.406638e-10 1.501866e-10 1.433907e-10 1.559097e-10 1.749559e-10 1.742323e-10 1.785428e-10 3.372587e-16 3.274282e-16 3.209618e-16 2.993323e-16 3.004499e-16 3.099480e-16 2.946137e-16 2.886886e-16 
2.264977e+02 1.340828e-10 1.383100e-10 1.472106e-10 1.402822e-10 1.521483e-10 1.702991e-10 1.690995e-10 1.730240e-10 3.323252e-16 3.219492e-16 3.146019e-16 2.928432e-16 2.932013e-16 3.016982e-16 2.859347e-16 2.797652e-16 
2.372265e+02 1.321701e-10 1.360468e-10 1.443419e-10 1.372847e-10 1.485108e-10 1.657811e-10 1.641101e-10 1.676526e-10 3.275846e-16 3.166809e-16 3.084711e-16 2.865859e-16 2.861916e-16 2.936943e-16 2.774979e-16 2.710801e-16 
2.484322e+02 1.303799e-10 1.339278e-10 1.416502e-10 1.344720e-10 1.450881e-10 1.615165e-10 1.593917e-10 1.625668e-10 3.231476e-16 3.117486e-16 3.027188e-16 2.807143e-16 2.795959e-16 2.861392e-16 2.695194e-16 2.628567e-16 
2.601147e+02 1.287056e-10 1.319464e-10 1.391288e-10 1.318377e-10 1.418742e-10 1.575001e-10 1.549404e-10 1.577631e-10 3.189976e-16 3.071364e-16 2.973303e-16 2.752151e-16 2.734024e-16 2.790238e-16 2.619927e-16 2.550896e-16 
2.722740e+02 1.271396e-10 1.300947e-10 1.367694e-10 1.293739e-10 1.388610e-10 1.537243e-10 1.507496e-10 1.532355e-10 3.151165e-16 3.028261e-16 2.922880e-16 2.700718e-16 2.675958e-16 2.723346e-16 2.549064e-16 2.477688e-16 
2.851486e+02 1.256482e-10 1.283333e-10 1.345233e-10 1.270304e-10 1.359888e-10 1.501160e-10 1.467400e-10 1.488989e-10 3.114199e-16 2.987261e-16 2.874880e-16 2.651797e-16 2.620607e-16 2.659423e-16 2.481264e-16 2.407569e-16 
2.987385e+02 1.242308e-10 1.266627e-10 1.323926e-10 1.248102e-10 1.332621e-10 1.466829e-10 1.429217e-10 1.447652e-10 3.079068e-16 2.948374e-16 2.829345e-16 2.605449e-16 2.568061e-16 2.598602e-16 2.416700e-16 2.340731e-16 
3.128052e+02 1.229066e-10 1.251061e-10 1.304082e-10 1.227460e-10 1.307227e-10 1.434795e-10 1.393572e-10 1.409029e-10 3.046248e-16 2.912140e-16 2.786936e-16 2.562360e-16 2.519125e-16 2.541852e-16 2.356426e-16 2.278281e-16 
3.273487e+02 1.216660e-10 1.236527e-10 1.285574e-10 1.208253e-10 1.283564e-10 1.404899e-10 1.360304e-10 1.372958e-10 3.015501e-16 2.878307e-16 2.747383e-16 2.522263e-16 2.473525e-16 2.488889e-16 2.300173e-16 2.219958e-16 
3.428459e+02 1.204647e-10 1.222510e-10 1.267758e-10 1.189817e-10 1.260827e-10 1.376140e-10 1.328319e-10 1.338260e-10 2.985727e-16 2.845680e-16 2.709310e-16 2.483777e-16 2.429709e-16 2.437941e-16 2.246088e-16 2.163854e-16 
3.590584e+02 1.193194e-10 1.209211e-10 1.250901e-10 1.172433e-10 1.239373e-10 1.348986e-10 1.298152e-10 1.305526e-10 2.957339e-16 2.814724e-16 2.673285e-16 2.447489e-16 2.388366e-16 2.389835e-16 2.195079e-16 2.110925e-16 
3.759861e+02 1.182247e-10 1.196573e-10 1.234938e-10 1.156041e-10 1.219137e-10 1.323368e-10 1.269744e-10 1.274698e-10 2.930208e-16 2.785306e-16 2.639170e-16 2.413269e-16 2.349369e-16 2.344451e-16 2.147042e-16 2.061079e-16 
3.936291e+02 1.171753e-10 1.184535e-10 1.219799e-10 1.140570e-10 1.200041e-10 1.299203e-10 1.243016e-10 1.245701e-10 2.904198e-16 2.757285e-16 2.606816e-16 2.380973e-16 2.312570e-16 2.301640e-16 2.101847e-16 2.014194e-16 
4.122257e+02 1.161529e-10 1.172891e-10 1.205231e-10 1.125766e-10 1.181780e-10 1.276116e-10 1.217568e-10 1.218111e-10 2.878857e-16 2.730180e-16 2.575683e-16 2.350069e-16 2.277380e-16 2.260740e-16 2.058816e-16 1.969582e-16 
4.315376e+02 1.151663e-10 1.161742e-10 1.191367e-10 1.111766e-10 1.164531e-10 1.254342e-10 1.193671e-10 1.192227e-10 2.854404e-16 2.704228e-16 2.546054e-16 2.320844e-16 2.244140e-16 2.222166e-16 2.018409e-16 1.927730e-16 
4.520416e+02 1.141876e-10 1.150775e-10 1.177824e-10 1.098186e-10 1.147828e-10 1.233304e-10 1.170704e-10 1.167385e-10 2.830149e-16 2.678701e-16 2.517112e-16 2.292495e-16 2.211952e-16 2.184896e-16 1.979574e-16 1.887563e-16 
4.732609e+02 1.132362e-10 1.140207e-10 1.164872e-10 1.085298e-10 1.132012e-10 1.213441e-10 1.149156e-10 1.144121e-10 2.806566e-16 2.654101e-16 2.489432e-16 2.265590e-16 2.181473e-16 2.149706e-16 1.943138e-16 1.849947e-16 
4.954338e+02 1.122963e-10 1.129862e-10 1.152298e-10 1.072888e-10 1.116825e-10 1.194436e-10 1.128689e-10 1.122074e-10 2.783271e-16 2.630021e-16 2.462561e-16 2.239685e-16 2.152207e-16 2.116036e-16 1.908529e-16 1.814299e-16 
5.187988e+02 1.113549e-10 1.119596e-10 1.139929e-10 1.060786e-10 1.102066e-10 1.176041e-10 1.109044e-10 1.100972e-10 2.759938e-16 2.606123e-16 2.436128e-16 2.214422e-16 2.123764e-16 2.083450e-16 1.875311e-16 1.780178e-16 
5.433559e+02 1.104094e-10 1.109381e-10 1.127736e-10 1.048964e-10 1.087703e-10 1.158229e-10 1.090197e-10 1.080794e-10 2.736504e-16 2.582345e-16 2.410070e-16 2.189743e-16 2.096087e-16 2.051894e-16 1.843442e-16 1.747552e-16 
5.688667e+02 1.094657e-10 1.099278e-10 1.115793e-10 1.037491e-10 1.073827e-10 1.141112e-10 1.072269e-10 1.061673e-10 2.713116e-16 2.558830e-16 2.384546e-16 2.165794e-16 2.069347e-16 2.021569e-16 1.813128e-16 1.716636e-16 
5.958080e+02 1.085037e-10 1.089070e-10 1.103840e-10 1.026117e-10 1.060137e-10 1.124323e-10 1.054879e-10 1.043205e-10 2.689271e-16 2.535066e-16 2.359003e-16 2.142049e-16 2.042964e-16 1.991827e-16 1.783721e-16 1.686774e-16 
6.237030e+02 1.075377e-10 1.078905e-10 1.092055e-10 1.015005e-10 1.046833e-10 1.108112e-10 1.038281e-10 1.025662e-10 2.665329e-16 2.511407e-16 2.333817e-16 2.118852e-16 2.017327e-16 1.963108e-16 1.755656e-16 1.658408e-16 
6.532669e+02 1.065410e-10 1.068501e-10 1.080107e-10 1.003841e-10 1.033542e-10 1.092025e-10 1.022009e-10 1.008551e-10 2.640627e-16 2.487187e-16 2.308283e-16 2.095547e-16 1.991715e-16 1.934608e-16 1.728141e-16 1.630742e-16 
6.840229e+02 1.055283e-10 1.058005e-10 1.068168e-10 9.927815e-11 1.020455e-10 1.076293e-10 1.006295e-10 9.921184e-11 2.615526e-16 2.462757e-16 2.282769e-16 2.072461e-16 1.966495e-16 1.906738e-16 1.701569e-16 1.604172e-16 
7.162094e+02 1.044901e-10 1.047318e-10 1.056121e-10 9.817132e-11 1.007437e-10 1.060755e-10 9.909686e-11 9.761838e-11 2.589794e-16 2.437880e-16 2.257022e-16 2.049355e-16 1.941409e-16 1.879212e-16 1.675654e-16 1.578407e-16 
7.500648e+02 1.034180e-10 1.036348e-10 1.043863e-10 9.705373e-11 9.943763e-11 1.045277e-10 9.758913e-11 9.606012e-11 2.563223e-16 2.412345e-16 2.230827e-16 2.026025e-16 1.916239e-16 1.851790e-16 1.650159e-16 1.553211e-16 
7.853508e+02 1.023193e-10 1.025166e-10 1.031472e-10 9.593181e-11 9.813488e-11 1.029947e-10 9.611416e-11 9.454497e-11 2.535991e-16 2.386315e-16 2.204345e-16 2.002605e-16 1.891134e-16 1.824631e-16 1.625219e-16 1.528712e-16 
8.223057e+02 1.011865e-10 1.013690e-10 1.018856e-10 9.479677e-11 9.682539e-11 1.014644e-10 9.465919e-11 9.305942e-11 2.507915e-16 2.359604e-16 2.177383e-16 1.978910e-16 1.865899e-16 1.797522e-16 1.600616e-16 1.504692e-16 
8.611679e+02 1.000133e-10 1.001853e-10 1.005938e-10 9.364113e-11 9.550077e-11 9.992697e-11 9.321377e-11 9.159249e-11 2.478836e-16 2.332050e-16 2.149777e-16 1.954786e-16 1.840372e-16 1.770285e-16 1.576175e-16 1.480973e-16 
9.016991e+02 9.880804e-11 9.897357e-11 9.928067e-11 9.247213e-11 9.416947e-11 9.839187e-11 9.178575e-11 9.015168e-11 2.448964e-16 2.303843e-16 2.121714e-16 1.930383e-16 1.814717e-16 1.743089e-16 1.552029e-16 1.457677e-16 
9.441376e+02 9.756557e-11 9.772800e-11 9.793969e-11 9.128341e-11 9.282433e-11 9.685049e-11 9.036583e-11 8.872708e-11 2.418170e-16 2.274850e-16 2.093057e-16 1.905568e-16 1.788795e-16 1.715783e-16 1.528019e-16 1.434642e-16 
9.887218e+02 9.628156e-11 9.644386e-11 9.656568e-11 9.006979e-11 9.145966e-11 9.529604e-11 8.894658e-11 8.731075e-11 2.386345e-16 2.244958e-16 2.063693e-16 1.880233e-16 1.762497e-16 1.688244e-16 1.504020e-16 1.411741e-16 
1.035213e+03 9.496609e-11 9.513080e-11 9.516878e-11 8.883965e-11 9.008500e-11 9.373902e-11 8.753635e-11 8.591045e-11 2.353741e-16 2.214394e-16 2.033840e-16 1.854554e-16 1.736006e-16 1.660660e-16 1.480174e-16 1.389099e-16 
1.084089e+03 9.360955e-11 9.377881e-11 9.373823e-11 8.758294e-11 8.868920e-11 9.216645e-11 8.612214e-11 8.451270e-11 2.320119e-16 2.182923e-16 2.003268e-16 1.828320e-16 1.709108e-16 1.632801e-16 1.456261e-16 1.366499e-16 
1.135111e+03 9.222317e-11 9.239865e-11 9.228528e-11 8.630904e-11 8.728276e-11 9.058977e-11 8.471307e-11 8.312594e-11 2.285758e-16 2.150797e-16 1.972217e-16 1.801726e-16 1.682005e-16 1.604869e-16 1.432435e-16 1.344076e-16 
1.188517e+03 9.080549e-11 9.098850e-11 9.080784e-11 8.501557e-11 8.586308e-11 8.900566e-11 8.330498e-11 8.174548e-11 2.250620e-16 2.117972e-16 1.940643e-16 1.774725e-16 1.654647e-16 1.576805e-16 1.408625e-16 1.321755e-16 
1.244545e+03 8.935608e-11 8.954754e-11 8.930493e-11 8.370125e-11 8.442878e-11 8.741220e-11 8.189507e-11 8.036804e-11 2.214697e-16 2.084430e-16 1.908524e-16 1.747288e-16 1.627007e-16 1.548576e-16 1.384785e-16 1.299483e-16 
1.303196e+03 8.788142e-11 8.808188e-11 8.778280e-11 8.237110e-11 8.298536e-11 8.581512e-11 8.048743e-11 7.899706e-11 2.178147e-16 2.050314e-16 1.875995e-16 1.719521e-16 1.599191e-16 1.520282e-16 1.360982e-16 1.277316e-16 
1.364708e+03 8.638252e-11 8.659221e-11 8.624202e-11 8.102527e-11 8.153295e-11 8.421415e-11 7.908087e-11 7.763089e-11 2.140997e-16 2.015638e-16 1.843067e-16 1.691426e-16 1.571202e-16 1.491920e-16 1.337198e-16 1.255226e-16 
1.428843e+03 8.487235e-11 8.509114e-11 8.469544e-11 7.967465e-11 8.008318e-11 8.262170e-11 7.768543e-11 7.627878e-11 2.103567e-16 1.980697e-16 1.810015e-16 1.663232e-16 1.543264e-16 1.463708e-16 1.313603e-16 1.233363e-16 
1.496315e+03 8.334187e-11 8.356944e-11 8.313337e-11 7.831052e-11 7.862656e-11 8.102693e-11 7.629085e-11 7.493035e-11 2.065634e-16 1.945276e-16 1.776632e-16 1.634755e-16 1.515194e-16 1.435456e-16 1.290021e-16 1.211560e-16 
1.566887e+03 8.180485e-11 8.204058e-11 8.156948e-11 7.694459e-11 7.717549e-11 7.944302e-11 7.490802e-11 7.359570e-11 2.027539e-16 1.909688e-16 1.743211e-16 1.606241e-16 1.487230e-16 1.407396e-16 1.266639e-16 1.189980e-16 
1.640558e+03 8.026916e-11 8.051222e-11 8.001136e-11 7.558332e-11 7.573654e-11 7.787674e-11 7.354224e-11 7.227958e-11 1.989477e-16 1.874112e-16 1.709912e-16 1.577824e-16 1.459501e-16 1.379648e-16 1.243544e-16 1.168700e-16 
1.718044e+03 7.872844e-11 7.897787e-11 7.845218e-11 7.422064e-11 7.430307e-11 7.632044e-11 7.218638e-11 7.097478e-11 1.951290e-16 1.838396e-16 1.676591e-16 1.549378e-16 1.431877e-16 1.352077e-16 1.220618e-16 1.147602e-16 
1.798868e+03 7.720064e-11 7.745531e-11 7.690977e-11 7.287205e-11 7.289107e-11 7.479111e-11 7.085485e-11 6.969486e-11 1.913423e-16 1.802955e-16 1.643629e-16 1.521225e-16 1.404666e-16 1.324983e-16 1.198103e-16 1.126907e-16 
1.883745e+03 7.568051e-11 7.593922e-11 7.537848e-11 7.153257e-11 7.149501e-11 7.328235e-11 6.954176e-11 6.843391e-11 1.875747e-16 1.767665e-16 1.610904e-16 1.493263e-16 1.377763e-16 1.298254e-16 1.175899e-16 1.106518e-16 
1.972437e+03 7.418063e-11 7.444210e-11 7.387066e-11 7.021303e-11 7.012578e-11 7.180556e-11 6.825680e-11 6.720100e-11 1.838572e-16 1.732816e-16 1.578680e-16 1.465718e-16 1.351377e-16 1.272092e-16 1.154172e-16 1.086583e-16 
2.065420e+03 7.270083e-11 7.296376e-11 7.238583e-11 6.891302e-11 6.878257e-11 7.035951e-11 6.699871e-11 6.599474e-11 1.801895e-16 1.698404e-16 1.546948e-16 1.438580e-16 1.325492e-16 1.246474e-16 1.132898e-16 1.067079e-16 
2.162695e+03 7.124881e-11 7.151192e-11 7.093145e-11 6.763914e-11 6.747177e-11 6.895073e-11 6.577305e-11 6.482029e-11 1.765907e-16 1.664609e-16 1.515867e-16 1.411987e-16 1.300232e-16 1.221516e-16 1.112173e-16 1.048089e-16 
2.264738e+03 6.982493e-11 7.008694e-11 6.950758e-11 6.639152e-11 6.619307e-11 6.757856e-11 6.457920e-11 6.367691e-11 1.730616e-16 1.631439e-16 1.485437e-16 1.385942e-16 1.275591e-16 1.197207e-16 1.091986e-16 1.029602e-16 
2.371311e+03 6.843929e-11 6.869898e-11 6.812407e-11 6.517887e-11 6.495496e-11 6.625179e-11 6.342473e-11 6.257175e-11 1.696273e-16 1.599131e-16 1.455871e-16 1.360628e-16 1.251731e-16 1.173703e-16 1.072465e-16 1.011732e-16 
2.483130e+03 6.708893e-11 6.734516e-11 6.677772e-11 6.399849e-11 6.375419e-11 6.496667e-11 6.230639e-11 6.150160e-11 1.662804e-16 1.567617e-16 1.427098e-16 1.335987e-16 1.228592e-16 1.150936e-16 1.053555e-16 9.944290e-17 
2.600193e+03 6.578006e-11 6.603176e-11 6.547450e-11 6.285570e-11 6.259574e-11 6.372824e-11 6.122857e-11 6.047059e-11 1.630363e-16 1.537045e-16 1.399247e-16 1.312131e-16 1.206268e-16 1.128996e-16 1.035329e-16 9.777584e-17 
2.722740e+03 6.451534e-11 6.476156e-11 6.421684e-11 6.175272e-11 6.148140e-11 6.253817e-11 6.019276e-11 5.948007e-11 1.599017e-16 1.507478e-16 1.372370e-16 1.289106e-16 1.184793e-16 1.107913e-16 1.017815e-16 9.617425e-17 
2.851009e+03 6.329709e-11 6.353697e-11 6.300682e-11 6.069146e-11 6.041266e-11 6.139784e-11 5.920018e-11 5.853116e-11 1.568823e-16 1.478973e-16 1.346511e-16 1.266952e-16 1.164198e-16 1.087711e-16 1.001031e-16 9.463994e-17 
2.985239e+03 6.212720e-11 6.236000e-11 6.184614e-11 5.967351e-11 5.939064e-11 6.030824e-11 5.825175e-11 5.762468e-11 1.539827e-16 1.451576e-16 1.321706e-16 1.245702e-16 1.144503e-16 1.068408e-16 9.849937e-17 9.317425e-17 
3.125906e+03 6.100535e-11 6.123043e-11 6.073429e-11 5.869846e-11 5.841456e-11 5.926835e-11 5.734660e-11 5.675979e-11 1.512022e-16 1.425283e-16 1.297945e-16 1.225348e-16 1.125693e-16 1.049985e-16 9.696882e-17 9.177578e-17 
3.273249e+03 5.993305e-11 6.014990e-11 5.967262e-11 5.776757e-11 5.748525e-11 5.827891e-11 5.648541e-11 5.593709e-11 1.485445e-16 1.400131e-16 1.275256e-16 1.205915e-16 1.107784e-16 1.032457e-16 9.551262e-17 9.044555e-17 
3.427505e+03 5.891137e-11 5.911958e-11 5.866202e-11 5.688163e-11 5.660315e-11 5.734025e-11 5.566850e-11 5.515686e-11 1.460123e-16 1.376148e-16 1.253658e-16 1.187421e-16 1.090786e-16 1.015827e-16 9.413129e-17 8.918398e-17 
3.589153e+03 5.793951e-11 5.813876e-11 5.770154e-11 5.603988e-11 5.576712e-11 5.645103e-11 5.489473e-11 5.441798e-11 1.436035e-16 1.353317e-16 1.233132e-16 1.169849e-16 1.074675e-16 1.000074e-16 9.282290e-17 8.798929e-17 
3.758192e+03 5.701920e-11 5.720931e-11 5.679278e-11 5.524370e-11 5.497823e-11 5.561228e-11 5.416502e-11 5.372132e-11 1.413225e-16 1.331682e-16 1.213711e-16 1.153229e-16 1.059472e-16 9.852152e-17 9.158901e-17 8.686284e-17 
3.935337e+03 5.614790e-11 5.632874e-11 5.593309e-11 5.449080e-11 5.423387e-11 5.482115e-11 5.347687e-11 5.306447e-11 1.391630e-16 1.311184e-16 1.195339e-16 1.137511e-16 1.045128e-16 9.711998e-17 9.042541e-17 8.580077e-17 
4.120827e+03 5.532555e-11 5.549711e-11 5.512232e-11 5.378101e-11 5.353362e-11 5.407712e-11 5.282986e-11 5.244701e-11 1.371248e-16 1.291826e-16 1.178012e-16 1.122694e-16 1.031634e-16 9.580187e-17 8.933135e-17 8.480238e-17 
4.315138e+03 5.455078e-11 5.471309e-11 5.435898e-11 5.311306e-11 5.287593e-11 5.337849e-11 5.222248e-11 5.186748e-11 1.352045e-16 1.273576e-16 1.161699e-16 1.108751e-16 1.018959e-16 9.456419e-17 8.830433e-17 8.386533e-17 
4.518509e+03 5.382299e-11 5.397616e-11 5.364241e-11 5.248631e-11 5.225997e-11 5.272431e-11 5.165392e-11 5.132509e-11 1.334006e-16 1.256423e-16 1.146385e-16 1.095667e-16 1.007089e-16 9.340525e-17 8.734294e-17 8.298833e-17 
4.731417e+03 5.314047e-11 5.328469e-11 5.297084e-11 5.189920e-11 5.168398e-11 5.211268e-11 5.112251e-11 5.081822e-11 1.317090e-16 1.240327e-16 1.132033e-16 1.083411e-16 9.959895e-17 9.232170e-17 8.644435e-17 8.216877e-17 
4.954338e+03 5.250152e-11 5.263701e-11 5.234251e-11 5.135017e-11 5.114622e-11 5.154172e-11 5.062660e-11 5.034530e-11 1.301254e-16 1.225251e-16 1.118605e-16 1.071950e-16 9.856265e-17 9.131020e-17 8.560580e-17 8.140409e-17 
5.187750e+03 5.190441e-11 5.203142e-11 5.175564e-11 5.083763e-11 5.064497e-11 5.100958e-11 5.016455e-11 4.990475e-11 1.286454e-16 1.211154e-16 1.106063e-16 1.061250e-16 9.759670e-17 9.036747e-17 8.482452e-17 8.069176e-17 
5.432367e+03 5.134685e-11 5.146568e-11 5.120794e-11 5.035953e-11 5.017807e-11 5.051395e-11 4.973436e-11 4.949463e-11 1.272635e-16 1.197985e-16 1.094358e-16 1.051270e-16 9.669696e-17 8.948943e-17 8.409709e-17 8.002864e-17 
5.688429e+03 5.082769e-11 5.093865e-11 5.069819e-11 4.991479e-11 4.974434e-11 5.005355e-11 4.933488e-11 4.911386e-11 1.259768e-16 1.185717e-16 1.083465e-16 1.041986e-16 9.586112e-17 8.867379e-17 8.342161e-17 7.941297e-17 
5.956411e+03 5.034508e-11 5.044853e-11 5.022456e-11 4.950176e-11 4.934203e-11 4.962653e-11 4.896449e-11 4.876087e-11 1.247806e-16 1.174308e-16 1.073343e-16 1.033364e-16 9.508585e-17 8.791730e-17 8.279531e-17 7.884221e-17 
6.237030e+03 4.989682e-11 4.999310e-11 4.978483e-11 4.911849e-11 4.896914e-11 4.923074e-11 4.862131e-11 4.843385e-11 1.236696e-16 1.163707e-16 1.063945e-16 1.025363e-16 9.436726e-17 8.721612e-17 8.221500e-17 7.831345e-17 
6.531000e+03 4.948087e-11 4.957034e-11 4.937696e-11 4.876315e-11 4.862380e-11 4.886420e-11 4.830358e-11 4.813114e-11 1.226387e-16 1.153867e-16 1.055229e-16 1.017945e-16 9.370176e-17 8.656676e-17 8.167776e-17 7.782399e-17 
6.838799e+03 4.909559e-11 4.917861e-11 4.899929e-11 4.843428e-11 4.830451e-11 4.852530e-11 4.800993e-11 4.785140e-11 1.216838e-16 1.144748e-16 1.047158e-16 1.011080e-16 9.308647e-17 8.596639e-17 8.118121e-17 7.737167e-17 
7.161140e+03 4.873907e-11 4.881600e-11 4.864994e-11 4.813020e-11 4.800956e-11 4.821224e-11 4.773874e-11 4.759309e-11 1.208001e-16 1.136308e-16 1.039692e-16 1.004732e-16 9.251808e-17 8.541178e-17 8.072265e-17 7.695400e-17 
7.498741e+03 4.840949e-11 4.848070e-11 4.832710e-11 4.784932e-11 4.773735e-11 4.792331e-11 4.748853e-11 4.735478e-11 1.199833e-16 1.128503e-16 1.032792e-16 9.988686e-17 9.199350e-17 8.489992e-17 8.029956e-17 7.656869e-17 
