f            Pxx32k       Pxx31k       Pxx30k       Pxx29k       Pxx28k       Pxx27k       Pxx26k       Pxx25k       Pxx_pow32k   Pxx_pow31k   Pxx_pow30k   Pxx_pow29k   Pxx_pow28k   Pxx_pow27k   Pxx_pow26k   Pxx_pow25k   
4.768372e-01 4.560384e-10 4.936904e-10 5.475981e-10 5.816461e-10 6.379058e-10 7.149965e-10 7.257163e-10 8.007237e-10 1.127013e-15 1.124879e-15 1.122256e-15 1.120974e-15 1.119817e-15 1.118795e-15 1.118721e-15 1.118155e-15 
7.152557e-01 4.559981e-10 4.936521e-10 5.475628e-10 5.816105e-10 6.378731e-10 7.149719e-10 7.256862e-10 8.006986e-10 1.126913e-15 1.124791e-15 1.122184e-15 1.120905e-15 1.119760e-15 1.118757e-15 1.118675e-15 1.118120e-15 
9.536743e-01 4.559416e-10 4.935984e-10 5.475133e-10 5.815606e-10 6.378274e-10 7.149375e-10 7.256440e-10 8.006634e-10 1.126774e-15 1.124669e-15 1.122082e-15 1.120809e-15 1.119679e-15 1.118703e-15 1.118610e-15 1.118071e-15 
1.192093e+00 4.558691e-10 4.935294e-10 5.474498e-10 5.814965e-10 6.377686e-10 7.148933e-10 7.255899e-10 8.006182e-10 1.126595e-15 1.124512e-15 1.121952e-15 1.120685e-15 1.119576e-15 1.118634e-15 1.118526e-15 1.118008e-15 
1.430511e+00 4.557806e-10 4.934451e-10 5.473722e-10 5.814182e-10 6.376968e-10 7.148393e-10 7.255237e-10 8.005629e-10 1.126376e-15 1.124320e-15 1.121793e-15 1.120535e-15 1.119450e-15 1.118549e-15 1.118424e-15 1.117931e-15 
1.668930e+00 4.556760e-10 4.933456e-10 5.472805e-10 5.813257e-10 6.376120e-10 7.147755e-10 7.254455e-10 8.004977e-10 1.126117e-15 1.124093e-15 1.121605e-15 1.120356e-15 1.119301e-15 1.118449e-15 1.118304e-15 1.117840e-15 
1.907349e+00 4.555554e-10 4.932309e-10 5.471747e-10 5.812190e-10 6.375141e-10 7.147019e-10 7.253553e-10 8.004224e-10 1.125819e-15 1.123832e-15 1.121389e-15 1.120151e-15 1.119129e-15 1.118334e-15 1.118164e-15 1.117735e-15 
2.145767e+00 4.554189e-10 4.931009e-10 5.470550e-10 5.810981e-10 6.374033e-10 7.146185e-10 7.252531e-10 8.003371e-10 1.125482e-15 1.123535e-15 1.121143e-15 1.119918e-15 1.118935e-15 1.118203e-15 1.118007e-15 1.117615e-15 
2.384186e+00 4.552664e-10 4.929558e-10 5.469212e-10 5.809632e-10 6.372795e-10 7.145253e-10 7.251389e-10 8.002418e-10 1.125105e-15 1.123205e-15 1.120869e-15 1.119658e-15 1.118717e-15 1.118058e-15 1.117831e-15 1.117482e-15 
2.622604e+00 4.550982e-10 4.927956e-10 5.467735e-10 5.808141e-10 6.371427e-10 7.144223e-10 7.250128e-10 8.001365e-10 1.124689e-15 1.122840e-15 1.120566e-15 1.119370e-15 1.118477e-15 1.117897e-15 1.117637e-15 1.117335e-15 
2.861023e+00 4.549141e-10 4.926203e-10 5.466118e-10 5.806510e-10 6.369930e-10 7.143096e-10 7.248747e-10 8.000212e-10 1.124234e-15 1.122440e-15 1.120235e-15 1.119056e-15 1.118215e-15 1.117720e-15 1.117424e-15 1.117174e-15 
3.099442e+00 4.547142e-10 4.924300e-10 5.464363e-10 5.804739e-10 6.368305e-10 7.141872e-10 7.247248e-10 7.998960e-10 1.123741e-15 1.122007e-15 1.119875e-15 1.118715e-15 1.117929e-15 1.117529e-15 1.117193e-15 1.116999e-15 
3.337860e+00 4.544988e-10 4.922247e-10 5.462469e-10 5.802827e-10 6.366550e-10 7.140551e-10 7.245629e-10 7.997608e-10 1.123208e-15 1.121539e-15 1.119487e-15 1.118346e-15 1.117621e-15 1.117322e-15 1.116943e-15 1.116811e-15 
3.576279e+00 4.542677e-10 4.920045e-10 5.460438e-10 5.800777e-10 6.364668e-10 7.139132e-10 7.243892e-10 7.996156e-10 1.122637e-15 1.121037e-15 1.119071e-15 1.117951e-15 1.117291e-15 1.117100e-15 1.116675e-15 1.116608e-15 
3.814697e+00 4.540211e-10 4.917695e-10 5.458269e-10 5.798587e-10 6.362657e-10 7.137616e-10 7.242036e-10 7.994606e-10 1.122027e-15 1.120502e-15 1.118626e-15 1.117529e-15 1.116938e-15 1.116863e-15 1.116389e-15 1.116391e-15 
4.053116e+00 4.537591e-10 4.915198e-10 5.455963e-10 5.796259e-10 6.360519e-10 7.136004e-10 7.240062e-10 7.992956e-10 1.121380e-15 1.119933e-15 1.118154e-15 1.117080e-15 1.116562e-15 1.116611e-15 1.116085e-15 1.116161e-15 
4.291534e+00 4.534817e-10 4.912553e-10 5.453520e-10 5.793794e-10 6.358254e-10 7.134296e-10 7.237971e-10 7.991208e-10 1.120694e-15 1.119330e-15 1.117653e-15 1.116605e-15 1.116165e-15 1.116343e-15 1.115762e-15 1.115917e-15 
4.529953e+00 4.531891e-10 4.909762e-10 5.450942e-10 5.791190e-10 6.355862e-10 7.132491e-10 7.235762e-10 7.989361e-10 1.119971e-15 1.118694e-15 1.117125e-15 1.116104e-15 1.115745e-15 1.116061e-15 1.115422e-15 1.115659e-15 
4.768372e+00 4.528813e-10 4.906826e-10 5.448228e-10 5.788450e-10 6.353343e-10 7.130590e-10 7.233435e-10 7.987415e-10 1.119211e-15 1.118025e-15 1.116568e-15 1.115575e-15 1.115303e-15 1.115763e-15 1.115063e-15 1.115387e-15 
5.006790e+00 4.525585e-10 4.903746e-10 5.445380e-10 5.785574e-10 6.350699e-10 7.128593e-10 7.230992e-10 7.985371e-10 1.118413e-15 1.117323e-15 1.115985e-15 1.115021e-15 1.114839e-15 1.115451e-15 1.114687e-15 1.115102e-15 
5.245209e+00 4.522207e-10 4.900522e-10 5.442398e-10 5.782563e-10 6.347930e-10 7.126501e-10 7.228433e-10 7.983230e-10 1.117578e-15 1.116589e-15 1.115374e-15 1.114441e-15 1.114352e-15 1.115123e-15 1.114292e-15 1.114803e-15 
5.483627e+00 4.518681e-10 4.897155e-10 5.439283e-10 5.779416e-10 6.345035e-10 7.124313e-10 7.225757e-10 7.980990e-10 1.116707e-15 1.115822e-15 1.114735e-15 1.113834e-15 1.113844e-15 1.114781e-15 1.113880e-15 1.114490e-15 
5.722046e+00 4.515008e-10 4.893647e-10 5.436036e-10 5.776136e-10 6.342017e-10 7.122031e-10 7.222966e-10 7.978653e-10 1.115799e-15 1.115022e-15 1.114070e-15 1.113202e-15 1.113315e-15 1.114424e-15 1.113449e-15 1.114164e-15 
5.960464e+00 4.511189e-10 4.889998e-10 5.432657e-10 5.772722e-10 6.338874e-10 7.119653e-10 7.220059e-10 7.976219e-10 1.114855e-15 1.114191e-15 1.113377e-15 1.112544e-15 1.112763e-15 1.114052e-15 1.113001e-15 1.113824e-15 
6.437302e+00 4.503118e-10 4.882282e-10 5.425506e-10 5.765496e-10 6.332221e-10 7.114615e-10 7.213902e-10 7.971060e-10 1.112861e-15 1.112433e-15 1.111912e-15 1.111152e-15 1.111595e-15 1.113264e-15 1.112052e-15 1.113103e-15 
6.675720e+00 4.498869e-10 4.878217e-10 5.421737e-10 5.761687e-10 6.328711e-10 7.111956e-10 7.210652e-10 7.968336e-10 1.111811e-15 1.111507e-15 1.111139e-15 1.110417e-15 1.110979e-15 1.112847e-15 1.111551e-15 1.112723e-15 
6.914139e+00 4.494479e-10 4.874016e-10 5.417839e-10 5.757747e-10 6.325080e-10 7.109203e-10 7.207288e-10 7.965515e-10 1.110726e-15 1.110550e-15 1.110341e-15 1.109658e-15 1.110341e-15 1.112417e-15 1.111033e-15 1.112329e-15 
7.152557e+00 4.489949e-10 4.869680e-10 5.413814e-10 5.753677e-10 6.321328e-10 7.106356e-10 7.203812e-10 7.962599e-10 1.109606e-15 1.109562e-15 1.109516e-15 1.108874e-15 1.109683e-15 1.111971e-15 1.110497e-15 1.111922e-15 
7.629395e+00 4.480478e-10 4.860607e-10 5.405386e-10 5.745154e-10 6.313465e-10 7.100385e-10 7.196523e-10 7.956481e-10 1.107266e-15 1.107494e-15 1.107788e-15 1.107231e-15 1.108302e-15 1.111037e-15 1.109373e-15 1.111068e-15 
7.867813e+00 4.475539e-10 4.855873e-10 5.400984e-10 5.740702e-10 6.309355e-10 7.097262e-10 7.192711e-10 7.953280e-10 1.106045e-15 1.106416e-15 1.106886e-15 1.106373e-15 1.107581e-15 1.110548e-15 1.108785e-15 1.110621e-15 
8.344650e+00 4.465263e-10 4.846016e-10 5.391811e-10 5.731421e-10 6.300783e-10 7.090740e-10 7.184755e-10 7.946594e-10 1.103506e-15 1.104170e-15 1.105006e-15 1.104585e-15 1.106076e-15 1.109528e-15 1.107559e-15 1.109687e-15 
8.821487e+00 4.454466e-10 4.835649e-10 5.382152e-10 5.721645e-10 6.291745e-10 7.083854e-10 7.176360e-10 7.939534e-10 1.100837e-15 1.101808e-15 1.103027e-15 1.102700e-15 1.104490e-15 1.108450e-15 1.106265e-15 1.108701e-15 
9.059906e+00 4.448876e-10 4.830278e-10 5.377143e-10 5.716574e-10 6.287054e-10 7.080276e-10 7.172000e-10 7.935865e-10 1.099456e-15 1.100584e-15 1.102000e-15 1.101723e-15 1.103666e-15 1.107890e-15 1.105593e-15 1.108189e-15 
9.536743e+00 4.437322e-10 4.819167e-10 5.366771e-10 5.706071e-10 6.277331e-10 7.072851e-10 7.162956e-10 7.928248e-10 1.096601e-15 1.098052e-15 1.099875e-15 1.099699e-15 1.101959e-15 1.106729e-15 1.104199e-15 1.107125e-15 
1.001358e+01 4.425281e-10 4.807575e-10 5.355936e-10 5.695095e-10 6.267160e-10 7.065072e-10 7.153486e-10 7.920265e-10 1.093625e-15 1.095411e-15 1.097654e-15 1.097584e-15 1.100174e-15 1.105511e-15 1.102739e-15 1.106010e-15 
1.049042e+01 4.412766e-10 4.795515e-10 5.344646e-10 5.683653e-10 6.256547e-10 7.056941e-10 7.143595e-10 7.911919e-10 1.090532e-15 1.092663e-15 1.095340e-15 1.095379e-15 1.098311e-15 1.104239e-15 1.101214e-15 1.104845e-15 
1.096725e+01 4.399793e-10 4.782997e-10 5.332911e-10 5.671756e-10 6.245499e-10 7.048462e-10 7.133289e-10 7.903213e-10 1.087326e-15 1.089811e-15 1.092935e-15 1.093086e-15 1.096371e-15 1.102912e-15 1.099625e-15 1.103629e-15 
1.144409e+01 4.386375e-10 4.770036e-10 5.320742e-10 5.659413e-10 6.234024e-10 7.039641e-10 7.122573e-10 7.894151e-10 1.084010e-15 1.086857e-15 1.090441e-15 1.090707e-15 1.094357e-15 1.101532e-15 1.097973e-15 1.102364e-15 
1.192093e+01 4.372528e-10 4.756643e-10 5.308148e-10 5.646633e-10 6.222131e-10 7.030480e-10 7.111453e-10 7.884738e-10 1.080588e-15 1.083806e-15 1.087860e-15 1.088244e-15 1.092269e-15 1.100099e-15 1.096259e-15 1.101049e-15 
1.263618e+01 4.350986e-10 4.735774e-10 5.288485e-10 5.626668e-10 6.203522e-10 7.016112e-10 7.094030e-10 7.869966e-10 1.075264e-15 1.079051e-15 1.083830e-15 1.084396e-15 1.089002e-15 1.097850e-15 1.093573e-15 1.098986e-15 
1.311302e+01 4.336132e-10 4.721361e-10 5.274876e-10 5.612841e-10 6.190615e-10 7.006122e-10 7.081928e-10 7.859690e-10 1.071593e-15 1.075767e-15 1.081041e-15 1.081731e-15 1.086737e-15 1.096287e-15 1.091708e-15 1.097551e-15 
1.382828e+01 4.313152e-10 4.699025e-10 5.253740e-10 5.591355e-10 6.170525e-10 6.990531e-10 7.063061e-10 7.843644e-10 1.065914e-15 1.070678e-15 1.076710e-15 1.077590e-15 1.083210e-15 1.093847e-15 1.088799e-15 1.095311e-15 
1.430511e+01 4.297388e-10 4.683676e-10 5.239184e-10 5.576547e-10 6.156658e-10 6.979740e-10 7.050017e-10 7.832532e-10 1.062018e-15 1.067180e-15 1.073727e-15 1.074737e-15 1.080776e-15 1.092159e-15 1.086789e-15 1.093759e-15 
1.502037e+01 4.273115e-10 4.660000e-10 5.216679e-10 5.553639e-10 6.135167e-10 6.962970e-10 7.029769e-10 7.815253e-10 1.056020e-15 1.061786e-15 1.069114e-15 1.070322e-15 1.077003e-15 1.089535e-15 1.083667e-15 1.091346e-15 
1.573563e+01 4.248137e-10 4.635582e-10 5.193404e-10 5.529926e-10 6.112876e-10 6.945515e-10 7.008723e-10 7.797256e-10 1.049847e-15 1.056222e-15 1.064344e-15 1.065752e-15 1.073090e-15 1.086804e-15 1.080423e-15 1.088833e-15 
1.645088e+01 4.222505e-10 4.610469e-10 5.169396e-10 5.505447e-10 6.089814e-10 6.927391e-10 6.986904e-10 7.778556e-10 1.043512e-15 1.050500e-15 1.059424e-15 1.061034e-15 1.069041e-15 1.083968e-15 1.077060e-15 1.086222e-15 
1.716614e+01 4.196270e-10 4.584707e-10 5.144695e-10 5.480239e-10 6.066013e-10 6.908618e-10 6.964335e-10 7.759170e-10 1.037029e-15 1.044630e-15 1.054362e-15 1.056176e-15 1.064863e-15 1.081030e-15 1.073580e-15 1.083514e-15 
1.811981e+01 4.160442e-10 4.549427e-10 5.110748e-10 5.445559e-10 6.033181e-10 6.882605e-10 6.933121e-10 7.732284e-10 1.028175e-15 1.036592e-15 1.047405e-15 1.049492e-15 1.059100e-15 1.076960e-15 1.068769e-15 1.079760e-15 
1.883507e+01 4.132998e-10 4.522328e-10 5.084578e-10 5.418796e-10 6.007774e-10 6.862383e-10 6.908902e-10 7.711363e-10 1.021392e-15 1.030417e-15 1.042041e-15 1.044334e-15 1.054640e-15 1.073795e-15 1.065035e-15 1.076839e-15 
1.978874e+01 4.095734e-10 4.485429e-10 5.048812e-10 5.382179e-10 5.972915e-10 6.834506e-10 6.875578e-10 7.682494e-10 1.012183e-15 1.022010e-15 1.034712e-15 1.037277e-15 1.048520e-15 1.069433e-15 1.059898e-15 1.072807e-15 
2.074242e+01 4.057803e-10 4.447747e-10 5.012130e-10 5.344576e-10 5.937001e-10 6.805625e-10 6.841134e-10 7.652551e-10 1.002810e-15 1.013424e-15 1.027194e-15 1.030030e-15 1.042216e-15 1.064914e-15 1.054588e-15 1.068626e-15 
2.169609e+01 4.019312e-10 4.409381e-10 4.974621e-10 5.306074e-10 5.900105e-10 6.775784e-10 6.805629e-10 7.621577e-10 9.932973e-16 1.004682e-15 1.019507e-15 1.022610e-15 1.035739e-15 1.060245e-15 1.049115e-15 1.064301e-15 
2.264977e+01 3.980362e-10 4.370429e-10 4.936368e-10 5.266759e-10 5.862300e-10 6.745031e-10 6.769124e-10 7.589615e-10 9.836715e-16 9.958066e-16 1.011667e-15 1.015033e-15 1.029102e-15 1.055433e-15 1.043488e-15 1.059837e-15 
2.384186e+01 3.931175e-10 4.321053e-10 4.887636e-10 5.216596e-10 5.813877e-10 6.705374e-10 6.722182e-10 7.548340e-10 9.715157e-16 9.845563e-16 1.001680e-15 1.005365e-15 1.020602e-15 1.049227e-15 1.036252e-15 1.054074e-15 
2.479553e+01 3.891534e-10 4.281110e-10 4.848016e-10 5.175749e-10 5.774292e-10 6.672732e-10 6.683654e-10 7.514317e-10 9.617193e-16 9.754554e-16 9.935599e-16 9.974930e-16 1.013653e-15 1.044120e-15 1.030312e-15 1.049322e-15 
2.598763e+01 3.841758e-10 4.230766e-10 4.797822e-10 5.123923e-10 5.723864e-10 6.630859e-10 6.634372e-10 7.470607e-10 9.494181e-16 9.639843e-16 9.832732e-16 9.875048e-16 1.004800e-15 1.037568e-15 1.022715e-15 1.043219e-15 
2.717972e+01 3.791872e-10 4.180098e-10 4.747021e-10 5.071378e-10 5.672508e-10 6.587880e-10 6.583952e-10 7.425665e-10 9.370897e-16 9.524397e-16 9.728619e-16 9.773781e-16 9.957851e-16 1.030842e-15 1.014943e-15 1.036943e-15 
2.861023e+01 3.732056e-10 4.119069e-10 4.685448e-10 5.007570e-10 5.609835e-10 6.534966e-10 6.522105e-10 7.370229e-10 9.223073e-16 9.385340e-16 9.602431e-16 9.650807e-16 9.847831e-16 1.022563e-15 1.005409e-15 1.029201e-15 
2.980232e+01 3.682394e-10 4.068169e-10 4.633778e-10 4.953920e-10 5.556877e-10 6.489857e-10 6.469576e-10 7.322877e-10 9.100342e-16 9.269364e-16 9.496537e-16 9.547411e-16 9.754865e-16 1.015504e-15 9.973113e-16 1.022589e-15 
3.123283e+01 3.623183e-10 4.007212e-10 4.571516e-10 4.889150e-10 5.492623e-10 6.434634e-10 6.405510e-10 7.264794e-10 8.954014e-16 9.130474e-16 9.368937e-16 9.422584e-16 9.642070e-16 1.006863e-15 9.874353e-16 1.014478e-15 
3.266335e+01 3.564547e-10 3.946558e-10 4.509152e-10 4.824137e-10 5.427778e-10 6.378354e-10 6.340486e-10 7.205469e-10 8.809106e-16 8.992273e-16 9.241126e-16 9.297287e-16 9.528238e-16 9.980568e-16 9.774116e-16 1.006194e-15 
3.433228e+01 3.497054e-10 3.876386e-10 4.436488e-10 4.748216e-10 5.351612e-10 6.311540e-10 6.263638e-10 7.134870e-10 8.642309e-16 8.832385e-16 9.092207e-16 9.150969e-16 9.394532e-16 9.876020e-16 9.655652e-16 9.963353e-16 
3.600121e+01 3.430724e-10 3.807055e-10 4.364154e-10 4.672459e-10 5.275137e-10 6.243681e-10 6.185966e-10 7.062978e-10 8.478387e-16 8.674414e-16 8.943966e-16 9.004968e-16 9.260283e-16 9.769837e-16 9.535917e-16 9.862961e-16 
3.767014e+01 3.365711e-10 3.738747e-10 4.292363e-10 4.597091e-10 5.198587e-10 6.174974e-10 6.107704e-10 6.989996e-10 8.317720e-16 8.518773e-16 8.796836e-16 8.859716e-16 9.125902e-16 9.662327e-16 9.415273e-16 9.761047e-16 
3.933907e+01 3.302136e-10 3.671612e-10 4.221296e-10 4.522310e-10 5.122173e-10 6.105606e-10 6.029070e-10 6.916117e-10 8.160605e-16 8.365805e-16 8.651191e-16 8.715594e-16 8.991760e-16 9.553783e-16 9.294055e-16 9.657879e-16 
4.124641e+01 3.231356e-10 3.596478e-10 4.141165e-10 4.437783e-10 5.035251e-10 6.025743e-10 5.939003e-10 6.830817e-10 7.985686e-16 8.194612e-16 8.486969e-16 8.552689e-16 8.839172e-16 9.428817e-16 9.155214e-16 9.538765e-16 
4.315376e+01 3.162672e-10 3.523178e-10 4.062381e-10 4.354463e-10 4.949001e-10 5.945487e-10 5.848984e-10 6.744840e-10 7.815948e-16 8.027596e-16 8.325509e-16 8.392111e-16 8.687765e-16 9.303236e-16 9.016445e-16 9.418702e-16 
4.529953e+01 3.087988e-10 3.443035e-10 3.975557e-10 4.262393e-10 4.853042e-10 5.855008e-10 5.748072e-10 6.647598e-10 7.631380e-16 7.844991e-16 8.147568e-16 8.214670e-16 8.519313e-16 9.161658e-16 8.860885e-16 9.282911e-16 
4.720688e+01 3.023936e-10 3.373940e-10 3.900123e-10 4.182194e-10 4.768899e-10 5.774634e-10 5.658930e-10 6.560943e-10 7.473087e-16 7.687557e-16 7.992973e-16 8.060107e-16 8.371603e-16 9.035893e-16 8.723469e-16 9.161904e-16 
4.959106e+01 2.946970e-10 3.290473e-10 3.808286e-10 4.084294e-10 4.665485e-10 5.674523e-10 5.548537e-10 6.452649e-10 7.282882e-16 7.497377e-16 7.804761e-16 7.871430e-16 8.190064e-16 8.879243e-16 8.553294e-16 9.010679e-16 
5.197525e+01 2.873423e-10 3.210264e-10 3.719295e-10 3.989155e-10 4.564255e-10 5.575099e-10 5.439586e-10 6.344707e-10 7.101122e-16 7.314618e-16 7.622382e-16 7.688073e-16 8.012359e-16 8.723669e-16 8.385342e-16 8.859945e-16 
5.435944e+01 2.803231e-10 3.133304e-10 3.633230e-10 3.896885e-10 4.465393e-10 5.476634e-10 5.332338e-10 6.237423e-10 6.927658e-16 7.139266e-16 7.445998e-16 7.510248e-16 7.838811e-16 8.569595e-16 8.220015e-16 8.710131e-16 
5.698204e+01 2.729792e-10 3.052355e-10 3.541981e-10 3.798782e-10 4.359542e-10 5.369706e-10 5.216587e-10 6.120491e-10 6.746167e-16 6.954823e-16 7.258992e-16 7.321178e-16 7.652994e-16 8.402280e-16 8.041580e-16 8.546843e-16 
5.960464e+01 2.660167e-10 2.975204e-10 3.454320e-10 3.704266e-10 4.256848e-10 5.264479e-10 5.103381e-10 6.004985e-10 6.574100e-16 6.779032e-16 7.079339e-16 7.139024e-16 7.472718e-16 8.237625e-16 7.867068e-16 8.385547e-16 
6.246567e+01 2.588373e-10 2.895235e-10 3.362741e-10 3.605241e-10 4.148504e-10 5.151872e-10 4.982984e-10 5.880906e-10 6.396676e-16 6.596823e-16 6.891655e-16 6.948178e-16 7.282525e-16 8.061423e-16 7.681471e-16 8.212279e-16 
6.532669e+01 2.520709e-10 2.819478e-10 3.275306e-10 3.510422e-10 4.044047e-10 5.041756e-10 4.865974e-10 5.759102e-10 6.229456e-16 6.424209e-16 6.712464e-16 6.765439e-16 7.099155e-16 7.889117e-16 7.501096e-16 8.042188e-16 
6.842613e+01 2.451803e-10 2.741941e-10 3.185127e-10 3.412344e-10 3.935266e-10 4.925462e-10 4.743154e-10 5.629965e-10 6.059168e-16 6.247540e-16 6.527650e-16 6.576419e-16 6.908194e-16 7.707146e-16 7.311763e-16 7.861856e-16 
7.176399e+01 2.382390e-10 2.663433e-10 3.093100e-10 3.311954e-10 3.823149e-10 4.803876e-10 4.615540e-10 5.494402e-10 5.887629e-16 6.068658e-16 6.339047e-16 6.382943e-16 6.711378e-16 7.516893e-16 7.115041e-16 7.672553e-16 
7.486343e+01 2.322090e-10 2.594899e-10 3.012165e-10 3.223409e-10 3.723615e-10 4.694465e-10 4.501378e-10 5.371940e-10 5.738607e-16 5.912504e-16 6.173178e-16 6.212294e-16 6.536651e-16 7.345692e-16 6.939056e-16 7.501543e-16 
7.867813e+01 2.252959e-10 2.515946e-10 2.918221e-10 3.120323e-10 3.606975e-10 4.564493e-10 4.366558e-10 5.225881e-10 5.567762e-16 5.732608e-16 5.980647e-16 6.013622e-16 6.331894e-16 7.142318e-16 6.731226e-16 7.297582e-16 
8.225441e+01 2.192850e-10 2.446958e-10 2.835506e-10 3.029279e-10 3.503279e-10 4.447355e-10 4.245764e-10 5.093704e-10 5.419215e-16 5.575420e-16 5.811132e-16 5.838159e-16 6.149859e-16 6.959025e-16 6.545017e-16 7.113006e-16 
8.630753e+01 2.129760e-10 2.374203e-10 2.747626e-10 2.932254e-10 3.392064e-10 4.320062e-10 4.115234e-10 4.949490e-10 5.263300e-16 5.409647e-16 5.631029e-16 5.651167e-16 5.954626e-16 6.759842e-16 6.343800e-16 6.911621e-16 
9.036064e+01 2.071550e-10 2.306756e-10 2.665548e-10 2.841348e-10 3.287200e-10 4.198467e-10 3.991236e-10 4.811169e-10 5.119446e-16 5.255966e-16 5.462815e-16 5.475971e-16 5.770542e-16 6.569576e-16 6.152651e-16 6.718466e-16 
9.441376e+01 2.017776e-10 2.244167e-10 2.588844e-10 2.756139e-10 3.188320e-10 4.082416e-10 3.873491e-10 4.678642e-10 4.986554e-16 5.113358e-16 5.305618e-16 5.311751e-16 5.596962e-16 6.387985e-16 5.971142e-16 6.533400e-16 
9.894371e+01 1.962432e-10 2.179462e-10 2.508985e-10 2.667149e-10 3.084441e-10 3.959042e-10 3.748933e-10 4.537202e-10 4.849780e-16 4.965927e-16 5.141953e-16 5.140246e-16 5.414607e-16 6.194935e-16 5.779132e-16 6.335889e-16 
1.037121e+02 1.909063e-10 2.116782e-10 2.431063e-10 2.580035e-10 2.982139e-10 3.836087e-10 3.625402e-10 4.395674e-10 4.717889e-16 4.823109e-16 4.982258e-16 4.972356e-16 5.235021e-16 6.002539e-16 5.588704e-16 6.138255e-16 
1.084805e+02 1.860193e-10 2.059133e-10 2.358889e-10 2.499086e-10 2.886526e-10 3.719866e-10 3.509169e-10 4.261374e-10 4.597117e-16 4.691755e-16 4.834345e-16 4.816348e-16 5.067176e-16 5.820682e-16 5.409525e-16 5.950714e-16 
1.137257e+02 1.811081e-10 2.000946e-10 2.285532e-10 2.416540e-10 2.788468e-10 3.599363e-10 3.389173e-10 4.121582e-10 4.475746e-16 4.559175e-16 4.684004e-16 4.657261e-16 4.895038e-16 5.632125e-16 5.224547e-16 5.755505e-16 
1.189709e+02 1.766310e-10 1.947674e-10 2.217902e-10 2.340185e-10 2.697252e-10 3.486079e-10 3.276825e-10 3.989653e-10 4.365102e-16 4.437794e-16 4.545404e-16 4.510107e-16 4.734912e-16 5.454862e-16 5.051358e-16 5.571275e-16 
1.244545e+02 1.723630e-10 1.896681e-10 2.152730e-10 2.266360e-10 2.608577e-10 3.374848e-10 3.166926e-10 3.859626e-10 4.259625e-16 4.321607e-16 4.411839e-16 4.367828e-16 4.579247e-16 5.280813e-16 4.881945e-16 5.389700e-16 
1.304150e+02 1.681479e-10 1.846114e-10 2.087661e-10 2.192400e-10 2.519252e-10 3.261699e-10 3.055532e-10 3.726847e-10 4.155457e-16 4.206389e-16 4.278486e-16 4.225288e-16 4.422441e-16 5.103763e-16 4.710227e-16 5.204284e-16 
1.366138e+02 1.641778e-10 1.798292e-10 2.025704e-10 2.121727e-10 2.433426e-10 3.151934e-10 2.947836e-10 3.597537e-10 4.057345e-16 4.097428e-16 4.151509e-16 4.089086e-16 4.271778e-16 4.932008e-16 4.544208e-16 5.023712e-16 
1.430511e+02 1.604476e-10 1.753183e-10 1.966867e-10 2.054377e-10 2.351189e-10 3.045788e-10 2.844013e-10 3.472006e-10 3.965161e-16 3.994645e-16 4.030928e-16 3.959284e-16 4.127414e-16 4.765916e-16 4.384162e-16 4.848417e-16 
1.497269e+02 1.569500e-10 1.710726e-10 1.911126e-10 1.990342e-10 2.272583e-10 2.943431e-10 2.744182e-10 3.350489e-10 3.878724e-16 3.897906e-16 3.916691e-16 3.835875e-16 3.989424e-16 4.605752e-16 4.230268e-16 4.678727e-16 
1.568794e+02 1.535691e-10 1.669534e-10 1.856694e-10 1.927586e-10 2.195132e-10 2.841711e-10 2.645233e-10 3.229257e-10 3.795171e-16 3.804050e-16 3.805138e-16 3.714928e-16 3.853462e-16 4.446583e-16 4.077734e-16 4.509434e-16 
1.642704e+02 1.504231e-10 1.631067e-10 1.805538e-10 1.868392e-10 2.121685e-10 2.744439e-10 2.550841e-10 3.112870e-10 3.717423e-16 3.716403e-16 3.700298e-16 3.600847e-16 3.724529e-16 4.294377e-16 3.932225e-16 4.346907e-16 
1.718998e+02 1.474981e-10 1.595184e-10 1.757524e-10 1.812633e-10 2.052135e-10 2.651590e-10 2.460938e-10 3.001337e-10 3.645138e-16 3.634643e-16 3.601897e-16 3.493386e-16 3.602437e-16 4.149091e-16 3.793635e-16 4.191160e-16 
1.800060e+02 1.447022e-10 1.560776e-10 1.711209e-10 1.758655e-10 1.984452e-10 2.560528e-10 2.372940e-10 2.891517e-10 3.576041e-16 3.556244e-16 3.506979e-16 3.389357e-16 3.483623e-16 4.006601e-16 3.657982e-16 4.037804e-16 
1.885891e+02 1.420450e-10 1.527979e-10 1.666806e-10 1.706720e-10 1.918986e-10 2.471770e-10 2.287324e-10 2.784039e-10 3.510374e-16 3.481515e-16 3.415979e-16 3.289266e-16 3.368700e-16 3.867718e-16 3.526002e-16 3.887717e-16 
1.974106e+02 1.395947e-10 1.497653e-10 1.625523e-10 1.658266e-10 1.857587e-10 2.387904e-10 2.206558e-10 2.682064e-10 3.449819e-16 3.412418e-16 3.331373e-16 3.195882e-16 3.260917e-16 3.736487e-16 3.401498e-16 3.745317e-16 
2.067089e+02 1.372771e-10 1.468903e-10 1.586184e-10 1.611936e-10 1.798578e-10 2.306717e-10 2.128485e-10 2.582936e-10 3.392545e-16 3.346910e-16 3.250750e-16 3.106594e-16 3.157328e-16 3.609449e-16 3.281146e-16 3.606892e-16 
2.164841e+02 1.350931e-10 1.441752e-10 1.548856e-10 1.567833e-10 1.742116e-10 2.228481e-10 2.053348e-10 2.487006e-10 3.338571e-16 3.285047e-16 3.174249e-16 3.021596e-16 3.058212e-16 3.487029e-16 3.165319e-16 3.472932e-16 
2.264977e+02 1.330859e-10 1.416757e-10 1.514344e-10 1.526934e-10 1.689496e-10 2.155063e-10 1.982920e-10 2.396600e-10 3.288966e-16 3.228095e-16 3.103520e-16 2.942774e-16 2.965839e-16 3.372148e-16 3.056752e-16 3.346686e-16 
2.372265e+02 1.311563e-10 1.392699e-10 1.481001e-10 1.487310e-10 1.638268e-10 2.083103e-10 1.913963e-10 2.307605e-10 3.241282e-16 3.173279e-16 3.035187e-16 2.866409e-16 2.875911e-16 3.259549e-16 2.950452e-16 3.222411e-16 
2.484322e+02 1.293495e-10 1.370152e-10 1.449653e-10 1.449963e-10 1.589753e-10 2.014499e-10 1.848284e-10 2.222385e-10 3.196630e-16 3.121905e-16 2.970941e-16 2.794432e-16 2.790745e-16 3.152199e-16 2.849204e-16 3.103406e-16 
2.601147e+02 1.276588e-10 1.349047e-10 1.420236e-10 1.414843e-10 1.543923e-10 1.949268e-10 1.785889e-10 2.140996e-10 3.154847e-16 3.073817e-16 2.910654e-16 2.726747e-16 2.710293e-16 3.050129e-16 2.753020e-16 2.989754e-16 
2.722740e+02 1.260768e-10 1.329304e-10 1.392670e-10 1.381877e-10 1.500722e-10 1.887390e-10 1.726748e-10 2.063449e-10 3.115750e-16 3.028832e-16 2.854161e-16 2.663214e-16 2.634454e-16 2.953304e-16 2.661852e-16 2.881464e-16 
2.851486e+02 1.245691e-10 1.310504e-10 1.366402e-10 1.350425e-10 1.459340e-10 1.827752e-10 1.669794e-10 1.988380e-10 3.078490e-16 2.985998e-16 2.800325e-16 2.602599e-16 2.561810e-16 2.859986e-16 2.574054e-16 2.776636e-16 
2.987385e+02 1.231354e-10 1.292656e-10 1.341466e-10 1.320552e-10 1.419891e-10 1.770559e-10 1.615216e-10 1.916071e-10 3.043059e-16 2.945330e-16 2.749221e-16 2.545025e-16 2.492560e-16 2.770492e-16 2.489921e-16 2.675661e-16 
3.128052e+02 1.217951e-10 1.276009e-10 1.318238e-10 1.292727e-10 1.383031e-10 1.716810e-10 1.563967e-10 1.847824e-10 3.009937e-16 2.907398e-16 2.701617e-16 2.491400e-16 2.427854e-16 2.686389e-16 2.410919e-16 2.580359e-16 
3.273487e+02 1.205387e-10 1.260449e-10 1.296580e-10 1.266807e-10 1.348605e-10 1.666336e-10 1.515883e-10 1.783473e-10 2.978886e-16 2.871947e-16 2.657232e-16 2.441446e-16 2.367419e-16 2.607410e-16 2.336794e-16 2.490496e-16 
3.428459e+02 1.193211e-10 1.245429e-10 1.275752e-10 1.241923e-10 1.315486e-10 1.617531e-10 1.469432e-10 1.721005e-10 2.948796e-16 2.837724e-16 2.614546e-16 2.393488e-16 2.309281e-16 2.531041e-16 2.265188e-16 2.403264e-16 
3.590584e+02 1.181594e-10 1.231165e-10 1.256072e-10 1.218476e-10 1.284239e-10 1.571260e-10 1.425442e-10 1.661565e-10 2.920086e-16 2.805223e-16 2.574215e-16 2.348300e-16 2.254428e-16 2.458639e-16 2.197377e-16 2.320260e-16 
3.759861e+02 1.170482e-10 1.217598e-10 1.237477e-10 1.196404e-10 1.254808e-10 1.527488e-10 1.383880e-10 1.605148e-10 2.892625e-16 2.774309e-16 2.536104e-16 2.305763e-16 2.202763e-16 2.390146e-16 2.133308e-16 2.241479e-16 
3.936291e+02 1.159821e-10 1.204662e-10 1.219890e-10 1.175633e-10 1.227121e-10 1.486147e-10 1.344687e-10 1.551715e-10 2.866279e-16 2.744835e-16 2.500061e-16 2.265731e-16 2.154159e-16 2.325458e-16 2.072889e-16 2.166863e-16 
4.122257e+02 1.149426e-10 1.192139e-10 1.203025e-10 1.155837e-10 1.200769e-10 1.446668e-10 1.307324e-10 1.500572e-10 2.840591e-16 2.716302e-16 2.465499e-16 2.227580e-16 2.107900e-16 2.263682e-16 2.015293e-16 2.095445e-16 
4.315376e+02 1.139388e-10 1.180140e-10 1.187043e-10 1.137215e-10 1.176041e-10 1.409517e-10 1.272239e-10 1.452367e-10 2.815783e-16 2.688961e-16 2.432746e-16 2.191691e-16 2.064490e-16 2.205551e-16 1.961207e-16 2.028131e-16 
4.520416e+02 1.129425e-10 1.168329e-10 1.171508e-10 1.119272e-10 1.152298e-10 1.373774e-10 1.238565e-10 1.405949e-10 2.791160e-16 2.662050e-16 2.400908e-16 2.157109e-16 2.022810e-16 2.149620e-16 1.909298e-16 1.963311e-16 
4.732609e+02 1.119731e-10 1.156940e-10 1.156734e-10 1.102377e-10 1.130051e-10 1.340238e-10 1.207062e-10 1.362402e-10 2.767204e-16 2.636100e-16 2.370629e-16 2.124549e-16 1.983757e-16 2.097145e-16 1.860735e-16 1.902500e-16 
4.954338e+02 1.110150e-10 1.145787e-10 1.142480e-10 1.086258e-10 1.108956e-10 1.308422e-10 1.177274e-10 1.321134e-10 2.743527e-16 2.610688e-16 2.341417e-16 2.093485e-16 1.946726e-16 2.047362e-16 1.814816e-16 1.844873e-16 
5.187988e+02 1.100550e-10 1.134716e-10 1.128554e-10 1.070704e-10 1.088750e-10 1.277960e-10 1.148863e-10 1.281712e-10 2.719801e-16 2.585462e-16 2.312876e-16 2.063507e-16 1.911255e-16 1.999696e-16 1.771018e-16 1.789822e-16 
5.433559e+02 1.090904e-10 1.123698e-10 1.114925e-10 1.055685e-10 1.069412e-10 1.248847e-10 1.121828e-10 1.244170e-10 2.695964e-16 2.560358e-16 2.284945e-16 2.034562e-16 1.877308e-16 1.954140e-16 1.729343e-16 1.737397e-16 
5.688667e+02 1.081276e-10 1.112803e-10 1.101678e-10 1.041294e-10 1.051069e-10 1.221297e-10 1.096371e-10 1.208821e-10 2.672171e-16 2.535534e-16 2.257796e-16 2.006828e-16 1.845108e-16 1.911032e-16 1.690100e-16 1.688034e-16 
5.958080e+02 1.071460e-10 1.101796e-10 1.088526e-10 1.027219e-10 1.033332e-10 1.194748e-10 1.071973e-10 1.174976e-10 2.647912e-16 2.510454e-16 2.230842e-16 1.979702e-16 1.813972e-16 1.869489e-16 1.652490e-16 1.640773e-16 
6.237030e+02 1.061606e-10 1.090843e-10 1.075663e-10 1.013665e-10 1.016463e-10 1.169611e-10 1.049012e-10 1.143189e-10 2.623558e-16 2.485496e-16 2.204481e-16 1.953579e-16 1.784358e-16 1.830155e-16 1.617095e-16 1.596385e-16 
6.532669e+02 1.051441e-10 1.079637e-10 1.062729e-10 1.000246e-10 9.999871e-11 1.145194e-10 1.026857e-10 1.112613e-10 2.598438e-16 2.459965e-16 2.177973e-16 1.927718e-16 1.755436e-16 1.791950e-16 1.582942e-16 1.553688e-16 
6.840229e+02 1.041117e-10 1.068345e-10 1.049909e-10 9.871538e-11 9.841405e-11 1.121864e-10 1.005838e-10 1.083729e-10 2.572925e-16 2.434235e-16 2.151701e-16 1.902486e-16 1.727617e-16 1.755443e-16 1.550539e-16 1.513353e-16 
7.162094e+02 1.030541e-10 1.056859e-10 1.037076e-10 9.742467e-11 9.687499e-11 1.099374e-10 9.857273e-11 1.056246e-10 2.546788e-16 2.408063e-16 2.125401e-16 1.877611e-16 1.700600e-16 1.720252e-16 1.519539e-16 1.474974e-16 
7.500648e+02 1.019629e-10 1.045084e-10 1.024120e-10 9.614084e-11 9.536746e-11 1.077529e-10 9.663473e-11 1.029937e-10 2.519821e-16 2.381236e-16 2.098849e-16 1.852868e-16 1.674136e-16 1.686069e-16 1.489663e-16 1.438236e-16 
7.853508e+02 1.008456e-10 1.033100e-10 1.011120e-10 9.487080e-11 9.389915e-11 1.056445e-10 9.477953e-11 1.004951e-10 2.492210e-16 2.353930e-16 2.072206e-16 1.828392e-16 1.648360e-16 1.653078e-16 1.461065e-16 1.403345e-16 
8.223057e+02 9.969509e-11 1.020824e-10 9.979791e-11 9.360397e-11 9.245706e-11 1.035939e-10 9.299008e-11 9.810684e-11 2.463776e-16 2.325958e-16 2.045274e-16 1.803977e-16 1.623045e-16 1.620991e-16 1.433480e-16 1.369994e-16 
8.611679e+02 9.850494e-11 1.008185e-10 9.846146e-11 9.233154e-11 9.103057e-11 1.015863e-10 9.125269e-11 9.581157e-11 2.434364e-16 2.297159e-16 2.017885e-16 1.779454e-16 1.598004e-16 1.589577e-16 1.406697e-16 1.337942e-16 
9.016991e+02 9.728410e-11 9.952729e-11 9.711155e-11 9.106086e-11 8.962710e-11 9.963199e-11 8.957536e-11 9.362035e-11 2.404193e-16 2.267739e-16 1.990219e-16 1.754965e-16 1.573366e-16 1.558997e-16 1.380840e-16 1.307343e-16 
9.441376e+02 9.602749e-11 9.820303e-11 9.574130e-11 8.978427e-11 8.823711e-11 9.771744e-11 8.794520e-11 9.151631e-11 2.373138e-16 2.237566e-16 1.962137e-16 1.730362e-16 1.548965e-16 1.529039e-16 1.355711e-16 1.277962e-16 
9.887218e+02 9.473103e-11 9.684103e-11 9.434520e-11 8.849559e-11 8.685295e-11 9.583178e-11 8.635190e-11 8.948607e-11 2.341099e-16 2.206533e-16 1.933525e-16 1.705526e-16 1.524667e-16 1.499534e-16 1.331150e-16 1.249611e-16 
1.035213e+03 9.340516e-11 9.545184e-11 9.293335e-11 8.720301e-11 8.548234e-11 9.398495e-11 8.480262e-11 8.753822e-11 2.308332e-16 2.174880e-16 1.904591e-16 1.680614e-16 1.500607e-16 1.470635e-16 1.307267e-16 1.222411e-16 
1.084089e+03 9.204046e-11 9.402522e-11 9.149463e-11 8.589527e-11 8.411225e-11 9.215867e-11 8.328077e-11 8.565112e-11 2.274606e-16 2.142374e-16 1.875105e-16 1.655411e-16 1.476555e-16 1.442058e-16 1.283807e-16 1.196059e-16 
1.135111e+03 9.064846e-11 9.257283e-11 9.004016e-11 8.458143e-11 8.275108e-11 9.036340e-11 8.179380e-11 8.383304e-11 2.240206e-16 2.109281e-16 1.845297e-16 1.630090e-16 1.452661e-16 1.413967e-16 1.260885e-16 1.170671e-16 
1.188517e+03 8.922794e-11 9.109305e-11 8.856761e-11 8.325834e-11 8.139437e-11 8.859225e-11 8.033473e-11 8.207409e-11 2.205100e-16 2.075564e-16 1.815119e-16 1.604591e-16 1.428844e-16 1.386253e-16 1.238392e-16 1.146108e-16 
1.244545e+03 8.777867e-11 8.958529e-11 8.707582e-11 8.192402e-11 8.003905e-11 8.684031e-11 7.889829e-11 8.036656e-11 2.169284e-16 2.041210e-16 1.784545e-16 1.578875e-16 1.405052e-16 1.358839e-16 1.216249e-16 1.122264e-16 
1.303196e+03 8.630734e-11 8.805619e-11 8.557077e-11 8.058296e-11 7.868866e-11 8.511115e-11 7.748626e-11 7.871111e-11 2.132923e-16 2.006369e-16 1.753701e-16 1.553030e-16 1.381346e-16 1.331782e-16 1.194482e-16 1.099146e-16 
1.364708e+03 8.481514e-11 8.650668e-11 8.405285e-11 7.923469e-11 7.734169e-11 8.340182e-11 7.609514e-11 7.710203e-11 2.096046e-16 1.971064e-16 1.722592e-16 1.527046e-16 1.357701e-16 1.305035e-16 1.173037e-16 1.076677e-16 
1.428843e+03 8.331509e-11 8.495001e-11 8.253449e-11 7.788951e-11 7.600742e-11 8.172293e-11 7.473253e-11 7.554630e-11 2.058975e-16 1.935595e-16 1.691475e-16 1.501121e-16 1.334279e-16 1.278764e-16 1.152032e-16 1.054952e-16 
1.496315e+03 8.179832e-11 8.337672e-11 8.100598e-11 7.653815e-11 7.467573e-11 8.006062e-11 7.338626e-11 7.402831e-11 2.021491e-16 1.899747e-16 1.660149e-16 1.475077e-16 1.310901e-16 1.252753e-16 1.131279e-16 1.033754e-16 
1.566887e+03 8.027858e-11 8.180084e-11 7.948050e-11 7.519172e-11 7.335673e-11 7.842648e-11 7.206490e-11 7.255604e-11 1.983934e-16 1.863840e-16 1.628886e-16 1.449128e-16 1.287747e-16 1.227183e-16 1.110910e-16 1.013195e-16 
1.640558e+03 7.876366e-11 8.023022e-11 7.796520e-11 7.385601e-11 7.205522e-11 7.682527e-11 7.077158e-11 7.113115e-11 1.946495e-16 1.828054e-16 1.597831e-16 1.423385e-16 1.264899e-16 1.202128e-16 1.090973e-16 9.932973e-17 
1.718044e+03 7.724729e-11 7.865819e-11 7.645326e-11 7.252459e-11 7.076419e-11 7.524726e-11 6.949785e-11 6.974263e-11 1.909021e-16 1.792235e-16 1.566845e-16 1.397726e-16 1.242236e-16 1.177436e-16 1.071337e-16 9.739077e-17 
1.798868e+03 7.574712e-11 7.710288e-11 7.496172e-11 7.121213e-11 6.949716e-11 7.370794e-11 6.825570e-11 6.840195e-11 1.871947e-16 1.756797e-16 1.536277e-16 1.372431e-16 1.219994e-16 1.153349e-16 1.052189e-16 9.551859e-17 
1.883745e+03 7.425792e-11 7.555873e-11 7.348488e-11 6.991334e-11 6.824837e-11 7.219923e-11 6.703823e-11 6.710003e-11 1.835144e-16 1.721613e-16 1.506011e-16 1.347401e-16 1.198072e-16 1.129742e-16 1.033421e-16 9.370055e-17 
1.972437e+03 7.279192e-11 7.403830e-11 7.203444e-11 6.863830e-11 6.702690e-11 7.073110e-11 6.585319e-11 6.584368e-11 1.798915e-16 1.686970e-16 1.476285e-16 1.322827e-16 1.176629e-16 1.106769e-16 1.015154e-16 9.194616e-17 
2.065420e+03 7.134880e-11 7.254120e-11 7.060967e-11 6.738619e-11 6.583144e-11 6.930101e-11 6.469830e-11 6.462909e-11 1.763251e-16 1.652859e-16 1.447086e-16 1.298696e-16 1.155643e-16 1.084392e-16 9.973505e-17 9.025006e-17 
2.162695e+03 6.993596e-11 7.107499e-11 6.921749e-11 6.616299e-11 6.466717e-11 6.791426e-11 6.357772e-11 6.345929e-11 1.728335e-16 1.619451e-16 1.418554e-16 1.275122e-16 1.135205e-16 1.062692e-16 9.800763e-17 8.861651e-17 
2.264738e+03 6.855355e-11 6.963979e-11 6.785772e-11 6.496846e-11 6.353343e-11 6.656919e-11 6.249004e-11 6.233159e-11 1.694172e-16 1.586750e-16 1.390687e-16 1.252100e-16 1.115303e-16 1.041645e-16 9.633092e-17 8.704176e-17 
2.371311e+03 6.721118e-11 6.824555e-11 6.653949e-11 6.381058e-11 6.243736e-11 6.527349e-11 6.144144e-11 6.125129e-11 1.660998e-16 1.554982e-16 1.363671e-16 1.229785e-16 1.096062e-16 1.021371e-16 9.471446e-17 8.553319e-17 
2.483130e+03 6.590579e-11 6.688906e-11 6.525951e-11 6.268642e-11 6.137582e-11 6.402267e-11 6.042834e-11 6.021363e-11 1.628737e-16 1.524074e-16 1.337439e-16 1.208120e-16 1.077427e-16 1.001799e-16 9.315273e-17 8.408418e-17 
2.600193e+03 6.464313e-11 6.557631e-11 6.402318e-11 6.160075e-11 6.035294e-11 6.282095e-11 5.945421e-11 5.922125e-11 1.597533e-16 1.494163e-16 1.312101e-16 1.187197e-16 1.059471e-16 9.829946e-17 9.165107e-17 8.269839e-17 
2.722740e+03 6.342557e-11 6.430977e-11 6.283256e-11 6.055536e-11 5.937012e-11 6.166934e-11 5.851994e-11 5.827420e-11 1.567443e-16 1.465305e-16 1.287700e-16 1.167049e-16 1.042218e-16 9.649746e-17 9.021085e-17 8.137589e-17 
2.851009e+03 6.225508e-11 6.309150e-11 6.168937e-11 5.955177e-11 5.842849e-11 6.056859e-11 5.762624e-11 5.737241e-11 1.538517e-16 1.437546e-16 1.264272e-16 1.147708e-16 1.025688e-16 9.477505e-17 8.883319e-17 8.011660e-17 
2.985239e+03 6.113323e-11 6.192319e-11 6.059495e-11 5.859119e-11 5.752888e-11 5.951919e-11 5.677364e-11 5.651568e-11 1.510792e-16 1.410926e-16 1.241842e-16 1.129195e-16 1.009895e-16 9.313300e-17 8.751886e-17 7.892025e-17 
3.125906e+03 6.005947e-11 6.080430e-11 5.954857e-11 5.767297e-11 5.667048e-11 5.851973e-11 5.596107e-11 5.570236e-11 1.484257e-16 1.385432e-16 1.220398e-16 1.111499e-16 9.948266e-17 9.156909e-17 8.626626e-17 7.778449e-17 
3.273249e+03 5.903503e-11 5.973616e-11 5.855126e-11 5.679805e-11 5.585392e-11 5.757055e-11 5.518894e-11 5.493225e-11 1.458939e-16 1.361094e-16 1.199959e-16 1.094637e-16 9.804921e-17 9.008386e-17 8.507598e-17 7.670910e-17 
3.427505e+03 5.806067e-11 5.871962e-11 5.760362e-11 5.596694e-11 5.507947e-11 5.667165e-11 5.445732e-11 5.420496e-11 1.434860e-16 1.337933e-16 1.180538e-16 1.078619e-16 9.668970e-17 8.867729e-17 8.394816e-17 7.569348e-17 
3.589153e+03 5.713541e-11 5.775373e-11 5.670455e-11 5.517869e-11 5.434605e-11 5.582145e-11 5.376504e-11 5.351886e-11 1.411994e-16 1.315925e-16 1.162112e-16 1.063428e-16 9.540222e-17 8.734695e-17 8.288099e-17 7.473539e-17 
3.758192e+03 5.626069e-11 5.684004e-11 5.585531e-11 5.443439e-11 5.365451e-11 5.502069e-11 5.311277e-11 5.287421e-11 1.390377e-16 1.295106e-16 1.144707e-16 1.049083e-16 9.418825e-17 8.609396e-17 8.187549e-17 7.383519e-17 
3.935337e+03 5.543385e-11 5.597586e-11 5.505322e-11 5.373168e-11 5.300249e-11 5.426643e-11 5.249819e-11 5.226837e-11 1.369943e-16 1.275416e-16 1.128269e-16 1.035540e-16 9.304365e-17 8.491371e-17 8.092808e-17 7.298917e-17 
4.120827e+03 5.465468e-11 5.516100e-11 5.429794e-11 5.307025e-11 5.238955e-11 5.355796e-11 5.192078e-11 5.170053e-11 1.350687e-16 1.256849e-16 1.112790e-16 1.022793e-16 9.196765e-17 8.380513e-17 8.003799e-17 7.219622e-17 
4.315138e+03 5.392166e-11 5.439397e-11 5.358791e-11 5.244872e-11 5.181427e-11 5.289350e-11 5.137914e-11 5.116903e-11 1.332572e-16 1.239372e-16 1.098239e-16 1.010815e-16 9.095778e-17 8.276541e-17 7.920303e-17 7.145402e-17 
4.518509e+03 5.323405e-11 5.367404e-11 5.292233e-11 5.186635e-11 5.127585e-11 5.227199e-11 5.087245e-11 5.067283e-11 1.315579e-16 1.222969e-16 1.084598e-16 9.995909e-17 9.001261e-17 8.179290e-17 7.842195e-17 7.076111e-17 
4.731417e+03 5.259008e-11 5.299944e-11 5.229939e-11 5.132154e-11 5.077270e-11 5.169149e-11 5.039916e-11 5.021020e-11 1.299665e-16 1.207598e-16 1.071832e-16 9.890911e-17 8.912935e-17 8.088457e-17 7.769235e-17 7.011507e-17 
4.954338e+03 5.198799e-11 5.236837e-11 5.171733e-11 5.081270e-11 5.030325e-11 5.115011e-11 4.995775e-11 4.977946e-11 1.284785e-16 1.193219e-16 1.059903e-16 9.792845e-17 8.830525e-17 8.003743e-17 7.701189e-17 6.951358e-17 
5.187750e+03 5.142600e-11 5.177903e-11 5.117435e-11 5.033824e-11 4.986594e-11 5.064597e-11 4.954670e-11 4.937899e-11 1.270897e-16 1.179790e-16 1.048775e-16 9.701406e-17 8.753757e-17 7.924859e-17 7.637824e-17 6.895435e-17 
5.432367e+03 5.090185e-11 5.122909e-11 5.066820e-11 4.989617e-11 4.945885e-11 5.017681e-11 4.916418e-11 4.900685e-11 1.257943e-16 1.167260e-16 1.038402e-16 9.616208e-17 8.682293e-17 7.851446e-17 7.578857e-17 6.843469e-17 
5.688429e+03 5.041432e-11 5.071733e-11 5.019765e-11 4.948538e-11 4.908088e-11 4.974133e-11 4.880914e-11 4.866192e-11 1.245895e-16 1.155599e-16 1.028759e-16 9.537039e-17 8.615944e-17 7.783304e-17 7.524127e-17 6.795300e-17 
5.956411e+03 4.996158e-11 5.024188e-11 4.976091e-11 4.910427e-11 4.873050e-11 4.933771e-11 4.848010e-11 4.834263e-11 1.234706e-16 1.144766e-16 1.019808e-16 9.463589e-17 8.554435e-17 7.720147e-17 7.473404e-17 6.750714e-17 
6.237030e+03 4.954148e-11 4.980050e-11 4.935582e-11 4.875094e-11 4.840590e-11 4.896384e-11 4.817536e-11 4.804725e-11 1.224324e-16 1.134710e-16 1.011506e-16 9.395494e-17 8.497454e-17 7.661647e-17 7.426426e-17 6.709467e-17 
6.531000e+03 4.915202e-11 4.939114e-11 4.898044e-11 4.842365e-11 4.810544e-11 4.861782e-11 4.789333e-11 4.777419e-11 1.214699e-16 1.125382e-16 1.003813e-16 9.332417e-17 8.444708e-17 7.607503e-17 7.382951e-17 6.671335e-17 
6.838799e+03 4.879157e-11 4.901214e-11 4.863317e-11 4.812099e-11 4.782777e-11 4.829808e-11 4.763276e-11 4.752214e-11 1.205792e-16 1.116747e-16 9.966958e-17 9.274087e-17 8.395965e-17 7.557471e-17 7.342783e-17 6.636138e-17 
7.161140e+03 4.845830e-11 4.866158e-11 4.831219e-11 4.784136e-11 4.757138e-11 4.800287e-11 4.739221e-11 4.728965e-11 1.197556e-16 1.108759e-16 9.901176e-17 9.220196e-17 8.350957e-17 7.511278e-17 7.305702e-17 6.603673e-17 
7.498741e+03 4.815045e-11 4.833765e-11 4.801580e-11 4.758324e-11 4.733486e-11 4.773055e-11 4.717034e-11 4.707540e-11 1.189948e-16 1.101378e-16 9.840435e-17 9.170451e-17 8.309437e-17 7.468666e-17 7.271499e-17 6.573754e-17 
