f            Pxx32k       Pxx31k       Pxx30k       Pxx29k       Pxx28k       Pxx27k       Pxx26k       Pxx25k       Pxx_pow32k   Pxx_pow31k   Pxx_pow30k   Pxx_pow29k   Pxx_pow28k   Pxx_pow27k   Pxx_pow26k   Pxx_pow25k   
4.768372e-01 4.251710e-10 4.664436e-10 5.043983e-10 5.339211e-10 5.951320e-10 6.514538e-10 6.825736e-10 7.444225e-10 1.125409e-15 1.121747e-15 1.119582e-15 1.117755e-15 1.115875e-15 1.114820e-15 1.114210e-15 1.113556e-15 
7.152557e-01 4.251209e-10 4.663955e-10 5.043512e-10 5.338729e-10 5.950883e-10 6.514146e-10 6.825324e-10 7.443849e-10 1.125277e-15 1.121631e-15 1.119478e-15 1.117654e-15 1.115793e-15 1.114753e-15 1.114143e-15 1.113500e-15 
9.536743e-01 4.250508e-10 4.663280e-10 5.042853e-10 5.338055e-10 5.950271e-10 6.513598e-10 6.824747e-10 7.443323e-10 1.125091e-15 1.121469e-15 1.119332e-15 1.117513e-15 1.115679e-15 1.114659e-15 1.114048e-15 1.113421e-15 
1.192093e+00 4.249606e-10 4.662414e-10 5.042007e-10 5.337188e-10 5.949484e-10 6.512893e-10 6.824005e-10 7.442646e-10 1.124852e-15 1.121261e-15 1.119144e-15 1.117331e-15 1.115531e-15 1.114538e-15 1.113927e-15 1.113320e-15 
1.430511e+00 4.248506e-10 4.661355e-10 5.040973e-10 5.336129e-10 5.948524e-10 6.512032e-10 6.823099e-10 7.441819e-10 1.124561e-15 1.121006e-15 1.118914e-15 1.117110e-15 1.115351e-15 1.114391e-15 1.113780e-15 1.113196e-15 
1.668930e+00 4.247206e-10 4.660105e-10 5.039752e-10 5.334879e-10 5.947389e-10 6.511015e-10 6.822029e-10 7.440843e-10 1.124217e-15 1.120705e-15 1.118643e-15 1.116848e-15 1.115138e-15 1.114217e-15 1.113605e-15 1.113050e-15 
1.907349e+00 4.245709e-10 4.658665e-10 5.038345e-10 5.333438e-10 5.946080e-10 6.509842e-10 6.820795e-10 7.439716e-10 1.123821e-15 1.120359e-15 1.118331e-15 1.116546e-15 1.114893e-15 1.114016e-15 1.113403e-15 1.112882e-15 
2.145767e+00 4.244014e-10 4.657033e-10 5.036751e-10 5.331805e-10 5.944598e-10 6.508513e-10 6.819397e-10 7.438440e-10 1.123372e-15 1.119967e-15 1.117977e-15 1.116205e-15 1.114615e-15 1.113789e-15 1.113175e-15 1.112691e-15 
2.384186e+00 4.242121e-10 4.655212e-10 5.034972e-10 5.329983e-10 5.942943e-10 6.507029e-10 6.817836e-10 7.437015e-10 1.122871e-15 1.119529e-15 1.117582e-15 1.115823e-15 1.114305e-15 1.113535e-15 1.112920e-15 1.112478e-15 
2.622604e+00 4.240033e-10 4.653203e-10 5.033008e-10 5.327971e-10 5.941116e-10 6.505390e-10 6.816111e-10 7.435440e-10 1.122318e-15 1.119045e-15 1.117146e-15 1.115402e-15 1.113962e-15 1.113254e-15 1.112639e-15 1.112242e-15 
2.861023e+00 4.237751e-10 4.651005e-10 5.030859e-10 5.325770e-10 5.939117e-10 6.503596e-10 6.814224e-10 7.433717e-10 1.121714e-15 1.118517e-15 1.116669e-15 1.114941e-15 1.113587e-15 1.112947e-15 1.112331e-15 1.111984e-15 
3.099442e+00 4.235274e-10 4.648619e-10 5.028527e-10 5.323381e-10 5.936946e-10 6.501649e-10 6.812175e-10 7.431846e-10 1.121059e-15 1.117943e-15 1.116152e-15 1.114441e-15 1.113180e-15 1.112614e-15 1.111996e-15 1.111704e-15 
3.337860e+00 4.232604e-10 4.646048e-10 5.026013e-10 5.320805e-10 5.934604e-10 6.499547e-10 6.809963e-10 7.429826e-10 1.120352e-15 1.117325e-15 1.115594e-15 1.113902e-15 1.112741e-15 1.112254e-15 1.111635e-15 1.111402e-15 
3.576279e+00 4.229743e-10 4.643291e-10 5.023317e-10 5.318042e-10 5.932092e-10 6.497292e-10 6.807591e-10 7.427658e-10 1.119595e-15 1.116662e-15 1.114995e-15 1.113323e-15 1.112270e-15 1.111869e-15 1.111248e-15 1.111078e-15 
3.814697e+00 4.226692e-10 4.640349e-10 5.020439e-10 5.315093e-10 5.929410e-10 6.494884e-10 6.805058e-10 7.425343e-10 1.118787e-15 1.115954e-15 1.114356e-15 1.112706e-15 1.111767e-15 1.111456e-15 1.110835e-15 1.110732e-15 
4.053116e+00 4.223452e-10 4.637225e-10 5.017382e-10 5.311961e-10 5.926560e-10 6.492324e-10 6.802364e-10 7.422882e-10 1.117929e-15 1.115203e-15 1.113678e-15 1.112050e-15 1.111233e-15 1.111018e-15 1.110395e-15 1.110363e-15 
4.291534e+00 4.220024e-10 4.633919e-10 5.014147e-10 5.308644e-10 5.923541e-10 6.489613e-10 6.799511e-10 7.420273e-10 1.117022e-15 1.114408e-15 1.112960e-15 1.111356e-15 1.110667e-15 1.110554e-15 1.109929e-15 1.109973e-15 
4.529953e+00 4.216410e-10 4.630432e-10 5.010733e-10 5.305145e-10 5.920355e-10 6.486750e-10 6.796498e-10 7.417519e-10 1.116066e-15 1.113569e-15 1.112202e-15 1.110623e-15 1.110070e-15 1.110064e-15 1.109437e-15 1.109561e-15 
4.768372e+00 4.212613e-10 4.626766e-10 5.007144e-10 5.301465e-10 5.917003e-10 6.483736e-10 6.793327e-10 7.414620e-10 1.115060e-15 1.112688e-15 1.111405e-15 1.109853e-15 1.109441e-15 1.109549e-15 1.108920e-15 1.109127e-15 
5.006790e+00 4.208633e-10 4.622922e-10 5.003379e-10 5.297605e-10 5.913485e-10 6.480573e-10 6.789999e-10 7.411575e-10 1.114007e-15 1.111763e-15 1.110570e-15 1.109045e-15 1.108781e-15 1.109007e-15 1.108376e-15 1.108672e-15 
5.245209e+00 4.204472e-10 4.618901e-10 4.999440e-10 5.293566e-10 5.909803e-10 6.477260e-10 6.786514e-10 7.408386e-10 1.112905e-15 1.110796e-15 1.109695e-15 1.108199e-15 1.108091e-15 1.108441e-15 1.107807e-15 1.108195e-15 
5.483627e+00 4.200132e-10 4.614706e-10 4.995328e-10 5.289350e-10 5.905956e-10 6.473800e-10 6.782872e-10 7.405053e-10 1.111757e-15 1.109787e-15 1.108783e-15 1.107317e-15 1.107370e-15 1.107848e-15 1.107213e-15 1.107696e-15 
5.722046e+00 4.195615e-10 4.610338e-10 4.991046e-10 5.284958e-10 5.901948e-10 6.470191e-10 6.779075e-10 7.401577e-10 1.110561e-15 1.108737e-15 1.107832e-15 1.106397e-15 1.106618e-15 1.107231e-15 1.106593e-15 1.107176e-15 
5.960464e+00 4.190923e-10 4.605798e-10 4.986594e-10 5.280391e-10 5.897778e-10 6.466435e-10 6.775123e-10 7.397958e-10 1.109319e-15 1.107645e-15 1.106844e-15 1.105441e-15 1.105836e-15 1.106588e-15 1.105948e-15 1.106635e-15 
6.437302e+00 4.181022e-10 4.596210e-10 4.977186e-10 5.270738e-10 5.888957e-10 6.458487e-10 6.766759e-10 7.390295e-10 1.106698e-15 1.105339e-15 1.104756e-15 1.103420e-15 1.104182e-15 1.105228e-15 1.104583e-15 1.105489e-15 
6.675720e+00 4.175817e-10 4.591166e-10 4.972234e-10 5.265656e-10 5.884309e-10 6.454296e-10 6.762349e-10 7.386252e-10 1.105321e-15 1.104126e-15 1.103657e-15 1.102356e-15 1.103311e-15 1.104511e-15 1.103863e-15 1.104884e-15 
6.914139e+00 4.170446e-10 4.585957e-10 4.967119e-10 5.260406e-10 5.879504e-10 6.449961e-10 6.757787e-10 7.382070e-10 1.103899e-15 1.102873e-15 1.102521e-15 1.101257e-15 1.102410e-15 1.103769e-15 1.103118e-15 1.104258e-15 
7.152557e+00 4.164910e-10 4.580586e-10 4.961842e-10 5.254989e-10 5.874543e-10 6.445484e-10 6.753076e-10 7.377748e-10 1.102434e-15 1.101582e-15 1.101350e-15 1.100123e-15 1.101480e-15 1.103003e-15 1.102349e-15 1.103612e-15 
7.629395e+00 4.153355e-10 4.569363e-10 4.950809e-10 5.243660e-10 5.864159e-10 6.436105e-10 6.743206e-10 7.368690e-10 1.099375e-15 1.098883e-15 1.098901e-15 1.097752e-15 1.099533e-15 1.101398e-15 1.100738e-15 1.102257e-15 
7.867813e+00 4.147340e-10 4.563517e-10 4.945058e-10 5.237753e-10 5.858739e-10 6.431206e-10 6.738050e-10 7.363956e-10 1.097783e-15 1.097477e-15 1.097624e-15 1.096515e-15 1.098517e-15 1.100559e-15 1.099896e-15 1.101549e-15 
8.344650e+00 4.134849e-10 4.551362e-10 4.933093e-10 5.225460e-10 5.847449e-10 6.420992e-10 6.727302e-10 7.354080e-10 1.094477e-15 1.094554e-15 1.094969e-15 1.093941e-15 1.096400e-15 1.098811e-15 1.098142e-15 1.100072e-15 
8.821487e+00 4.121759e-10 4.538606e-10 4.920525e-10 5.212544e-10 5.835568e-10 6.410233e-10 6.715978e-10 7.343667e-10 1.091012e-15 1.091486e-15 1.092179e-15 1.091237e-15 1.094172e-15 1.096970e-15 1.096294e-15 1.098514e-15 
9.059906e+00 4.114995e-10 4.532009e-10 4.914020e-10 5.205856e-10 5.829410e-10 6.404651e-10 6.710104e-10 7.338262e-10 1.089221e-15 1.089900e-15 1.090735e-15 1.089837e-15 1.093017e-15 1.096015e-15 1.095335e-15 1.097705e-15 
9.536743e+00 4.101045e-10 4.518386e-10 4.900578e-10 5.192033e-10 5.816666e-10 6.393089e-10 6.697936e-10 7.327057e-10 1.085529e-15 1.086623e-15 1.087752e-15 1.086943e-15 1.090628e-15 1.094036e-15 1.093348e-15 1.096029e-15 
1.001358e+01 4.086549e-10 4.504208e-10 4.886574e-10 5.177625e-10 5.803362e-10 6.381004e-10 6.685216e-10 7.315334e-10 1.081692e-15 1.083214e-15 1.084643e-15 1.083927e-15 1.088133e-15 1.091968e-15 1.091272e-15 1.094276e-15 
1.049042e+01 4.071528e-10 4.489493e-10 4.872025e-10 5.162649e-10 5.789511e-10 6.368405e-10 6.671956e-10 7.303101e-10 1.077716e-15 1.079675e-15 1.081414e-15 1.080792e-15 1.085536e-15 1.089812e-15 1.089107e-15 1.092446e-15 
1.096725e+01 4.056004e-10 4.474261e-10 4.856947e-10 5.147123e-10 5.775125e-10 6.355303e-10 6.658165e-10 7.290366e-10 1.073607e-15 1.076012e-15 1.078067e-15 1.077542e-15 1.082839e-15 1.087570e-15 1.086856e-15 1.090541e-15 
1.144409e+01 4.039999e-10 4.458532e-10 4.841359e-10 5.131064e-10 5.760219e-10 6.341707e-10 6.643854e-10 7.277136e-10 1.069370e-15 1.072229e-15 1.074607e-15 1.074180e-15 1.080044e-15 1.085244e-15 1.084520e-15 1.088562e-15 
1.192093e+01 4.023537e-10 4.442324e-10 4.825279e-10 5.114489e-10 5.744806e-10 6.327629e-10 6.629035e-10 7.263422e-10 1.065013e-15 1.068331e-15 1.071038e-15 1.070710e-15 1.077154e-15 1.082834e-15 1.082101e-15 1.086510e-15 
1.263618e+01 3.998035e-10 4.417160e-10 4.800274e-10 5.088700e-10 5.720767e-10 6.305631e-10 6.605877e-10 7.241961e-10 1.058262e-15 1.062280e-15 1.065488e-15 1.065311e-15 1.072647e-15 1.079070e-15 1.078321e-15 1.083300e-15 
1.311302e+01 3.980526e-10 4.399844e-10 4.783042e-10 5.070916e-10 5.704149e-10 6.290394e-10 6.589836e-10 7.227074e-10 1.053628e-15 1.058115e-15 1.061663e-15 1.061588e-15 1.069531e-15 1.076462e-15 1.075702e-15 1.081073e-15 
1.382828e+01 3.953560e-10 4.373112e-10 4.756396e-10 5.043398e-10 5.678369e-10 6.266709e-10 6.564901e-10 7.203897e-10 1.046490e-15 1.051687e-15 1.055748e-15 1.055827e-15 1.064697e-15 1.072409e-15 1.071632e-15 1.077606e-15 
1.430511e+01 3.935146e-10 4.354815e-10 4.738128e-10 5.024519e-10 5.660636e-10 6.250384e-10 6.547712e-10 7.187895e-10 1.041616e-15 1.047286e-15 1.051693e-15 1.051875e-15 1.061372e-15 1.069616e-15 1.068826e-15 1.075213e-15 
1.502037e+01 3.906925e-10 4.326703e-10 4.710014e-10 4.995444e-10 5.633254e-10 6.225122e-10 6.521112e-10 7.163093e-10 1.034146e-15 1.040526e-15 1.045453e-15 1.045788e-15 1.056238e-15 1.065293e-15 1.064484e-15 1.071502e-15 
1.573563e+01 3.878048e-10 4.297852e-10 4.681102e-10 4.965519e-10 5.604978e-10 6.198966e-10 6.493570e-10 7.137360e-10 1.026503e-15 1.033587e-15 1.039036e-15 1.039523e-15 1.050936e-15 1.060817e-15 1.059988e-15 1.067653e-15 
1.645088e+01 3.848588e-10 4.268329e-10 4.651454e-10 4.934804e-10 5.575858e-10 6.171957e-10 6.465126e-10 7.110731e-10 1.018705e-15 1.026487e-15 1.032455e-15 1.033093e-15 1.045476e-15 1.056195e-15 1.055345e-15 1.063670e-15 
1.716614e+01 3.818614e-10 4.238197e-10 4.621131e-10 4.903362e-10 5.545944e-10 6.144135e-10 6.435825e-10 7.083241e-10 1.010770e-15 1.019241e-15 1.025724e-15 1.026511e-15 1.039867e-15 1.051433e-15 1.050562e-15 1.059558e-15 
1.811981e+01 3.777963e-10 4.197184e-10 4.579753e-10 4.860410e-10 5.504913e-10 6.105846e-10 6.395495e-10 7.045309e-10 1.000010e-15 1.009378e-15 1.016540e-15 1.017519e-15 1.032174e-15 1.044881e-15 1.043979e-15 1.053884e-15 
1.883507e+01 3.747045e-10 4.165874e-10 4.548084e-10 4.827500e-10 5.473344e-10 6.076287e-10 6.364359e-10 7.015947e-10 9.918265e-16 1.001848e-15 1.009511e-15 1.010629e-15 1.026255e-15 1.039823e-15 1.038896e-15 1.049491e-15 
1.978874e+01 3.705363e-10 4.123507e-10 4.505120e-10 4.782804e-10 5.430284e-10 6.035830e-10 6.321737e-10 6.975648e-10 9.807936e-16 9.916593e-16 9.999741e-16 1.001272e-15 1.018181e-15 1.032899e-15 1.031939e-15 1.043463e-15 
2.074242e+01 3.663283e-10 4.080552e-10 4.461429e-10 4.737293e-10 5.386224e-10 5.994266e-10 6.277945e-10 6.934112e-10 9.696553e-16 9.813291e-16 9.902764e-16 9.917445e-16 1.009920e-15 1.025787e-15 1.024790e-15 1.037250e-15 
2.169609e+01 3.620933e-10 4.037136e-10 4.417136e-10 4.691095e-10 5.341275e-10 5.951690e-10 6.233081e-10 6.891424e-10 9.584454e-16 9.708879e-16 9.804450e-16 9.820729e-16 1.001492e-15 1.018501e-15 1.017467e-15 1.030864e-15 
2.264977e+01 3.578431e-10 3.993376e-10 4.372359e-10 4.644329e-10 5.295546e-10 5.908195e-10 6.187242e-10 6.847668e-10 9.471952e-16 9.603641e-16 9.705059e-16 9.722826e-16 9.929175e-16 1.011058e-15 1.009984e-15 1.024319e-15 
2.384186e+01 3.525254e-10 3.938361e-10 4.315874e-10 4.585249e-10 5.237444e-10 5.852672e-10 6.128717e-10 6.791595e-10 9.331194e-16 9.471337e-16 9.579682e-16 9.599142e-16 9.820235e-16 1.001556e-15 1.000431e-15 1.015931e-15 
2.479553e+01 3.482792e-10 3.894222e-10 4.270401e-10 4.537615e-10 5.190333e-10 5.807437e-10 6.081030e-10 6.745734e-10 9.218800e-16 9.365187e-16 9.478750e-16 9.499423e-16 9.731901e-16 9.938151e-16 9.926468e-16 1.009071e-15 
2.598763e+01 3.429960e-10 3.839042e-10 4.213363e-10 4.477777e-10 5.130813e-10 5.750013e-10 6.020484e-10 6.687285e-10 9.078956e-16 9.232485e-16 9.352146e-16 9.374153e-16 9.620301e-16 9.839882e-16 9.827634e-16 1.000328e-15 
2.717972e+01 3.377542e-10 3.784009e-10 4.156265e-10 4.417777e-10 5.070754e-10 5.691760e-10 5.959052e-10 6.627727e-10 8.940207e-16 9.100136e-16 9.225409e-16 9.248543e-16 9.507689e-16 9.740194e-16 9.727354e-16 9.914190e-16 
2.861023e+01 3.315372e-10 3.718369e-10 4.087888e-10 4.345794e-10 4.998200e-10 5.620974e-10 5.884388e-10 6.555001e-10 8.775647e-16 8.942279e-16 9.073637e-16 9.097847e-16 9.371651e-16 9.619059e-16 9.605475e-16 9.805400e-16 
2.980232e+01 3.264306e-10 3.664154e-10 4.031187e-10 4.285994e-10 4.937514e-10 5.561419e-10 5.821558e-10 6.493510e-10 8.640477e-16 8.811897e-16 8.947782e-16 8.972657e-16 9.257864e-16 9.517144e-16 9.502913e-16 9.713419e-16 
3.123283e+01 3.204057e-10 3.599842e-10 3.963666e-10 4.214654e-10 4.864627e-10 5.489473e-10 5.745638e-10 6.418858e-10 8.481000e-16 8.657236e-16 8.797908e-16 8.823308e-16 9.121200e-16 9.394025e-16 9.378985e-16 9.601749e-16 
3.266335e+01 3.145056e-10 3.536500e-10 3.896884e-10 4.143958e-10 4.791872e-10 5.417206e-10 5.669363e-10 6.343467e-10 8.324827e-16 8.504903e-16 8.649676e-16 8.675308e-16 8.984785e-16 9.270356e-16 9.254475e-16 9.488975e-16 
3.433228e+01 3.077936e-10 3.464003e-10 3.820113e-10 4.062522e-10 4.707417e-10 5.332751e-10 5.580199e-10 6.254849e-10 8.147162e-16 8.330555e-16 8.479274e-16 8.504821e-16 8.826431e-16 9.125830e-16 9.108928e-16 9.356414e-16 
3.600121e+01 3.012777e-10 3.393178e-10 3.744768e-10 3.982421e-10 4.623673e-10 5.248411e-10 5.491130e-10 6.165800e-10 7.974689e-16 8.160229e-16 8.312035e-16 8.337133e-16 8.669411e-16 8.981500e-16 8.963535e-16 9.223209e-16 
3.767014e+01 2.949662e-10 3.324155e-10 3.671013e-10 3.903842e-10 4.540872e-10 5.164437e-10 5.402422e-10 6.076593e-10 7.807627e-16 7.994237e-16 8.148324e-16 8.172629e-16 8.514158e-16 8.837796e-16 8.818730e-16 9.089766e-16 
3.933907e+01 2.888641e-10 3.257029e-10 3.598974e-10 3.826931e-10 4.459207e-10 5.081050e-10 5.314308e-10 5.987473e-10 7.646107e-16 7.832806e-16 7.988425e-16 8.011617e-16 8.361037e-16 8.695099e-16 8.674896e-16 8.956455e-16 
4.124641e+01 2.821496e-10 3.182717e-10 3.518869e-10 3.741219e-10 4.367476e-10 4.986718e-10 5.214595e-10 5.886012e-10 7.468377e-16 7.654093e-16 7.810620e-16 7.832179e-16 8.189040e-16 8.533670e-16 8.512128e-16 8.804683e-16 
4.315376e+01 2.757114e-10 3.111020e-10 3.441230e-10 3.657954e-10 4.277637e-10 4.893653e-10 5.116186e-10 5.785245e-10 7.297961e-16 7.481670e-16 7.638289e-16 7.657867e-16 8.020592e-16 8.374409e-16 8.351488e-16 8.653950e-16 
4.529953e+01 2.687949e-10 3.033510e-10 3.356906e-10 3.567306e-10 4.179020e-10 4.790722e-10 5.007303e-10 5.673029e-10 7.114885e-16 7.295268e-16 7.451120e-16 7.468097e-16 7.835683e-16 8.198266e-16 8.173751e-16 8.486090e-16 
4.720688e+01 2.629311e-10 2.967401e-10 3.284664e-10 3.489467e-10 4.093662e-10 4.700984e-10 4.912338e-10 5.574538e-10 6.959673e-16 7.136281e-16 7.290770e-16 7.305141e-16 7.675636e-16 8.044699e-16 8.018733e-16 8.338761e-16 
4.959106e+01 2.559663e-10 2.888399e-10 3.197948e-10 3.395809e-10 3.990132e-10 4.591340e-10 4.796259e-10 5.453373e-10 6.775316e-16 6.946291e-16 7.098290e-16 7.109069e-16 7.481519e-16 7.857068e-16 7.829250e-16 8.157514e-16 
5.197525e+01 2.493914e-10 2.813341e-10 3.115167e-10 3.306172e-10 3.890206e-10 4.484685e-10 4.683288e-10 5.334640e-10 6.601282e-16 6.765783e-16 6.914548e-16 6.921417e-16 7.294156e-16 7.674551e-16 7.644841e-16 7.979905e-16 
5.435944e+01 2.431884e-10 2.742094e-10 3.036236e-10 3.220491e-10 3.793920e-10 4.381150e-10 4.573570e-10 5.218562e-10 6.437092e-16 6.594443e-16 6.739350e-16 6.742045e-16 7.113620e-16 7.497374e-16 7.465741e-16 7.806268e-16 
5.698204e+01 2.367720e-10 2.667947e-10 2.953723e-10 3.130694e-10 3.692201e-10 4.270964e-10 4.456742e-10 5.094145e-10 6.267253e-16 6.416127e-16 6.556199e-16 6.554055e-16 6.922896e-16 7.308815e-16 7.275034e-16 7.620156e-16 
5.960464e+01 2.307570e-10 2.598016e-10 2.875553e-10 3.045404e-10 3.594823e-10 4.164706e-10 4.344015e-10 4.973303e-10 6.108038e-16 6.247951e-16 6.382690e-16 6.375502e-16 6.740311e-16 7.126977e-16 7.091023e-16 7.439393e-16 
6.246567e+01 2.246230e-10 2.526274e-10 2.795003e-10 2.957286e-10 3.493432e-10 4.053270e-10 4.225726e-10 4.845668e-10 5.945674e-16 6.075419e-16 6.203898e-16 6.191030e-16 6.550203e-16 6.936280e-16 6.897932e-16 7.248469e-16 
6.532669e+01 2.189044e-10 2.458992e-10 2.719129e-10 2.874064e-10 3.396940e-10 3.946465e-10 4.112280e-10 4.722470e-10 5.794306e-16 5.913611e-16 6.035485e-16 6.016806e-16 6.369279e-16 6.753506e-16 6.712746e-16 7.064181e-16 
6.842613e+01 2.131426e-10 2.390802e-10 2.641900e-10 2.789128e-10 3.297722e-10 3.835882e-10 3.994742e-10 4.594019e-10 5.641793e-16 5.749623e-16 5.864065e-16 5.838993e-16 6.183245e-16 6.564267e-16 6.520881e-16 6.872036e-16 
7.176399e+01 2.074008e-10 2.322441e-10 2.564134e-10 2.703360e-10 3.196769e-10 3.722577e-10 3.874222e-10 4.461465e-10 5.489809e-16 5.585222e-16 5.691453e-16 5.659439e-16 5.993958e-16 6.370371e-16 6.324148e-16 6.673752e-16 
7.486343e+01 2.024631e-10 2.263318e-10 2.496596e-10 2.628666e-10 3.108223e-10 3.622544e-10 3.767739e-10 4.343642e-10 5.359110e-16 5.443038e-16 5.541541e-16 5.503069e-16 5.827933e-16 6.199187e-16 6.150329e-16 6.497504e-16 
7.867813e+01 1.968597e-10 2.195836e-10 2.419180e-10 2.542804e-10 3.005704e-10 3.505968e-10 3.643543e-10 4.205391e-10 5.210790e-16 5.280751e-16 5.369707e-16 5.323317e-16 5.635710e-16 5.999693e-16 5.947597e-16 6.290699e-16 
8.225441e+01 1.920373e-10 2.137420e-10 2.351874e-10 2.467930e-10 2.915658e-10 3.402906e-10 3.533645e-10 4.082315e-10 5.083145e-16 5.140266e-16 5.220313e-16 5.166571e-16 5.466874e-16 5.823324e-16 5.768202e-16 6.106595e-16 
8.630753e+01 1.870256e-10 2.076362e-10 2.281229e-10 2.389104e-10 2.820197e-10 3.292959e-10 3.416295e-10 3.950134e-10 4.950487e-16 4.993427e-16 5.063505e-16 5.001550e-16 5.287883e-16 5.635175e-16 5.576644e-16 5.908870e-16 
9.036064e+01 1.824469e-10 2.020258e-10 2.216039e-10 2.316140e-10 2.731215e-10 3.189841e-10 3.306119e-10 3.825323e-10 4.829291e-16 4.858504e-16 4.918807e-16 4.848800e-16 5.121042e-16 5.458711e-16 5.396796e-16 5.722169e-16 
9.441376e+01 1.782560e-10 1.968627e-10 2.155804e-10 2.248516e-10 2.648204e-10 3.093086e-10 3.202633e-10 3.707466e-10 4.718360e-16 4.734337e-16 4.785108e-16 4.707231e-16 4.965395e-16 5.293136e-16 5.227870e-16 5.545871e-16 
9.894371e+01 1.739819e-10 1.915685e-10 2.093790e-10 2.178677e-10 2.561910e-10 2.991934e-10 3.094322e-10 3.583467e-10 4.605226e-16 4.607018e-16 4.647459e-16 4.561023e-16 4.803595e-16 5.120037e-16 5.051067e-16 5.360386e-16 
1.037121e+02 1.698984e-10 1.864824e-10 2.033965e-10 2.111080e-10 2.477827e-10 2.892807e-10 2.988046e-10 3.461157e-10 4.497136e-16 4.484701e-16 4.514669e-16 4.419510e-16 4.645939e-16 4.950403e-16 4.877586e-16 5.177426e-16 
1.084805e+02 1.661921e-10 1.818414e-10 1.979156e-10 2.048946e-10 2.400038e-10 2.800597e-10 2.889057e-10 3.346658e-10 4.399032e-16 4.373092e-16 4.393012e-16 4.289435e-16 4.500083e-16 4.792605e-16 4.715998e-16 5.006151e-16 
1.137257e+02 1.624994e-10 1.771934e-10 1.924042e-10 1.986258e-10 2.321049e-10 2.706462e-10 2.787860e-10 3.229033e-10 4.301290e-16 4.261311e-16 4.270680e-16 4.158199e-16 4.351978e-16 4.631514e-16 4.550809e-16 4.830199e-16 
1.189709e+02 1.591614e-10 1.729701e-10 1.873766e-10 1.928878e-10 2.248285e-10 2.619290e-10 2.694010e-10 3.119423e-10 4.212933e-16 4.159744e-16 4.159085e-16 4.038075e-16 4.215546e-16 4.482338e-16 4.397611e-16 4.666237e-16 
1.244545e+02 1.560045e-10 1.689564e-10 1.825803e-10 1.873955e-10 2.178206e-10 2.534910e-10 2.603027e-10 3.012675e-10 4.129370e-16 4.063222e-16 4.052625e-16 3.923094e-16 4.084147e-16 4.337941e-16 4.249093e-16 4.506556e-16 
1.304150e+02 1.529110e-10 1.650047e-10 1.778398e-10 1.819484e-10 2.108267e-10 2.450276e-10 2.511619e-10 2.904939e-10 4.047488e-16 3.968185e-16 3.947402e-16 3.809060e-16 3.953012e-16 4.193109e-16 4.099882e-16 4.345398e-16 
1.366138e+02 1.500195e-10 1.612936e-10 1.733710e-10 1.767956e-10 2.041690e-10 2.369305e-10 2.424012e-10 2.801214e-10 3.970952e-16 3.878938e-16 3.848211e-16 3.701186e-16 3.828180e-16 4.054545e-16 3.956876e-16 4.190240e-16 
1.430511e+02 1.473223e-10 1.578164e-10 1.691684e-10 1.719330e-10 1.978473e-10 2.292043e-10 2.340264e-10 2.701617e-10 3.899557e-16 3.795316e-16 3.754927e-16 3.599389e-16 3.709646e-16 3.922327e-16 3.820167e-16 4.041256e-16 
1.497269e+02 1.448102e-10 1.545646e-10 1.652241e-10 1.673539e-10 1.918578e-10 2.218491e-10 2.260384e-10 2.606209e-10 3.833063e-16 3.717114e-16 3.667379e-16 3.503526e-16 3.597343e-16 3.796459e-16 3.689774e-16 3.898539e-16 
1.568794e+02 1.423973e-10 1.514292e-10 1.614077e-10 1.629086e-10 1.860079e-10 2.146311e-10 2.181836e-10 2.511989e-10 3.769195e-16 3.641709e-16 3.582669e-16 3.410464e-16 3.487657e-16 3.672940e-16 3.561555e-16 3.757598e-16 
1.642704e+02 1.401652e-10 1.485183e-10 1.578530e-10 1.587545e-10 1.805083e-10 2.078135e-10 2.107488e-10 2.422423e-10 3.710113e-16 3.571707e-16 3.503767e-16 3.323499e-16 3.384540e-16 3.556271e-16 3.440192e-16 3.623620e-16 
1.718998e+02 1.381009e-10 1.458178e-10 1.545448e-10 1.548766e-10 1.753444e-10 2.013826e-10 2.037206e-10 2.337400e-10 3.655470e-16 3.506762e-16 3.430337e-16 3.242317e-16 3.287716e-16 3.446220e-16 3.325466e-16 3.496437e-16 
1.800060e+02 1.361367e-10 1.432414e-10 1.513795e-10 1.511555e-10 1.703607e-10 1.951481e-10 1.968920e-10 2.254446e-10 3.603480e-16 3.444803e-16 3.360078e-16 3.164415e-16 3.194272e-16 3.339530e-16 3.213998e-16 3.372348e-16 
1.885891e+02 1.342776e-10 1.407973e-10 1.483684e-10 1.476060e-10 1.655801e-10 1.891406e-10 1.902969e-10 2.173990e-10 3.554269e-16 3.386024e-16 3.293243e-16 3.090107e-16 3.104635e-16 3.236726e-16 3.106342e-16 3.251997e-16 
1.974106e+02 1.325686e-10 1.385469e-10 1.455892e-10 1.443218e-10 1.611326e-10 1.835272e-10 1.841200e-10 2.098321e-10 3.509034e-16 3.331904e-16 3.231555e-16 3.021353e-16 3.021245e-16 3.140664e-16 3.005513e-16 3.138806e-16 
2.067089e+02 1.309561e-10 1.364211e-10 1.429584e-10 1.412064e-10 1.568918e-10 1.781516e-10 1.781911e-10 2.025387e-10 3.466351e-16 3.280782e-16 3.173160e-16 2.956132e-16 2.941730e-16 3.048672e-16 2.908732e-16 3.029707e-16 
2.164841e+02 1.294386e-10 1.344199e-10 1.404771e-10 1.382629e-10 1.528653e-10 1.730261e-10 1.725250e-10 1.955395e-10 3.426183e-16 3.232654e-16 3.118086e-16 2.894511e-16 2.866231e-16 2.960961e-16 2.816240e-16 2.925009e-16 
2.264977e+02 1.280444e-10 1.325819e-10 1.381952e-10 1.355524e-10 1.491403e-10 1.682654e-10 1.672502e-10 1.889968e-10 3.389279e-16 3.188454e-16 3.067435e-16 2.837767e-16 2.796388e-16 2.879492e-16 2.730136e-16 2.827138e-16 
2.372265e+02 1.267031e-10 1.308159e-10 1.360003e-10 1.329433e-10 1.455395e-10 1.636456e-10 1.621203e-10 1.826076e-10 3.353775e-16 3.145982e-16 3.018716e-16 2.783145e-16 2.728873e-16 2.800433e-16 2.646397e-16 2.731565e-16 
2.484322e+02 1.254444e-10 1.291622e-10 1.339440e-10 1.304985e-10 1.421526e-10 1.592838e-10 1.572669e-10 1.765380e-10 3.320458e-16 3.106212e-16 2.973074e-16 2.731963e-16 2.665369e-16 2.725792e-16 2.567171e-16 2.640771e-16 
2.601147e+02 1.242624e-10 1.276142e-10 1.320192e-10 1.282111e-10 1.389734e-10 1.551752e-10 1.526863e-10 1.707863e-10 3.289172e-16 3.068984e-16 2.930351e-16 2.684077e-16 2.605759e-16 2.655482e-16 2.492399e-16 2.554734e-16 
2.722740e+02 1.231509e-10 1.261645e-10 1.302179e-10 1.260730e-10 1.359939e-10 1.513122e-10 1.483721e-10 1.653478e-10 3.259751e-16 3.034122e-16 2.890367e-16 2.639318e-16 2.549893e-16 2.589375e-16 2.421976e-16 2.473381e-16 
2.851486e+02 1.220846e-10 1.247814e-10 1.285012e-10 1.240398e-10 1.331547e-10 1.476203e-10 1.442432e-10 1.601226e-10 3.231526e-16 3.000858e-16 2.852263e-16 2.596753e-16 2.496658e-16 2.526197e-16 2.354577e-16 2.395219e-16 
2.987385e+02 1.210621e-10 1.234638e-10 1.268692e-10 1.221127e-10 1.304605e-10 1.441077e-10 1.403104e-10 1.551268e-10 3.204460e-16 2.969172e-16 2.816038e-16 2.556410e-16 2.446141e-16 2.466086e-16 2.290379e-16 2.320489e-16 
3.128052e+02 1.200964e-10 1.222293e-10 1.253442e-10 1.203194e-10 1.279523e-10 1.408305e-10 1.366386e-10 1.504459e-10 3.178900e-16 2.939483e-16 2.782188e-16 2.518867e-16 2.399113e-16 2.410005e-16 2.230442e-16 2.250468e-16 
3.273487e+02 1.191804e-10 1.210688e-10 1.239155e-10 1.186480e-10 1.256161e-10 1.377727e-10 1.332119e-10 1.460628e-10 3.154654e-16 2.911575e-16 2.750477e-16 2.483876e-16 2.355308e-16 2.357677e-16 2.174505e-16 2.184904e-16 
3.428459e+02 1.182806e-10 1.199405e-10 1.225323e-10 1.170401e-10 1.233723e-10 1.348324e-10 1.299180e-10 1.418367e-10 3.130837e-16 2.884441e-16 2.719776e-16 2.450215e-16 2.313237e-16 2.307360e-16 2.120737e-16 2.121687e-16 
3.590584e+02 1.174088e-10 1.188598e-10 1.212142e-10 1.155194e-10 1.212563e-10 1.320576e-10 1.268127e-10 1.378416e-10 3.107760e-16 2.858451e-16 2.690518e-16 2.418379e-16 2.273561e-16 2.259876e-16 2.070048e-16 2.061925e-16 
3.759861e+02 1.165606e-10 1.178217e-10 1.199554e-10 1.140799e-10 1.192613e-10 1.294417e-10 1.238904e-10 1.340729e-10 3.085310e-16 2.833484e-16 2.662576e-16 2.388244e-16 2.236155e-16 2.215110e-16 2.022345e-16 2.005551e-16 
3.936291e+02 1.157319e-10 1.168208e-10 1.187497e-10 1.127151e-10 1.173799e-10 1.269765e-10 1.211435e-10 1.305238e-10 3.063374e-16 2.809415e-16 2.635816e-16 2.359672e-16 2.200879e-16 2.172924e-16 1.977506e-16 1.952461e-16 
4.122257e+02 1.149080e-10 1.158398e-10 1.175767e-10 1.114020e-10 1.155820e-10 1.246241e-10 1.185316e-10 1.271444e-10 3.041566e-16 2.785822e-16 2.609778e-16 2.332183e-16 2.167168e-16 2.132667e-16 1.934869e-16 1.901909e-16 
4.315376e+02 1.140962e-10 1.148871e-10 1.164465e-10 1.101525e-10 1.138848e-10 1.224086e-10 1.160828e-10 1.239736e-10 3.020076e-16 2.762911e-16 2.584692e-16 2.306024e-16 2.135346e-16 2.094753e-16 1.894896e-16 1.854478e-16 
4.520416e+02 1.132733e-10 1.139358e-10 1.153276e-10 1.089319e-10 1.122427e-10 1.202715e-10 1.137340e-10 1.209321e-10 2.998295e-16 2.740035e-16 2.559856e-16 2.280472e-16 2.104556e-16 2.058183e-16 1.856554e-16 1.808982e-16 
4.732609e+02 1.124557e-10 1.130047e-10 1.142421e-10 1.077645e-10 1.106890e-10 1.182577e-10 1.115355e-10 1.180873e-10 2.976655e-16 2.717643e-16 2.535762e-16 2.256033e-16 2.075425e-16 2.023721e-16 1.820668e-16 1.766428e-16 
4.954338e+02 1.116308e-10 1.120789e-10 1.131724e-10 1.066311e-10 1.091986e-10 1.163352e-10 1.094532e-10 1.153970e-10 2.954818e-16 2.695377e-16 2.512020e-16 2.232305e-16 2.047478e-16 1.990821e-16 1.786677e-16 1.726184e-16 
5.187988e+02 1.107871e-10 1.111454e-10 1.121039e-10 1.055160e-10 1.077514e-10 1.144791e-10 1.074610e-10 1.128295e-10 2.932487e-16 2.672928e-16 2.488303e-16 2.208960e-16 2.020343e-16 1.959058e-16 1.754157e-16 1.687778e-16 
5.433559e+02 1.099227e-10 1.102020e-10 1.110341e-10 1.044165e-10 1.063445e-10 1.126866e-10 1.055568e-10 1.103839e-10 2.909607e-16 2.650239e-16 2.464555e-16 2.185943e-16 1.993965e-16 1.928384e-16 1.723074e-16 1.651195e-16 
5.688667e+02 1.090438e-10 1.092548e-10 1.099697e-10 1.033394e-10 1.049867e-10 1.109692e-10 1.037530e-10 1.080775e-10 2.886341e-16 2.627461e-16 2.440931e-16 2.163393e-16 1.968506e-16 1.898994e-16 1.693629e-16 1.616695e-16 
5.958080e+02 1.081319e-10 1.082839e-10 1.088883e-10 1.022612e-10 1.036485e-10 1.092901e-10 1.020112e-10 1.058627e-10 2.862206e-16 2.604111e-16 2.416928e-16 2.140821e-16 1.943415e-16 1.870260e-16 1.665196e-16 1.583564e-16 
6.237030e+02 1.072018e-10 1.073042e-10 1.078065e-10 1.011980e-10 1.023496e-10 1.076742e-10 1.003569e-10 1.037730e-10 2.837586e-16 2.580551e-16 2.392915e-16 2.118564e-16 1.919060e-16 1.842607e-16 1.638192e-16 1.552305e-16 
6.532669e+02 1.062284e-10 1.062889e-10 1.066945e-10 1.001200e-10 1.010533e-10 1.060760e-10 9.874347e-11 1.017505e-10 2.811821e-16 2.556135e-16 2.368232e-16 2.095996e-16 1.894754e-16 1.815258e-16 1.611855e-16 1.522050e-16 
6.840229e+02 1.052268e-10 1.052534e-10 1.055690e-10 9.904285e-11 9.977826e-11 1.045187e-10 9.719390e-11 9.982471e-11 2.785308e-16 2.531232e-16 2.343250e-16 2.073446e-16 1.870847e-16 1.788608e-16 1.586560e-16 1.493244e-16 
7.162094e+02 1.041887e-10 1.041886e-10 1.044199e-10 9.795596e-11 9.851134e-11 1.029860e-10 9.569106e-11 9.797473e-11 2.757830e-16 2.505624e-16 2.317744e-16 2.050692e-16 1.847093e-16 1.762379e-16 1.562028e-16 1.465570e-16 
7.500648e+02 1.031067e-10 1.030862e-10 1.032383e-10 9.685026e-11 9.724151e-11 1.014645e-10 9.422102e-11 9.618380e-11 2.729191e-16 2.479113e-16 2.291518e-16 2.027544e-16 1.823283e-16 1.736341e-16 1.538032e-16 1.438780e-16 
7.853508e+02 1.019891e-10 1.019543e-10 1.020326e-10 9.573275e-11 9.597620e-11 9.996271e-11 9.279108e-11 9.446087e-11 2.699608e-16 2.451891e-16 2.264755e-16 2.004149e-16 1.799559e-16 1.710642e-16 1.514690e-16 1.413008e-16 
8.223057e+02 1.008295e-10 1.007856e-10 1.007949e-10 9.459542e-11 9.470556e-11 9.846860e-11 9.138836e-11 9.279016e-11 2.668914e-16 2.423787e-16 2.237284e-16 1.980339e-16 1.775734e-16 1.685073e-16 1.491793e-16 1.388016e-16 
8.611679e+02 9.962236e-11 9.957424e-11 9.951885e-11 9.343144e-11 9.342139e-11 9.697218e-11 9.000234e-11 9.115896e-11 2.636961e-16 2.394654e-16 2.208960e-16 1.955972e-16 1.751656e-16 1.659465e-16 1.469168e-16 1.363616e-16 
9.016991e+02 9.837747e-11 9.832941e-11 9.821401e-11 9.224886e-11 9.213182e-11 9.548250e-11 8.863998e-11 8.957501e-11 2.604009e-16 2.364717e-16 2.179997e-16 1.931214e-16 1.727476e-16 1.633973e-16 1.446929e-16 1.339922e-16 
9.441376e+02 9.709055e-11 9.704626e-11 9.687512e-11 9.104202e-11 9.082987e-11 9.399091e-11 8.729178e-11 8.802653e-11 2.569945e-16 2.333858e-16 2.150278e-16 1.905950e-16 1.703065e-16 1.608448e-16 1.424921e-16 1.316759e-16 
9.887218e+02 9.575821e-11 9.572090e-11 9.549802e-11 8.980642e-11 8.950998e-11 9.249057e-11 8.595011e-11 8.650408e-11 2.534678e-16 2.301985e-16 2.119712e-16 1.880082e-16 1.678317e-16 1.582773e-16 1.403020e-16 1.293985e-16 
1.035213e+03 9.439194e-11 9.436428e-11 9.409394e-11 8.855135e-11 8.818132e-11 9.099134e-11 8.462220e-11 8.501503e-11 2.498514e-16 2.269360e-16 2.088546e-16 1.853808e-16 1.653404e-16 1.557116e-16 1.381344e-16 1.271711e-16 
1.084089e+03 9.298281e-11 9.296701e-11 9.265308e-11 8.726731e-11 8.683309e-11 8.948043e-11 8.329520e-11 8.354397e-11 2.461215e-16 2.235757e-16 2.056564e-16 1.826927e-16 1.628125e-16 1.531261e-16 1.359683e-16 1.249706e-16 
1.135111e+03 9.154343e-11 9.154116e-11 9.118773e-11 8.596457e-11 8.547536e-11 8.796861e-11 8.197702e-11 8.209872e-11 2.423115e-16 2.201467e-16 2.024039e-16 1.799654e-16 1.602667e-16 1.505389e-16 1.338165e-16 1.228087e-16 
1.188517e+03 9.007321e-11 9.008570e-11 8.969671e-11 8.464144e-11 8.410560e-11 8.645239e-11 8.066313e-11 8.067318e-11 2.384199e-16 2.166465e-16 1.990943e-16 1.771954e-16 1.576984e-16 1.479442e-16 1.316718e-16 1.206762e-16 
1.244545e+03 8.857252e-11 8.860062e-11 8.817990e-11 8.329721e-11 8.272245e-11 8.492972e-11 7.935036e-11 7.926285e-11 2.344476e-16 2.130750e-16 1.957276e-16 1.743813e-16 1.551050e-16 1.453385e-16 1.295288e-16 1.185666e-16 
1.303196e+03 8.704885e-11 8.709294e-11 8.664438e-11 8.193763e-11 8.133117e-11 8.340585e-11 7.804194e-11 7.787016e-11 2.304145e-16 2.094492e-16 1.923193e-16 1.715351e-16 1.524964e-16 1.427308e-16 1.273930e-16 1.164833e-16 
1.364708e+03 8.550391e-11 8.556405e-11 8.509142e-11 8.056337e-11 7.993187e-11 8.188032e-11 7.673627e-11 7.649233e-11 2.263252e-16 2.057724e-16 1.888723e-16 1.686581e-16 1.498727e-16 1.401201e-16 1.252617e-16 1.144222e-16 
1.428843e+03 8.395164e-11 8.402746e-11 8.353459e-11 7.918604e-11 7.853574e-11 8.036476e-11 7.544218e-11 7.513758e-11 2.222164e-16 2.020770e-16 1.854167e-16 1.657747e-16 1.472549e-16 1.375266e-16 1.231493e-16 1.123957e-16 
1.496315e+03 8.238322e-11 8.247420e-11 8.196468e-11 7.779715e-11 7.713361e-11 7.884867e-11 7.414974e-11 7.379448e-11 2.180648e-16 1.983416e-16 1.819320e-16 1.628670e-16 1.446259e-16 1.349321e-16 1.210395e-16 1.103866e-16 
1.566887e+03 8.081317e-11 8.091843e-11 8.039587e-11 7.640897e-11 7.573740e-11 7.734444e-11 7.286866e-11 7.247218e-11 2.139089e-16 1.946002e-16 1.784498e-16 1.599609e-16 1.420080e-16 1.323580e-16 1.189483e-16 1.084086e-16 
1.640558e+03 7.924976e-11 7.936822e-11 7.883610e-11 7.502832e-11 7.435343e-11 7.585834e-11 7.160355e-11 7.117442e-11 2.097707e-16 1.908721e-16 1.749877e-16 1.570706e-16 1.394131e-16 1.298149e-16 1.168832e-16 1.064674e-16 
1.718044e+03 7.768672e-11 7.781720e-11 7.727882e-11 7.364926e-11 7.297530e-11 7.438300e-11 7.034753e-11 6.989327e-11 2.056334e-16 1.871420e-16 1.715311e-16 1.541835e-16 1.368291e-16 1.272901e-16 1.148329e-16 1.045509e-16 
1.798868e+03 7.614234e-11 7.628345e-11 7.574199e-11 7.228758e-11 7.161838e-11 7.293442e-11 6.911374e-11 6.864128e-11 2.015455e-16 1.834535e-16 1.681199e-16 1.513329e-16 1.342848e-16 1.248112e-16 1.128189e-16 1.026781e-16 
1.883745e+03 7.461131e-11 7.476163e-11 7.422007e-11 7.093835e-11 7.027733e-11 7.150643e-11 6.789656e-11 6.741196e-11 1.974929e-16 1.797937e-16 1.647418e-16 1.485083e-16 1.317704e-16 1.223675e-16 1.108320e-16 1.008392e-16 
1.972437e+03 7.310622e-11 7.326424e-11 7.272538e-11 6.961246e-11 6.896262e-11 7.010975e-11 6.670486e-11 6.621354e-11 1.935090e-16 1.761927e-16 1.614241e-16 1.457325e-16 1.293053e-16 1.199774e-16 1.088868e-16 9.904656e-17 
2.065420e+03 7.162671e-11 7.179095e-11 7.125737e-11 6.830946e-11 6.767344e-11 6.874312e-11 6.553740e-11 6.504409e-11 1.895928e-16 1.726495e-16 1.581657e-16 1.430047e-16 1.268880e-16 1.176387e-16 1.069810e-16 9.729721e-17 
2.162695e+03 7.018028e-11 7.034925e-11 6.982331e-11 6.703587e-11 6.641592e-11 6.741265e-11 6.439930e-11 6.390811e-11 1.857642e-16 1.691824e-16 1.549826e-16 1.403385e-16 1.245302e-16 1.153619e-16 1.051232e-16 9.559795e-17 
2.264738e+03 6.876701e-11 6.893927e-11 6.842312e-11 6.579168e-11 6.518975e-11 6.611765e-11 6.328997e-11 6.280446e-11 1.820233e-16 1.657916e-16 1.518747e-16 1.377338e-16 1.222311e-16 1.131458e-16 1.033124e-16 9.394704e-17 
2.371311e+03 6.739659e-11 6.757075e-11 6.706627e-11 6.458539e-11 6.400303e-11 6.486635e-11 6.221648e-11 6.173965e-11 1.783959e-16 1.625004e-16 1.488629e-16 1.352084e-16 1.200060e-16 1.110045e-16 1.015601e-16 9.235422e-17 
2.483130e+03 6.606574e-11 6.624051e-11 6.574937e-11 6.341411e-11 6.285265e-11 6.365515e-11 6.117583e-11 6.071023e-11 1.748731e-16 1.593013e-16 1.459399e-16 1.327564e-16 1.178490e-16 1.089318e-16 9.986135e-17 9.081435e-17 
2.600193e+03 6.478019e-11 6.495437e-11 6.447801e-11 6.228289e-11 6.174333e-11 6.248874e-11 6.017218e-11 5.971990e-11 1.714704e-16 1.562083e-16 1.431179e-16 1.303882e-16 1.157691e-16 1.069357e-16 9.822303e-17 8.933294e-17 
2.722740e+03 6.354215e-11 6.371466e-11 6.325426e-11 6.119369e-11 6.067676e-11 6.136864e-11 5.920698e-11 5.876968e-11 1.681933e-16 1.532269e-16 1.404016e-16 1.281080e-16 1.137692e-16 1.050189e-16 9.664747e-17 8.791155e-17 
2.851009e+03 6.235347e-11 6.252333e-11 6.207984e-11 6.014815e-11 5.965433e-11 6.029607e-11 5.828144e-11 5.786044e-11 1.650469e-16 1.503619e-16 1.377949e-16 1.259191e-16 1.118522e-16 1.031835e-16 9.513665e-17 8.655145e-17 
2.985239e+03 6.121556e-11 6.138191e-11 6.095609e-11 5.914752e-11 5.867709e-11 5.927191e-11 5.739650e-11 5.699277e-11 1.620349e-16 1.476169e-16 1.353005e-16 1.238244e-16 1.100198e-16 1.014308e-16 9.369210e-17 8.525352e-17 
3.125906e+03 6.012769e-11 6.028979e-11 5.988220e-11 5.819118e-11 5.774422e-11 5.829513e-11 5.655143e-11 5.616567e-11 1.591554e-16 1.449905e-16 1.329169e-16 1.218223e-16 1.082707e-16 9.975928e-17 9.231264e-17 8.401630e-17 
3.273249e+03 5.909093e-11 5.924815e-11 5.885917e-11 5.728008e-11 5.685650e-11 5.736636e-11 5.574696e-11 5.537960e-11 1.564111e-16 1.424855e-16 1.306461e-16 1.199149e-16 1.066062e-16 9.816990e-17 9.099944e-17 8.284045e-17 
3.427505e+03 5.810589e-11 5.825772e-11 5.788753e-11 5.641476e-11 5.601429e-11 5.648584e-11 5.498343e-11 5.463470e-11 1.538038e-16 1.401036e-16 1.284894e-16 1.181034e-16 1.050271e-16 9.666308e-17 8.975309e-17 8.172617e-17 
3.589153e+03 5.717142e-11 5.731746e-11 5.696610e-11 5.559419e-11 5.521646e-11 5.565225e-11 5.425988e-11 5.392979e-11 1.513303e-16 1.378423e-16 1.264442e-16 1.163855e-16 1.035311e-16 9.523658e-17 8.857199e-17 8.067172e-17 
3.758192e+03 5.628883e-11 5.642876e-11 5.609611e-11 5.481952e-11 5.446397e-11 5.486649e-11 5.357721e-11 5.326558e-11 1.489941e-16 1.357051e-16 1.245131e-16 1.147638e-16 1.021202e-16 9.389192e-17 8.745762e-17 7.967816e-17 
3.935337e+03 5.545531e-11 5.558891e-11 5.527474e-11 5.408826e-11 5.375430e-11 5.412582e-11 5.293317e-11 5.263972e-11 1.467878e-16 1.336854e-16 1.226900e-16 1.132329e-16 1.007896e-16 9.262442e-17 8.640631e-17 7.874196e-17 
4.120827e+03 5.467049e-11 5.479763e-11 5.450160e-11 5.340007e-11 5.308700e-11 5.342968e-11 5.232739e-11 5.205171e-11 1.447104e-16 1.317824e-16 1.209739e-16 1.117922e-16 9.953839e-17 9.143314e-17 8.541746e-17 7.786237e-17 
4.315138e+03 5.393275e-11 5.405336e-11 5.377503e-11 5.275348e-11 5.246055e-11 5.277642e-11 5.175854e-11 5.150013e-11 1.427576e-16 1.299925e-16 1.193612e-16 1.104385e-16 9.836379e-17 9.031523e-17 8.448889e-17 7.703727e-17 
4.518509e+03 5.324122e-11 5.335532e-11 5.309417e-11 5.214771e-11 5.187410e-11 5.216510e-11 5.122588e-11 5.098413e-11 1.409272e-16 1.283138e-16 1.178499e-16 1.091704e-16 9.726420e-17 8.926908e-17 8.361938e-17 7.626541e-17 
4.731417e+03 5.259404e-11 5.270168e-11 5.245713e-11 5.158109e-11 5.132594e-11 5.159387e-11 5.072788e-11 5.050215e-11 1.392141e-16 1.267419e-16 1.164359e-16 1.079842e-16 9.623640e-17 8.829155e-17 8.280647e-17 7.554443e-17 
4.954338e+03 5.198934e-11 5.209064e-11 5.186204e-11 5.105195e-11 5.081439e-11 5.106093e-11 5.026303e-11 5.005264e-11 1.376135e-16 1.252724e-16 1.151150e-16 1.068764e-16 9.527723e-17 8.737954e-17 8.204767e-17 7.487202e-17 
5.187750e+03 5.142526e-11 5.152037e-11 5.130706e-11 5.055861e-11 5.033775e-11 5.056449e-11 4.982985e-11 4.963406e-11 1.361204e-16 1.239010e-16 1.138832e-16 1.058436e-16 9.438354e-17 8.653000e-17 8.134055e-17 7.424588e-17 
5.432367e+03 5.089946e-11 5.098855e-11 5.078985e-11 5.009900e-11 4.989396e-11 5.010237e-11 4.942644e-11 4.924454e-11 1.347287e-16 1.226220e-16 1.127351e-16 1.048814e-16 9.355143e-17 8.573917e-17 8.068204e-17 7.366322e-17 
5.688429e+03 5.041065e-11 5.049394e-11 5.030913e-11 4.967194e-11 4.948185e-11 4.967330e-11 4.905177e-11 4.888301e-11 1.334348e-16 1.214325e-16 1.116681e-16 1.039874e-16 9.277871e-17 8.500492e-17 8.007044e-17 7.312242e-17 
5.956411e+03 4.995696e-11 5.003467e-11 4.986302e-11 4.927577e-11 4.909973e-11 4.927554e-11 4.870433e-11 4.854797e-11 1.322339e-16 1.203280e-16 1.106779e-16 1.031580e-16 9.206224e-17 8.432424e-17 7.950330e-17 7.262124e-17 
6.237030e+03 4.953616e-11 4.960855e-11 4.944934e-11 4.890850e-11 4.874566e-11 4.890703e-11 4.838237e-11 4.823767e-11 1.311201e-16 1.193032e-16 1.097597e-16 1.023891e-16 9.139837e-17 8.369362e-17 7.897773e-17 7.215707e-17 
6.531000e+03 4.914621e-11 4.921352e-11 4.906604e-11 4.856832e-11 4.841787e-11 4.856590e-11 4.808426e-11 4.795051e-11 1.300879e-16 1.183532e-16 1.089089e-16 1.016770e-16 9.078374e-17 8.310986e-17 7.849111e-17 7.172752e-17 
6.838799e+03 4.878547e-11 4.884796e-11 4.871151e-11 4.825376e-11 4.811489e-11 4.825064e-11 4.780870e-11 4.768521e-11 1.291330e-16 1.174741e-16 1.081220e-16 1.010184e-16 9.021565e-17 8.257035e-17 7.804130e-17 7.133066e-17 
7.161140e+03 4.845203e-11 4.850998e-11 4.838387e-11 4.796315e-11 4.783508e-11 4.795952e-11 4.755420e-11 4.744029e-11 1.282504e-16 1.166613e-16 1.073947e-16 1.004101e-16 8.969102e-17 8.207217e-17 7.762586e-17 7.096430e-17 
7.498741e+03 4.814414e-11 4.819779e-11 4.808137e-11 4.769491e-11 4.757692e-11 4.769094e-11 4.731937e-11 4.721439e-11 1.274355e-16 1.159105e-16 1.067233e-16 9.984850e-17 8.920696e-17 8.161255e-17 7.724253e-17 7.062639e-17 
