f            Pxx32k       Pxx31k       Pxx30k       Pxx29k       Pxx28k       Pxx27k       Pxx26k       Pxx25k       Pxx_pow32k   Pxx_pow31k   Pxx_pow30k   Pxx_pow29k   Pxx_pow28k   Pxx_pow27k   Pxx_pow26k   Pxx_pow25k   
4.768372e-01 5.271934e-10 5.552428e-10 5.973324e-10 6.140933e-10 6.597363e-10 7.377498e-10 7.548969e-10 8.064519e-10 1.096567e-15 1.095654e-15 1.094611e-15 1.094204e-15 1.093577e-15 1.092799e-15 1.092768e-15 1.092545e-15 
7.152557e-01 5.271529e-10 5.552030e-10 5.972954e-10 6.140531e-10 6.596986e-10 7.377215e-10 7.548638e-10 8.064211e-10 1.096482e-15 1.095576e-15 1.094543e-15 1.094132e-15 1.093514e-15 1.092757e-15 1.092720e-15 1.092503e-15 
9.536743e-01 5.270962e-10 5.551473e-10 5.972436e-10 6.139967e-10 6.596458e-10 7.376820e-10 7.548176e-10 8.063780e-10 1.096365e-15 1.095466e-15 1.094449e-15 1.094031e-15 1.093427e-15 1.092699e-15 1.092653e-15 1.092445e-15 
1.192093e+00 5.270234e-10 5.550757e-10 5.971771e-10 6.139242e-10 6.595779e-10 7.376311e-10 7.547582e-10 8.063225e-10 1.096213e-15 1.095325e-15 1.094327e-15 1.093902e-15 1.093314e-15 1.092623e-15 1.092567e-15 1.092370e-15 
1.430511e+00 5.269344e-10 5.549883e-10 5.970957e-10 6.138357e-10 6.594950e-10 7.375689e-10 7.546855e-10 8.062547e-10 1.096028e-15 1.095152e-15 1.094178e-15 1.093745e-15 1.093177e-15 1.092531e-15 1.092462e-15 1.092278e-15 
1.668930e+00 5.268293e-10 5.548850e-10 5.969996e-10 6.137311e-10 6.593971e-10 7.374955e-10 7.545997e-10 8.061747e-10 1.095809e-15 1.094948e-15 1.094001e-15 1.093558e-15 1.093015e-15 1.092422e-15 1.092338e-15 1.092170e-15 
1.907349e+00 5.267082e-10 5.547659e-10 5.968888e-10 6.136105e-10 6.592842e-10 7.374107e-10 7.545008e-10 8.060823e-10 1.095557e-15 1.094713e-15 1.093798e-15 1.093343e-15 1.092827e-15 1.092297e-15 1.092195e-15 1.092044e-15 
2.145767e+00 5.265709e-10 5.546311e-10 5.967633e-10 6.134739e-10 6.591562e-10 7.373147e-10 7.543886e-10 8.059777e-10 1.095272e-15 1.094447e-15 1.093568e-15 1.093100e-15 1.092615e-15 1.092155e-15 1.092032e-15 1.091903e-15 
2.384186e+00 5.264177e-10 5.544804e-10 5.966232e-10 6.133214e-10 6.590134e-10 7.372075e-10 7.542634e-10 8.058608e-10 1.094953e-15 1.094150e-15 1.093312e-15 1.092828e-15 1.092378e-15 1.091996e-15 1.091851e-15 1.091744e-15 
2.622604e+00 5.262485e-10 5.543141e-10 5.964684e-10 6.131529e-10 6.588555e-10 7.370890e-10 7.541250e-10 8.057317e-10 1.094601e-15 1.093822e-15 1.093028e-15 1.092528e-15 1.092117e-15 1.091820e-15 1.091651e-15 1.091569e-15 
2.861023e+00 5.260634e-10 5.541321e-10 5.962990e-10 6.129686e-10 6.586828e-10 7.369594e-10 7.539736e-10 8.055904e-10 1.094216e-15 1.093463e-15 1.092717e-15 1.092199e-15 1.091831e-15 1.091628e-15 1.091431e-15 1.091378e-15 
3.099442e+00 5.258624e-10 5.539345e-10 5.961150e-10 6.127684e-10 6.584953e-10 7.368185e-10 7.538091e-10 8.054368e-10 1.093798e-15 1.093073e-15 1.092380e-15 1.091843e-15 1.091520e-15 1.091420e-15 1.091193e-15 1.091170e-15 
3.337860e+00 5.256457e-10 5.537214e-10 5.959165e-10 6.125524e-10 6.582929e-10 7.366664e-10 7.536315e-10 8.052710e-10 1.093347e-15 1.092652e-15 1.092017e-15 1.091458e-15 1.091184e-15 1.091194e-15 1.090936e-15 1.090945e-15 
3.576279e+00 5.254131e-10 5.534927e-10 5.957036e-10 6.123207e-10 6.580757e-10 7.365032e-10 7.534409e-10 8.050931e-10 1.092864e-15 1.092201e-15 1.091626e-15 1.091045e-15 1.090824e-15 1.090953e-15 1.090660e-15 1.090704e-15 
3.814697e+00 5.251650e-10 5.532486e-10 5.954762e-10 6.120733e-10 6.578438e-10 7.363288e-10 7.532374e-10 8.049031e-10 1.092348e-15 1.091719e-15 1.091210e-15 1.090604e-15 1.090440e-15 1.090694e-15 1.090366e-15 1.090447e-15 
4.053116e+00 5.249011e-10 5.529892e-10 5.952344e-10 6.118103e-10 6.575972e-10 7.361434e-10 7.530209e-10 8.047009e-10 1.091799e-15 1.091207e-15 1.090767e-15 1.090136e-15 1.090031e-15 1.090420e-15 1.090052e-15 1.090173e-15 
4.291534e+00 5.246218e-10 5.527144e-10 5.949783e-10 6.115317e-10 6.573359e-10 7.359468e-10 7.527915e-10 8.044867e-10 1.091218e-15 1.090665e-15 1.090297e-15 1.089639e-15 1.089598e-15 1.090128e-15 1.089720e-15 1.089883e-15 
4.529953e+00 5.243270e-10 5.524243e-10 5.947080e-10 6.112377e-10 6.570601e-10 7.357392e-10 7.525492e-10 8.042604e-10 1.090605e-15 1.090093e-15 1.089802e-15 1.089115e-15 1.089141e-15 1.089821e-15 1.089370e-15 1.089576e-15 
4.768372e+00 5.240169e-10 5.521192e-10 5.944235e-10 6.109282e-10 6.567698e-10 7.355206e-10 7.522941e-10 8.040221e-10 1.089960e-15 1.089490e-15 1.089281e-15 1.088564e-15 1.088659e-15 1.089497e-15 1.089000e-15 1.089253e-15 
5.006790e+00 5.236915e-10 5.517989e-10 5.941248e-10 6.106033e-10 6.564650e-10 7.352909e-10 7.520261e-10 8.037717e-10 1.089283e-15 1.088858e-15 1.088733e-15 1.087985e-15 1.088154e-15 1.089157e-15 1.088612e-15 1.088914e-15 
5.245209e+00 5.233508e-10 5.514636e-10 5.938120e-10 6.102632e-10 6.561457e-10 7.350503e-10 7.517454e-10 8.035095e-10 1.088574e-15 1.088197e-15 1.088160e-15 1.087379e-15 1.087625e-15 1.088800e-15 1.088206e-15 1.088559e-15 
5.483627e+00 5.229951e-10 5.511135e-10 5.934853e-10 6.099079e-10 6.558122e-10 7.347988e-10 7.514520e-10 8.032353e-10 1.087834e-15 1.087506e-15 1.087561e-15 1.086746e-15 1.087072e-15 1.088428e-15 1.087781e-15 1.088187e-15 
5.722046e+00 5.226244e-10 5.507485e-10 5.931446e-10 6.095374e-10 6.554643e-10 7.345363e-10 7.511459e-10 8.029492e-10 1.087063e-15 1.086786e-15 1.086937e-15 1.086086e-15 1.086496e-15 1.088039e-15 1.087338e-15 1.087800e-15 
5.960464e+00 5.222388e-10 5.503688e-10 5.927901e-10 6.091520e-10 6.551023e-10 7.342630e-10 7.508272e-10 8.026513e-10 1.086261e-15 1.086036e-15 1.086287e-15 1.085399e-15 1.085896e-15 1.087634e-15 1.086877e-15 1.087396e-15 
6.437302e+00 5.214234e-10 5.495656e-10 5.920398e-10 6.083363e-10 6.543359e-10 7.336840e-10 7.501522e-10 8.020200e-10 1.084565e-15 1.084451e-15 1.084913e-15 1.083946e-15 1.084625e-15 1.086777e-15 1.085900e-15 1.086541e-15 
6.675720e+00 5.209938e-10 5.491423e-10 5.916442e-10 6.079063e-10 6.539317e-10 7.333783e-10 7.497959e-10 8.016868e-10 1.083671e-15 1.083616e-15 1.084188e-15 1.083179e-15 1.083955e-15 1.086324e-15 1.085384e-15 1.086090e-15 
6.914139e+00 5.205497e-10 5.487047e-10 5.912351e-10 6.074617e-10 6.535137e-10 7.330619e-10 7.494272e-10 8.013419e-10 1.082748e-15 1.082753e-15 1.083438e-15 1.082387e-15 1.083262e-15 1.085855e-15 1.084850e-15 1.085622e-15 
7.152557e+00 5.200913e-10 5.482528e-10 5.908126e-10 6.070025e-10 6.530818e-10 7.327349e-10 7.490461e-10 8.009854e-10 1.081794e-15 1.081861e-15 1.082664e-15 1.081569e-15 1.082546e-15 1.085371e-15 1.084299e-15 1.085139e-15 
7.629395e+00 5.191321e-10 5.473071e-10 5.899276e-10 6.060409e-10 6.521769e-10 7.320490e-10 7.482472e-10 8.002376e-10 1.079799e-15 1.079995e-15 1.081042e-15 1.079856e-15 1.081046e-15 1.084355e-15 1.083142e-15 1.084126e-15 
7.867813e+00 5.186315e-10 5.468133e-10 5.894653e-10 6.055387e-10 6.517041e-10 7.316902e-10 7.478294e-10 7.998465e-10 1.078758e-15 1.079020e-15 1.080195e-15 1.078961e-15 1.080263e-15 1.083823e-15 1.082537e-15 1.083596e-15 
8.344650e+00 5.175891e-10 5.457848e-10 5.885017e-10 6.044920e-10 6.507183e-10 7.309412e-10 7.469576e-10 7.990300e-10 1.076590e-15 1.076991e-15 1.078429e-15 1.077096e-15 1.078629e-15 1.082714e-15 1.081275e-15 1.082490e-15 
8.821487e+00 5.164925e-10 5.447024e-10 5.874868e-10 6.033899e-10 6.496794e-10 7.301508e-10 7.460378e-10 7.981682e-10 1.074309e-15 1.074855e-15 1.076569e-15 1.075132e-15 1.076906e-15 1.081543e-15 1.079944e-15 1.081323e-15 
9.059906e+00 5.159243e-10 5.441413e-10 5.869603e-10 6.028183e-10 6.491403e-10 7.297401e-10 7.455601e-10 7.977204e-10 1.073127e-15 1.073748e-15 1.075604e-15 1.074113e-15 1.076013e-15 1.080935e-15 1.079252e-15 1.080716e-15 
9.536743e+00 5.147487e-10 5.429800e-10 5.858699e-10 6.016347e-10 6.480234e-10 7.288881e-10 7.445695e-10 7.967915e-10 1.070682e-15 1.071456e-15 1.073606e-15 1.072005e-15 1.074161e-15 1.079673e-15 1.077818e-15 1.079458e-15 
1.001358e+01 5.135220e-10 5.417675e-10 5.847304e-10 6.003981e-10 6.468555e-10 7.279957e-10 7.435323e-10 7.958185e-10 1.068130e-15 1.069064e-15 1.071518e-15 1.069801e-15 1.072226e-15 1.078351e-15 1.076317e-15 1.078140e-15 
1.049042e+01 5.122453e-10 5.405049e-10 5.835426e-10 5.991096e-10 6.456375e-10 7.270633e-10 7.424492e-10 7.948019e-10 1.065475e-15 1.066572e-15 1.069342e-15 1.067505e-15 1.070207e-15 1.076970e-15 1.074749e-15 1.076762e-15 
1.096725e+01 5.109199e-10 5.391935e-10 5.823076e-10 5.977701e-10 6.443703e-10 7.260914e-10 7.413208e-10 7.937421e-10 1.062718e-15 1.063984e-15 1.067078e-15 1.065119e-15 1.068106e-15 1.075530e-15 1.073116e-15 1.075327e-15 
1.144409e+01 5.095472e-10 5.378344e-10 5.810264e-10 5.963810e-10 6.430550e-10 7.250805e-10 7.401478e-10 7.926398e-10 1.059863e-15 1.061303e-15 1.064730e-15 1.062643e-15 1.065926e-15 1.074033e-15 1.071418e-15 1.073833e-15 
1.192093e+01 5.081285e-10 5.364289e-10 5.796999e-10 5.949433e-10 6.416923e-10 7.240311e-10 7.389309e-10 7.914955e-10 1.056912e-15 1.058529e-15 1.062300e-15 1.060082e-15 1.063667e-15 1.072478e-15 1.069656e-15 1.072283e-15 
1.263618e+01 5.059171e-10 5.342364e-10 5.776277e-10 5.926982e-10 6.395619e-10 7.223861e-10 7.370245e-10 7.897015e-10 1.052312e-15 1.054202e-15 1.058502e-15 1.056081e-15 1.060136e-15 1.070041e-15 1.066896e-15 1.069853e-15 
1.311302e+01 5.043892e-10 5.327203e-10 5.761927e-10 5.911443e-10 6.380855e-10 7.212429e-10 7.357008e-10 7.884548e-10 1.049134e-15 1.051211e-15 1.055873e-15 1.053312e-15 1.057689e-15 1.068348e-15 1.064980e-15 1.068163e-15 
1.382828e+01 5.020207e-10 5.303681e-10 5.739629e-10 5.887305e-10 6.357892e-10 7.194596e-10 7.336376e-10 7.865099e-10 1.044207e-15 1.046569e-15 1.051787e-15 1.049012e-15 1.053882e-15 1.065707e-15 1.061994e-15 1.065529e-15 
1.430511e+01 5.003925e-10 5.287497e-10 5.724263e-10 5.870680e-10 6.342055e-10 7.182261e-10 7.322116e-10 7.851645e-10 1.040821e-15 1.043376e-15 1.048971e-15 1.046049e-15 1.051257e-15 1.063879e-15 1.059929e-15 1.063706e-15 
1.502037e+01 4.978801e-10 5.262501e-10 5.700492e-10 5.844973e-10 6.317532e-10 7.163102e-10 7.299986e-10 7.830747e-10 1.035595e-15 1.038443e-15 1.044615e-15 1.041469e-15 1.047192e-15 1.061041e-15 1.056726e-15 1.060875e-15 
1.573563e+01 4.952877e-10 5.236682e-10 5.675889e-10 5.818382e-10 6.292123e-10 7.143174e-10 7.276993e-10 7.809009e-10 1.030203e-15 1.033348e-15 1.040106e-15 1.036731e-15 1.042980e-15 1.058090e-15 1.053397e-15 1.057930e-15 
1.645088e+01 4.926202e-10 5.210085e-10 5.650492e-10 5.790949e-10 6.265864e-10 7.122498e-10 7.253163e-10 7.786454e-10 1.024654e-15 1.028100e-15 1.035452e-15 1.031843e-15 1.038628e-15 1.055027e-15 1.049948e-15 1.054874e-15 
1.716614e+01 4.898825e-10 5.182755e-10 5.624342e-10 5.762719e-10 6.238793e-10 7.101096e-10 7.228525e-10 7.763105e-10 1.018960e-15 1.022707e-15 1.030660e-15 1.026813e-15 1.034140e-15 1.051857e-15 1.046381e-15 1.051711e-15 
1.811981e+01 4.861312e-10 5.145256e-10 5.588368e-10 5.723914e-10 6.201501e-10 7.071469e-10 7.194465e-10 7.730779e-10 1.011157e-15 1.015307e-15 1.024068e-15 1.019898e-15 1.027959e-15 1.047468e-15 1.041451e-15 1.047332e-15 
1.883507e+01 4.832481e-10 5.116394e-10 5.560610e-10 5.693993e-10 6.172684e-10 7.048459e-10 7.168049e-10 7.705670e-10 1.005160e-15 1.009612e-15 1.018981e-15 1.014567e-15 1.023182e-15 1.044060e-15 1.037627e-15 1.043930e-15 
1.978874e+01 4.793198e-10 5.077013e-10 5.522635e-10 5.653091e-10 6.133201e-10 7.016769e-10 7.131722e-10 7.671087e-10 9.969893e-16 1.001841e-15 1.012023e-15 1.007279e-15 1.016637e-15 1.039366e-15 1.032369e-15 1.039245e-15 
2.074242e+01 4.753054e-10 5.036702e-10 5.483643e-10 5.611130e-10 6.092589e-10 6.983976e-10 7.094195e-10 7.635295e-10 9.886392e-16 9.938866e-16 1.004877e-15 9.998022e-16 1.009906e-15 1.034508e-15 1.026936e-15 1.034396e-15 
2.169609e+01 4.712152e-10 4.995560e-10 5.443724e-10 5.568210e-10 6.050938e-10 6.950133e-10 7.055534e-10 7.598354e-10 9.801316e-16 9.857681e-16 9.975620e-16 9.921546e-16 1.003001e-15 1.029495e-15 1.021340e-15 1.029391e-15 
2.264977e+01 4.670594e-10 4.953686e-10 5.402965e-10 5.524428e-10 6.008334e-10 6.915295e-10 7.015810e-10 7.560323e-10 9.714875e-16 9.775051e-16 9.900930e-16 9.843535e-16 9.959395e-16 1.024335e-15 1.015589e-15 1.024239e-15 
2.384186e+01 4.617871e-10 4.900458e-10 5.350969e-10 5.468633e-10 5.953871e-10 6.870435e-10 6.964763e-10 7.511342e-10 9.605211e-16 9.670018e-16 9.805647e-16 9.744118e-16 9.869117e-16 1.017690e-15 1.008200e-15 1.017603e-15 
2.479553e+01 4.575185e-10 4.857279e-10 5.308635e-10 5.423254e-10 5.909436e-10 6.833562e-10 6.922895e-10 7.471077e-10 9.516423e-16 9.584813e-16 9.728071e-16 9.663260e-16 9.795462e-16 1.012228e-15 1.002139e-15 1.012148e-15 
2.598763e+01 4.521335e-10 4.802701e-10 5.254929e-10 5.365745e-10 5.852944e-10 6.786330e-10 6.869379e-10 7.419492e-10 9.404416e-16 9.477115e-16 9.629654e-16 9.560789e-16 9.701821e-16 1.005232e-15 9.943924e-16 1.005160e-15 
2.717972e+01 4.467089e-10 4.747600e-10 5.200487e-10 5.307516e-10 5.795542e-10 6.737928e-10 6.814672e-10 7.366621e-10 9.291583e-16 9.368384e-16 9.529889e-16 9.457036e-16 9.606672e-16 9.980622e-16 9.864731e-16 9.979970e-16 
2.861023e+01 4.401679e-10 4.680998e-10 5.134387e-10 5.236908e-10 5.725664e-10 6.678448e-10 6.747626e-10 7.301635e-10 9.155529e-16 9.236960e-16 9.408760e-16 9.331225e-16 9.490842e-16 9.892516e-16 9.767678e-16 9.891931e-16 
2.980232e+01 4.347067e-10 4.625259e-10 5.078818e-10 5.177626e-10 5.666765e-10 6.627834e-10 6.690732e-10 7.246327e-10 9.041937e-16 9.126971e-16 9.306931e-16 9.225595e-16 9.393211e-16 9.817544e-16 9.685320e-16 9.817001e-16 
3.123283e+01 4.281596e-10 4.558277e-10 5.011743e-10 5.106158e-10 5.595480e-10 6.565989e-10 6.621407e-10 7.178732e-10 8.905755e-16 8.994796e-16 9.184016e-16 9.098253e-16 9.275050e-16 9.725936e-16 9.584966e-16 9.725426e-16 
3.266335e+01 4.216373e-10 4.491378e-10 4.944427e-10 5.034532e-10 5.523734e-10 6.503090e-10 6.551114e-10 7.109969e-10 8.770091e-16 8.862785e-16 9.060660e-16 8.970628e-16 9.156125e-16 9.632766e-16 9.483213e-16 9.632269e-16 
3.433228e+01 4.140820e-10 4.413672e-10 4.865832e-10 4.951025e-10 5.439707e-10 6.428585e-10 6.468128e-10 7.028498e-10 8.612940e-16 8.709448e-16 8.916634e-16 8.821834e-16 9.016841e-16 9.522404e-16 9.363085e-16 9.521897e-16 
3.600121e+01 4.066072e-10 4.336571e-10 4.787422e-10 4.867841e-10 5.355599e-10 6.353097e-10 6.384348e-10 6.945932e-10 8.457464e-16 8.557306e-16 8.772947e-16 8.673615e-16 8.877424e-16 9.410587e-16 9.241807e-16 9.410039e-16 
3.767014e+01 3.992327e-10 4.260290e-10 4.709428e-10 4.785222e-10 5.271664e-10 6.276850e-10 6.300028e-10 6.862513e-10 8.304075e-16 8.406781e-16 8.630023e-16 8.526402e-16 8.738293e-16 9.297646e-16 9.119747e-16 9.297027e-16 
3.933907e+01 3.919753e-10 4.185011e-10 4.632054e-10 4.703377e-10 5.188127e-10 6.200055e-10 6.215402e-10 6.778471e-10 8.153120e-16 8.258234e-16 8.488235e-16 8.380570e-16 8.599822e-16 9.183893e-16 8.997245e-16 9.183171e-16 
4.124641e+01 3.838417e-10 4.100401e-10 4.544611e-10 4.611019e-10 5.093398e-10 6.111867e-10 6.118586e-10 6.681933e-10 7.983940e-16 8.091274e-16 8.327996e-16 8.216004e-16 8.442801e-16 9.053263e-16 8.857097e-16 9.052385e-16 
4.315376e+01 3.758946e-10 4.017485e-10 4.458431e-10 4.520133e-10 4.999707e-10 6.023484e-10 6.021940e-10 6.585151e-10 7.818641e-16 7.927658e-16 8.170073e-16 8.054062e-16 8.287498e-16 8.922344e-16 8.717195e-16 8.921270e-16 
4.529953e+01 3.671922e-10 3.926411e-10 4.363218e-10 4.419875e-10 4.895813e-10 5.924121e-10 5.913736e-10 6.476310e-10 7.637630e-16 7.747942e-16 7.995595e-16 7.875420e-16 8.115284e-16 8.775162e-16 8.560562e-16 8.773817e-16 
4.720688e+01 3.596777e-10 3.847537e-10 4.280294e-10 4.332684e-10 4.805003e-10 5.836100e-10 5.818271e-10 6.379860e-10 7.481328e-16 7.592300e-16 7.843635e-16 7.720061e-16 7.964758e-16 8.644780e-16 8.422369e-16 8.643151e-16 
4.959106e+01 3.505856e-10 3.751817e-10 4.179081e-10 4.226419e-10 4.693758e-10 5.726775e-10 5.700195e-10 6.260024e-10 7.292211e-16 7.403417e-16 7.658163e-16 7.530716e-16 7.780359e-16 8.482841e-16 8.251445e-16 8.480802e-16 
5.197525e+01 3.418328e-10 3.659374e-10 4.080736e-10 4.123321e-10 4.585236e-10 5.618533e-10 5.583815e-10 6.141328e-10 7.110151e-16 7.221001e-16 7.477945e-16 7.347014e-16 7.600473e-16 8.322507e-16 8.082977e-16 8.319999e-16 
5.435944e+01 3.334200e-10 3.570251e-10 3.985369e-10 4.023486e-10 4.479599e-10 5.511653e-10 5.469400e-10 6.024080e-10 6.935165e-16 7.045136e-16 7.303186e-16 7.169127e-16 7.425368e-16 8.164190e-16 7.917352e-16 8.161156e-16 
5.698204e+01 3.245552e-10 3.476052e-10 3.883982e-10 3.917494e-10 4.366858e-10 5.395934e-10 5.346067e-10 5.897083e-10 6.750776e-16 6.859254e-16 7.117395e-16 6.980269e-16 7.238490e-16 7.992780e-16 7.738819e-16 7.989106e-16 
5.960464e+01 3.160905e-10 3.385830e-10 3.786312e-10 3.815522e-10 4.257827e-10 5.282396e-10 5.225593e-10 5.772427e-10 6.574708e-16 6.681220e-16 6.938413e-16 6.798571e-16 7.057760e-16 7.824601e-16 7.564425e-16 7.820227e-16 
6.246567e+01 3.072998e-10 3.291850e-10 3.683987e-10 3.708823e-10 4.143154e-10 5.161257e-10 5.097620e-10 5.639365e-10 6.391862e-16 6.495769e-16 6.750905e-16 6.608454e-16 6.867679e-16 7.645162e-16 7.379175e-16 7.639961e-16 
6.532669e+01 2.989556e-10 3.202374e-10 3.586014e-10 3.606781e-10 4.032928e-10 5.043144e-10 4.973391e-10 5.509568e-10 6.218301e-16 6.319208e-16 6.571369e-16 6.426633e-16 6.684969e-16 7.470207e-16 7.199343e-16 7.464118e-16 
6.842613e+01 2.903980e-10 3.110338e-10 3.484675e-10 3.501347e-10 3.918470e-10 4.918765e-10 4.843133e-10 5.372819e-10 6.040304e-16 6.137593e-16 6.385665e-16 6.238768e-16 6.495244e-16 7.285969e-16 7.010786e-16 7.278856e-16 
7.176399e+01 2.817146e-10 3.016663e-10 3.380945e-10 3.393537e-10 3.800841e-10 4.789101e-10 4.707935e-10 5.230186e-10 5.859687e-16 5.952746e-16 6.195580e-16 6.046671e-16 6.300262e-16 7.093902e-16 6.815077e-16 7.085623e-16 
7.486343e+01 2.741182e-10 2.934478e-10 3.289451e-10 3.298528e-10 3.696686e-10 4.672735e-10 4.587103e-10 5.102117e-10 5.701682e-16 5.790571e-16 6.027917e-16 5.877383e-16 6.127615e-16 6.921535e-16 6.640165e-16 6.912121e-16 
7.867813e+01 2.653471e-10 2.839304e-10 3.182925e-10 3.188000e-10 3.574940e-10 4.534868e-10 4.444534e-10 4.950300e-10 5.519242e-16 5.602766e-16 5.832707e-16 5.680441e-16 5.925808e-16 6.717318e-16 6.433785e-16 6.706447e-16 
8.225441e+01 2.576648e-10 2.755696e-10 3.088833e-10 3.090445e-10 3.466968e-10 4.410937e-10 4.316901e-10 4.813751e-10 5.359449e-16 5.437783e-16 5.660284e-16 5.506616e-16 5.746836e-16 6.533743e-16 6.249027e-16 6.521455e-16 
8.630753e+01 2.495432e-10 2.667049e-10 2.988545e-10 2.986528e-10 3.351427e-10 4.276587e-10 4.179079e-10 4.665634e-10 5.190520e-16 5.262856e-16 5.476507e-16 5.321454e-16 5.555315e-16 6.334737e-16 6.049520e-16 6.320793e-16 
9.036064e+01 2.419948e-10 2.584414e-10 2.894567e-10 2.889196e-10 3.242713e-10 4.148547e-10 4.048232e-10 4.524384e-10 5.033513e-16 5.099795e-16 5.304292e-16 5.148026e-16 5.375111e-16 6.145076e-16 5.860109e-16 6.129434e-16 
9.441376e+01 2.349726e-10 2.507325e-10 2.806459e-10 2.797976e-10 3.140391e-10 4.026595e-10 3.924043e-10 4.389763e-10 4.887451e-16 4.947675e-16 5.142835e-16 4.985489e-16 5.205502e-16 5.964433e-16 5.680337e-16 5.947056e-16 
9.894371e+01 2.276939e-10 2.427192e-10 2.714420e-10 2.702710e-10 3.033077e-10 3.897193e-10 3.792716e-10 4.246824e-10 4.736052e-16 4.789550e-16 4.974173e-16 4.815741e-16 5.027618e-16 5.772756e-16 5.490232e-16 5.753408e-16 
1.037121e+02 2.206231e-10 2.349121e-10 2.624295e-10 2.609435e-10 2.927556e-10 3.768459e-10 3.662503e-10 4.104517e-10 4.588978e-16 4.635493e-16 4.809019e-16 4.649543e-16 4.852707e-16 5.582066e-16 5.301739e-16 5.560617e-16 
1.084805e+02 2.141014e-10 2.276907e-10 2.540522e-10 2.522734e-10 2.829066e-10 3.646963e-10 3.539994e-10 3.970111e-10 4.453327e-16 4.492994e-16 4.655504e-16 4.495057e-16 4.689450e-16 5.402099e-16 5.124398e-16 5.378529e-16 
1.137257e+02 2.074997e-10 2.203597e-10 2.455063e-10 2.434277e-10 2.728172e-10 3.521159e-10 3.413514e-10 3.830827e-10 4.316011e-16 4.348332e-16 4.498902e-16 4.337442e-16 4.522210e-16 5.215752e-16 4.941309e-16 5.189834e-16 
1.189709e+02 2.014375e-10 2.136085e-10 2.375983e-10 2.352400e-10 2.634409e-10 3.403024e-10 3.295072e-10 3.699923e-10 4.189917e-16 4.215111e-16 4.353986e-16 4.191552e-16 4.366789e-16 5.040763e-16 4.769856e-16 5.012491e-16 
1.244545e+02 1.956174e-10 2.071086e-10 2.299488e-10 2.273171e-10 2.543327e-10 3.287133e-10 3.179174e-10 3.571392e-10 4.068858e-16 4.086850e-16 4.213811e-16 4.050380e-16 4.215811e-16 4.869098e-16 4.602085e-16 4.838363e-16 
1.304150e+02 1.898280e-10 2.006245e-10 2.222817e-10 2.193718e-10 2.451631e-10 3.169323e-10 3.061640e-10 3.440608e-10 3.948439e-16 3.958901e-16 4.073311e-16 3.908810e-16 4.063816e-16 4.694591e-16 4.431945e-16 4.661183e-16 
1.366138e+02 1.843355e-10 1.944551e-10 2.149516e-10 2.117709e-10 2.363562e-10 3.055088e-10 2.947929e-10 3.313662e-10 3.834194e-16 3.837161e-16 3.938986e-16 3.773375e-16 3.917833e-16 4.525378e-16 4.267340e-16 4.489202e-16 
1.430511e+02 1.791379e-10 1.886002e-10 2.079620e-10 2.045176e-10 2.279194e-10 2.944641e-10 2.838215e-10 3.190793e-10 3.726085e-16 3.721626e-16 3.810902e-16 3.644134e-16 3.777985e-16 4.361778e-16 4.108522e-16 4.322744e-16 
1.497269e+02 1.742305e-10 1.830563e-10 2.013126e-10 1.976114e-10 2.198554e-10 2.838132e-10 2.732611e-10 3.072167e-10 3.624009e-16 3.612228e-16 3.689053e-16 3.521078e-16 3.644316e-16 4.204011e-16 3.955653e-16 4.162036e-16 
1.568794e+02 1.694541e-10 1.776451e-10 1.947919e-10 1.908321e-10 2.119088e-10 2.732256e-10 2.627814e-10 2.954100e-10 3.524659e-16 3.505451e-16 3.569561e-16 3.400284e-16 3.512594e-16 4.047181e-16 3.803952e-16 4.002084e-16 
1.642704e+02 1.649796e-10 1.725617e-10 1.886373e-10 1.844265e-10 2.043707e-10 2.630958e-10 2.527704e-10 2.840987e-10 3.431590e-16 3.405139e-16 3.456776e-16 3.286147e-16 3.387643e-16 3.897132e-16 3.659035e-16 3.848842e-16 
1.718998e+02 1.607929e-10 1.677921e-10 1.828359e-10 1.783815e-10 1.972295e-10 2.534192e-10 2.432204e-10 2.732782e-10 3.344505e-16 3.311021e-16 3.350467e-16 3.178436e-16 3.269270e-16 3.753796e-16 3.520792e-16 3.702251e-16 
1.800060e+02 1.567664e-10 1.631927e-10 1.772159e-10 1.725182e-10 1.902758e-10 2.439195e-10 2.338563e-10 2.626394e-10 3.260754e-16 3.220262e-16 3.247481e-16 3.073963e-16 3.154006e-16 3.613081e-16 3.385240e-16 3.558122e-16 
1.885891e+02 1.529174e-10 1.587844e-10 1.718049e-10 1.668653e-10 1.835450e-10 2.346487e-10 2.247277e-10 2.522399e-10 3.180695e-16 3.133275e-16 3.148324e-16 2.973240e-16 3.042435e-16 3.475757e-16 3.253097e-16 3.417234e-16 
1.974106e+02 1.493490e-10 1.546871e-10 1.667529e-10 1.615804e-10 1.772269e-10 2.258760e-10 2.160975e-10 2.423819e-10 3.106471e-16 3.052423e-16 3.055747e-16 2.879070e-16 2.937707e-16 3.345811e-16 3.128168e-16 3.283682e-16 
2.067089e+02 1.459576e-10 1.507838e-10 1.619192e-10 1.565166e-10 1.711491e-10 2.173695e-10 2.077356e-10 2.328050e-10 3.035931e-16 2.975400e-16 2.967169e-16 2.788844e-16 2.836962e-16 3.219807e-16 3.007124e-16 3.153939e-16 
2.164841e+02 1.427480e-10 1.470813e-10 1.573147e-10 1.516862e-10 1.653278e-10 2.091568e-10 1.996677e-10 2.235404e-10 2.969170e-16 2.902339e-16 2.882792e-16 2.702774e-16 2.740469e-16 3.098156e-16 2.890335e-16 3.028426e-16 
2.264977e+02 1.397878e-10 1.436596e-10 1.530422e-10 1.471977e-10 1.598969e-10 2.014342e-10 1.920850e-10 2.148100e-10 2.907597e-16 2.834819e-16 2.804497e-16 2.622797e-16 2.650446e-16 2.983764e-16 2.780570e-16 2.910150e-16 
2.372265e+02 1.369343e-10 1.403554e-10 1.489004e-10 1.428409e-10 1.546041e-10 1.938484e-10 1.846394e-10 2.062146e-10 2.848246e-16 2.769617e-16 2.728600e-16 2.545167e-16 2.562712e-16 2.871398e-16 2.672788e-16 2.793703e-16 
2.484322e+02 1.342574e-10 1.372507e-10 1.449947e-10 1.387271e-10 1.495863e-10 1.865992e-10 1.775260e-10 1.979804e-10 2.792566e-16 2.708352e-16 2.657028e-16 2.471867e-16 2.479538e-16 2.764019e-16 2.569817e-16 2.682151e-16 
2.601147e+02 1.317504e-10 1.343395e-10 1.413204e-10 1.348527e-10 1.448415e-10 1.796897e-10 1.707469e-10 1.901116e-10 2.740420e-16 2.650906e-16 2.589696e-16 2.402832e-16 2.400888e-16 2.661671e-16 2.471685e-16 2.575547e-16 
2.722740e+02 1.294055e-10 1.316141e-10 1.378705e-10 1.312114e-10 1.403649e-10 1.731189e-10 1.643003e-10 1.826078e-10 2.691645e-16 2.597126e-16 2.526477e-16 2.337951e-16 2.326685e-16 2.564341e-16 2.378366e-16 2.473889e-16 
2.851486e+02 1.271744e-10 1.290199e-10 1.345786e-10 1.277343e-10 1.360738e-10 1.667702e-10 1.580712e-10 1.753364e-10 2.645238e-16 2.545935e-16 2.466152e-16 2.275995e-16 2.255555e-16 2.470300e-16 2.288196e-16 2.375379e-16 
2.987385e+02 1.250594e-10 1.265608e-10 1.314519e-10 1.244302e-10 1.319811e-10 1.606667e-10 1.520817e-10 1.683237e-10 2.601246e-16 2.497410e-16 2.408856e-16 2.217121e-16 2.187715e-16 2.379891e-16 2.201493e-16 2.280375e-16 
3.128052e+02 1.230915e-10 1.242741e-10 1.285404e-10 1.213530e-10 1.281563e-10 1.549171e-10 1.464383e-10 1.616961e-10 2.560313e-16 2.452286e-16 2.355502e-16 2.162291e-16 2.124314e-16 2.294725e-16 2.119800e-16 2.190587e-16 
3.273487e+02 1.212582e-10 1.221463e-10 1.258294e-10 1.184886e-10 1.245845e-10 1.495065e-10 1.411258e-10 1.554377e-10 2.522181e-16 2.410300e-16 2.305823e-16 2.111253e-16 2.065108e-16 2.214579e-16 2.042898e-16 2.105800e-16 
3.428459e+02 1.194961e-10 1.201049e-10 1.232286e-10 1.157427e-10 1.211505e-10 1.442649e-10 1.359775e-10 1.493531e-10 2.485528e-16 2.370016e-16 2.258164e-16 2.062327e-16 2.008187e-16 2.136938e-16 1.968373e-16 2.023369e-16 
3.590584e+02 1.178316e-10 1.181816e-10 1.207806e-10 1.131617e-10 1.179143e-10 1.392883e-10 1.310874e-10 1.435543e-10 2.450906e-16 2.332063e-16 2.213305e-16 2.016337e-16 1.954544e-16 2.063222e-16 1.897586e-16 1.944810e-16 
3.759861e+02 1.162585e-10 1.163700e-10 1.184794e-10 1.107401e-10 1.148718e-10 1.345758e-10 1.264550e-10 1.380420e-10 2.418187e-16 2.296317e-16 2.171134e-16 1.973188e-16 1.904111e-16 1.993418e-16 1.830527e-16 1.870131e-16 
3.936291e+02 1.147701e-10 1.146632e-10 1.163174e-10 1.084713e-10 1.120168e-10 1.301237e-10 1.220766e-10 1.328135e-10 2.387229e-16 2.262636e-16 2.131516e-16 1.932762e-16 1.856787e-16 1.927471e-16 1.767147e-16 1.799298e-16 
4.122257e+02 1.133417e-10 1.130333e-10 1.142615e-10 1.063212e-10 1.093088e-10 1.258741e-10 1.178956e-10 1.278024e-10 2.357517e-16 2.230474e-16 2.093841e-16 1.894453e-16 1.811899e-16 1.864523e-16 1.706625e-16 1.731410e-16 
4.315376e+02 1.119863e-10 1.114960e-10 1.123324e-10 1.043129e-10 1.067786e-10 1.218808e-10 1.139654e-10 1.230742e-10 2.329326e-16 2.200138e-16 2.058491e-16 1.858667e-16 1.769959e-16 1.805372e-16 1.649732e-16 1.667355e-16 
4.520416e+02 1.106667e-10 1.100094e-10 1.104792e-10 1.023939e-10 1.043626e-10 1.180484e-10 1.101925e-10 1.185179e-10 2.301878e-16 2.170802e-16 2.024531e-16 1.824474e-16 1.729910e-16 1.748604e-16 1.595117e-16 1.605627e-16 
4.732609e+02 1.094093e-10 1.086035e-10 1.087405e-10 1.006051e-10 1.021138e-10 1.144665e-10 1.066657e-10 1.142419e-10 2.275722e-16 2.143061e-16 1.992668e-16 1.792601e-16 1.692636e-16 1.695546e-16 1.544063e-16 1.547698e-16 
4.954338e+02 1.081932e-10 1.072553e-10 1.070881e-10 9.891788e-11 9.999831e-11 1.110862e-10 1.033373e-10 1.101907e-10 2.250427e-16 2.116456e-16 1.962389e-16 1.762538e-16 1.657569e-16 1.645475e-16 1.495882e-16 1.492814e-16 
5.187988e+02 1.070018e-10 1.059464e-10 1.055005e-10 9.731088e-11 9.799070e-11 1.078720e-10 1.001732e-10 1.063241e-10 2.225646e-16 2.090628e-16 1.933296e-16 1.733904e-16 1.624291e-16 1.597864e-16 1.450079e-16 1.440432e-16 
5.433559e+02 1.058323e-10 1.046739e-10 1.039750e-10 9.578193e-11 9.608995e-11 1.048271e-10 9.717704e-11 1.026483e-10 2.201321e-16 2.065518e-16 1.905342e-16 1.706661e-16 1.592784e-16 1.552762e-16 1.406708e-16 1.390634e-16 
5.688667e+02 1.046918e-10 1.034454e-10 1.025209e-10 9.434041e-11 9.430895e-11 1.019768e-10 9.437456e-11 9.919664e-11 2.177597e-16 2.041277e-16 1.878695e-16 1.680976e-16 1.563262e-16 1.510541e-16 1.366140e-16 1.343872e-16 
5.958080e+02 1.035554e-10 1.022340e-10 1.011065e-10 9.295504e-11 9.261019e-11 9.926553e-11 9.171184e-11 9.590464e-11 2.153961e-16 2.017372e-16 1.852776e-16 1.656291e-16 1.535104e-16 1.470380e-16 1.327595e-16 1.299273e-16 
6.237030e+02 1.024399e-10 1.010572e-10 9.975212e-11 9.164558e-11 9.101875e-11 9.673736e-11 8.923291e-11 9.282873e-11 2.130758e-16 1.994151e-16 1.827957e-16 1.632959e-16 1.508724e-16 1.432932e-16 1.291711e-16 1.257602e-16 
6.532669e+02 1.013138e-10 9.988161e-11 9.841918e-11 9.037447e-11 8.948975e-11 9.432479e-11 8.687233e-11 8.988971e-11 2.107336e-16 1.970952e-16 1.803531e-16 1.610310e-16 1.483379e-16 1.397195e-16 1.257540e-16 1.217786e-16 
6.840229e+02 1.001934e-10 9.872367e-11 9.712626e-11 8.915921e-11 8.804487e-11 9.206558e-11 8.466784e-11 8.713650e-11 2.084031e-16 1.948103e-16 1.779838e-16 1.588656e-16 1.459429e-16 1.363730e-16 1.225628e-16 1.180487e-16 
7.162094e+02 9.906735e-11 9.757122e-11 9.585902e-11 8.798557e-11 8.666735e-11 8.993627e-11 8.259717e-11 8.454343e-11 2.060609e-16 1.925362e-16 1.756616e-16 1.567744e-16 1.436595e-16 1.332190e-16 1.195654e-16 1.145357e-16 
7.500648e+02 9.792609e-11 9.641389e-11 9.460559e-11 8.684198e-11 8.534384e-11 8.791890e-11 8.064356e-11 8.209154e-11 2.036871e-16 1.902524e-16 1.733647e-16 1.547368e-16 1.414657e-16 1.302307e-16 1.167374e-16 1.112140e-16 
7.853508e+02 9.677654e-11 9.525813e-11 9.337222e-11 8.573333e-11 8.407992e-11 8.602401e-11 7.881781e-11 7.979640e-11 2.012960e-16 1.879718e-16 1.711045e-16 1.527613e-16 1.393706e-16 1.274239e-16 1.140945e-16 1.081046e-16 
8.223057e+02 9.561015e-11 9.409462e-11 9.214803e-11 8.464877e-11 8.286284e-11 8.423382e-11 7.710323e-11 7.763907e-11 1.988699e-16 1.856758e-16 1.688612e-16 1.508288e-16 1.373532e-16 1.247722e-16 1.116125e-16 1.051820e-16 
8.611679e+02 9.441965e-11 9.291547e-11 9.092394e-11 8.357933e-11 8.168220e-11 8.253435e-11 7.548692e-11 7.560527e-11 1.963937e-16 1.833490e-16 1.666181e-16 1.489233e-16 1.353962e-16 1.222548e-16 1.092728e-16 1.024267e-16 
9.016991e+02 9.321295e-11 9.172784e-11 8.970641e-11 8.252948e-11 8.054237e-11 8.093243e-11 7.397570e-11 7.370546e-11 1.938837e-16 1.810055e-16 1.643869e-16 1.470527e-16 1.335068e-16 1.198820e-16 1.070852e-16 9.985287e-17 
9.441376e+02 9.198397e-11 9.052496e-11 8.848738e-11 8.149100e-11 7.943352e-11 7.941406e-11 7.255647e-11 7.192493e-11 1.913274e-16 1.786319e-16 1.621531e-16 1.452023e-16 1.316688e-16 1.176329e-16 1.050307e-16 9.744070e-17 
9.887218e+02 9.072781e-11 8.930133e-11 8.726031e-11 8.045707e-11 7.834758e-11 7.796794e-11 7.121879e-11 7.025231e-11 1.887146e-16 1.762173e-16 1.599045e-16 1.433600e-16 1.298687e-16 1.154908e-16 1.030944e-16 9.517470e-17 
1.035213e+03 8.945360e-11 8.806513e-11 8.603232e-11 7.943235e-11 7.728842e-11 7.659827e-11 6.996644e-11 6.869382e-11 1.860643e-16 1.737779e-16 1.576542e-16 1.415341e-16 1.281130e-16 1.134619e-16 1.012815e-16 9.306333e-17 
1.084089e+03 8.815139e-11 8.680599e-11 8.479203e-11 7.840599e-11 7.624370e-11 7.528776e-11 6.878337e-11 6.723087e-11 1.833556e-16 1.712933e-16 1.553813e-16 1.397053e-16 1.263813e-16 1.115207e-16 9.956891e-17 9.108139e-17 
1.135111e+03 8.683132e-11 8.553303e-11 8.354737e-11 7.738322e-11 7.521759e-11 7.403998e-11 6.767243e-11 6.586819e-11 1.806099e-16 1.687813e-16 1.531005e-16 1.378829e-16 1.246804e-16 1.096724e-16 9.796074e-17 8.923530e-17 
1.188517e+03 8.549135e-11 8.424362e-11 8.229470e-11 7.635969e-11 7.420442e-11 7.284576e-11 6.662482e-11 6.459596e-11 1.778227e-16 1.662370e-16 1.508050e-16 1.360592e-16 1.230010e-16 1.079035e-16 9.644426e-17 8.751173e-17 
1.244545e+03 8.413053e-11 8.293623e-11 8.103156e-11 7.533210e-11 7.319969e-11 7.169755e-11 6.563326e-11 6.340613e-11 1.749922e-16 1.636571e-16 1.484903e-16 1.342282e-16 1.213356e-16 1.062027e-16 9.500890e-17 8.589980e-17 
1.303196e+03 8.275441e-11 8.161563e-11 7.976164e-11 7.430222e-11 7.220390e-11 7.059340e-11 6.469523e-11 6.229631e-11 1.721299e-16 1.610512e-16 1.461632e-16 1.323932e-16 1.196850e-16 1.045672e-16 9.365104e-17 8.439626e-17 
1.364708e+03 8.136347e-11 8.028174e-11 7.848396e-11 7.326810e-11 7.121390e-11 6.952712e-11 6.380450e-11 6.125949e-11 1.692367e-16 1.584190e-16 1.438218e-16 1.305505e-16 1.180439e-16 1.029877e-16 9.236164e-17 8.299163e-17 
1.428843e+03 7.996924e-11 7.894514e-11 7.720783e-11 7.223617e-11 7.023458e-11 6.850095e-11 6.296175e-11 6.029649e-11 1.663367e-16 1.557815e-16 1.414833e-16 1.287118e-16 1.164206e-16 1.014677e-16 9.114170e-17 8.168701e-17 
1.496315e+03 7.856292e-11 7.759699e-11 7.592406e-11 7.119803e-11 6.925677e-11 6.750232e-11 6.215541e-11 5.939398e-11 1.634115e-16 1.531213e-16 1.391308e-16 1.268620e-16 1.147998e-16 9.998847e-17 8.997446e-17 8.046433e-17 
1.566887e+03 7.715681e-11 7.624871e-11 7.464284e-11 7.016102e-11 6.828630e-11 6.653434e-11 6.138671e-11 5.855307e-11 1.604868e-16 1.504607e-16 1.367830e-16 1.250143e-16 1.131912e-16 9.855464e-17 8.886171e-17 7.932509e-17 
1.640558e+03 7.575768e-11 7.490649e-11 7.336944e-11 6.912868e-11 6.732535e-11 6.559608e-11 6.065343e-11 5.777058e-11 1.575766e-16 1.478121e-16 1.344495e-16 1.231748e-16 1.115983e-16 9.716484e-17 8.780024e-17 7.826501e-17 
1.718044e+03 7.435938e-11 7.356419e-11 7.209751e-11 6.809521e-11 6.636756e-11 6.467851e-11 5.994704e-11 5.703661e-11 1.546681e-16 1.451634e-16 1.321186e-16 1.213334e-16 1.100107e-16 9.580567e-17 8.677768e-17 7.727067e-17 
1.798868e+03 7.297787e-11 7.223695e-11 7.084093e-11 6.707136e-11 6.542200e-11 6.378757e-11 5.927064e-11 5.635339e-11 1.517946e-16 1.425443e-16 1.298160e-16 1.195091e-16 1.084433e-16 9.448596e-17 8.579854e-17 7.634507e-17 
1.883745e+03 7.160807e-11 7.091973e-11 6.959456e-11 6.605257e-11 6.448364e-11 6.291588e-11 5.861711e-11 5.571247e-11 1.489454e-16 1.399451e-16 1.275320e-16 1.176938e-16 1.068879e-16 9.319477e-17 8.485251e-17 7.547677e-17 
1.972437e+03 7.026101e-11 6.962305e-11 6.836803e-11 6.504643e-11 6.355877e-11 6.206690e-11 5.798757e-11 5.511356e-11 1.461435e-16 1.373864e-16 1.252844e-16 1.159010e-16 1.053548e-16 9.193720e-17 8.394121e-17 7.466539e-17 
2.065420e+03 6.893621e-11 6.834643e-11 6.716061e-11 6.405219e-11 6.264608e-11 6.123718e-11 5.737802e-11 5.455131e-11 1.433879e-16 1.348672e-16 1.230718e-16 1.141295e-16 1.038419e-16 9.070817e-17 8.305885e-17 7.390369e-17 
2.162695e+03 6.764030e-11 6.709625e-11 6.597815e-11 6.307461e-11 6.174940e-11 6.042821e-11 5.678821e-11 5.402386e-11 1.406924e-16 1.324003e-16 1.209049e-16 1.123876e-16 1.023556e-16 8.950987e-17 8.220505e-17 7.318912e-17 
2.264738e+03 6.637331e-11 6.587253e-11 6.482053e-11 6.211363e-11 6.086826e-11 5.963778e-11 5.621524e-11 5.352691e-11 1.380570e-16 1.299855e-16 1.187836e-16 1.106753e-16 1.008950e-16 8.833905e-17 8.137564e-17 7.251588e-17 
2.371311e+03 6.514392e-11 6.468376e-11 6.369567e-11 6.117592e-11 6.000844e-11 5.886953e-11 5.566059e-11 5.305995e-11 1.354999e-16 1.276397e-16 1.167223e-16 1.090045e-16 9.946980e-17 8.720107e-17 8.057274e-17 7.188326e-17 
2.483130e+03 6.394924e-11 6.352721e-11 6.260091e-11 6.025949e-11 5.916782e-11 5.812024e-11 5.512088e-11 5.261831e-11 1.330150e-16 1.253575e-16 1.147161e-16 1.073715e-16 9.807639e-17 8.609118e-17 7.979146e-17 7.128495e-17 
2.600193e+03 6.279448e-11 6.240801e-11 6.154110e-11 5.936862e-11 5.835013e-11 5.739215e-11 5.459678e-11 5.220080e-11 1.306131e-16 1.231490e-16 1.127740e-16 1.057842e-16 9.672100e-17 8.501269e-17 7.903279e-17 7.071932e-17 
2.722740e+03 6.168171e-11 6.132830e-11 6.051823e-11 5.850529e-11 5.755706e-11 5.668586e-11 5.408794e-11 5.180536e-11 1.282985e-16 1.210184e-16 1.108996e-16 1.042459e-16 9.540640e-17 8.396649e-17 7.829621e-17 7.018360e-17 
2.851009e+03 6.061268e-11 6.028989e-11 5.953403e-11 5.767129e-11 5.679016e-11 5.600206e-11 5.359421e-11 5.143017e-11 1.260749e-16 1.189693e-16 1.090961e-16 1.027598e-16 9.413519e-17 8.295361e-17 7.758150e-17 6.967531e-17 
2.985239e+03 5.958876e-11 5.929425e-11 5.858993e-11 5.686819e-11 5.605084e-11 5.534150e-11 5.311559e-11 5.107360e-11 1.239451e-16 1.170047e-16 1.073660e-16 1.013289e-16 9.290970e-17 8.197514e-17 7.688866e-17 6.919225e-17 
3.125906e+03 5.860939e-11 5.834095e-11 5.768558e-11 5.609602e-11 5.533914e-11 5.470385e-11 5.265146e-11 5.073369e-11 1.219080e-16 1.151235e-16 1.057088e-16 9.995300e-17 9.172999e-17 8.103061e-17 7.621681e-17 6.873174e-17 
3.273249e+03 5.767563e-11 5.743117e-11 5.682211e-11 5.535615e-11 5.465633e-11 5.409003e-11 5.220222e-11 5.040932e-11 1.199658e-16 1.133283e-16 1.041265e-16 9.863467e-17 9.059817e-17 8.012138e-17 7.556650e-17 6.829230e-17 
3.427505e+03 5.678813e-11 5.656566e-11 5.600029e-11 5.464956e-11 5.400340e-11 5.350083e-11 5.176830e-11 5.009953e-11 1.181198e-16 1.116204e-16 1.026205e-16 9.737566e-17 8.951587e-17 7.924862e-17 7.493836e-17 6.787262e-17 
3.589153e+03 5.594592e-11 5.574359e-11 5.521939e-11 5.397600e-11 5.338017e-11 5.293609e-11 5.134951e-11 4.980307e-11 1.163680e-16 1.099982e-16 1.011895e-16 9.617550e-17 8.848279e-17 7.841210e-17 7.433213e-17 6.747099e-17 
3.758192e+03 5.515025e-11 5.496630e-11 5.448074e-11 5.333694e-11 5.278808e-11 5.239721e-11 5.094694e-11 4.951972e-11 1.147130e-16 1.084644e-16 9.983592e-17 9.503681e-17 8.750135e-17 7.761388e-17 7.374939e-17 6.708711e-17 
3.935337e+03 5.439866e-11 5.423150e-11 5.378220e-11 5.273085e-11 5.222581e-11 5.188314e-11 5.055993e-11 4.924813e-11 1.131497e-16 1.070144e-16 9.855585e-17 9.395687e-17 8.656934e-17 7.685240e-17 7.318917e-17 6.671918e-17 
4.120827e+03 5.369087e-11 5.353900e-11 5.312365e-11 5.215792e-11 5.169364e-11 5.139432e-11 5.018899e-11 4.898798e-11 1.116775e-16 1.056479e-16 9.734905e-17 9.293601e-17 8.568721e-17 7.612833e-17 7.265220e-17 6.636674e-17 
4.315138e+03 5.302545e-11 5.288751e-11 5.250389e-11 5.161738e-11 5.119094e-11 5.093041e-11 4.983409e-11 4.873867e-11 1.102934e-16 1.043623e-16 9.621335e-17 9.197287e-17 8.485395e-17 7.544117e-17 7.213846e-17 6.602899e-17 
4.518509e+03 5.240166e-11 5.227639e-11 5.192237e-11 5.110900e-11 5.071760e-11 5.049156e-11 4.949563e-11 4.850002e-11 1.089959e-16 1.031564e-16 9.514770e-17 9.106701e-17 8.406933e-17 7.479112e-17 7.164851e-17 6.570567e-17 
4.731417e+03 5.181785e-11 5.170409e-11 5.137763e-11 5.063173e-11 5.027272e-11 5.007723e-11 4.917347e-11 4.827163e-11 1.077816e-16 1.020271e-16 9.414946e-17 9.021661e-17 8.333191e-17 7.417739e-17 7.118216e-17 6.539626e-17 
4.954338e+03 5.127235e-11 5.116904e-11 5.086822e-11 5.018451e-11 4.985542e-11 4.968683e-11 4.886749e-11 4.805319e-11 1.066469e-16 1.009713e-16 9.321598e-17 8.941975e-17 8.264018e-17 7.359911e-17 7.073924e-17 6.510033e-17 
5.187750e+03 5.076350e-11 5.066968e-11 5.039268e-11 4.976624e-11 4.946473e-11 4.931976e-11 4.857754e-11 4.784447e-11 1.055885e-16 9.998589e-17 9.234456e-17 8.867447e-17 8.199258e-17 7.305537e-17 7.031951e-17 6.481756e-17 
5.432367e+03 5.028919e-11 5.020399e-11 4.994912e-11 4.937542e-11 4.909933e-11 4.897500e-11 4.830315e-11 4.764510e-11 1.046019e-16 9.906696e-17 9.153173e-17 8.797809e-17 8.138689e-17 7.254470e-17 6.992231e-17 6.454747e-17 
5.688429e+03 4.984828e-11 4.977090e-11 4.953653e-11 4.901129e-11 4.875858e-11 4.865223e-11 4.804436e-11 4.745515e-11 1.036849e-16 9.821234e-17 9.077565e-17 8.732928e-17 8.082208e-17 7.206659e-17 6.954769e-17 6.429012e-17 
5.956411e+03 4.943907e-11 4.936878e-11 4.915337e-11 4.867265e-11 4.844142e-11 4.835064e-11 4.780084e-11 4.727447e-11 1.028337e-16 9.741884e-17 9.007352e-17 8.672588e-17 8.029634e-17 7.161986e-17 6.919518e-17 6.404535e-17 
6.237030e+03 4.905956e-11 4.899570e-11 4.879784e-11 4.835798e-11 4.814648e-11 4.806917e-11 4.757203e-11 4.710279e-11 1.020443e-16 9.668265e-17 8.942201e-17 8.616520e-17 7.980745e-17 7.120293e-17 6.886396e-17 6.381276e-17 
6.531000e+03 4.870791e-11 4.864988e-11 4.846824e-11 4.806590e-11 4.787251e-11 4.780681e-11 4.735738e-11 4.693987e-11 1.013129e-16 9.600024e-17 8.881801e-17 8.564476e-17 7.935332e-17 7.081430e-17 6.855324e-17 6.359205e-17 
6.838799e+03 4.838262e-11 4.832988e-11 4.816321e-11 4.779528e-11 4.761850e-11 4.756277e-11 4.715650e-11 4.678564e-11 1.006363e-16 9.536880e-17 8.825905e-17 8.516257e-17 7.893227e-17 7.045282e-17 6.826245e-17 6.338310e-17 
7.161140e+03 4.808199e-11 4.803405e-11 4.788119e-11 4.754481e-11 4.738324e-11 4.733607e-11 4.696880e-11 4.663985e-11 1.000109e-16 9.478505e-17 8.774225e-17 8.471627e-17 7.854231e-17 7.011702e-17 6.799075e-17 6.318559e-17 
7.498741e+03 4.780441e-11 4.776084e-11 4.762070e-11 4.731323e-11 4.716561e-11 4.712575e-11 4.679372e-11 4.650229e-11 9.943359e-17 9.424592e-17 8.726490e-17 8.430364e-17 7.818157e-17 6.980548e-17 6.773730e-17 6.299923e-17 
