f            Pxx32k       Pxx31k       Pxx30k       Pxx29k       Pxx28k       Pxx27k       Pxx26k       Pxx25k       Pxx_pow32k   Pxx_pow31k   Pxx_pow30k   Pxx_pow29k   Pxx_pow28k   Pxx_pow27k   Pxx_pow26k   Pxx_pow25k   
4.768372e-01 3.589448e-10 3.811969e-10 4.140387e-10 4.233820e-10 4.579035e-10 4.973663e-10 5.205756e-10 5.440836e-10 8.896472e-16 8.873258e-16 8.848367e-16 8.838224e-16 8.824149e-16 8.811234e-16 8.802546e-16 8.797372e-16 
7.152557e-01 3.589145e-10 3.811670e-10 4.140100e-10 4.233505e-10 4.578732e-10 4.973386e-10 5.205462e-10 5.440528e-10 8.895722e-16 8.872561e-16 8.847755e-16 8.837567e-16 8.823565e-16 8.810743e-16 8.802048e-16 8.796874e-16 
9.536743e-01 3.588722e-10 3.811251e-10 4.139699e-10 4.233065e-10 4.578308e-10 4.972998e-10 5.205049e-10 5.440097e-10 8.894672e-16 8.871586e-16 8.846898e-16 8.836647e-16 8.822748e-16 8.810056e-16 8.801350e-16 8.796178e-16 
1.192093e+00 3.588178e-10 3.810713e-10 4.139184e-10 4.232499e-10 4.577763e-10 4.972499e-10 5.204519e-10 5.439544e-10 8.893323e-16 8.870333e-16 8.845797e-16 8.835465e-16 8.821698e-16 8.809173e-16 8.800454e-16 8.795283e-16 
1.430511e+00 3.587513e-10 3.810055e-10 4.138555e-10 4.231807e-10 4.577097e-10 4.971890e-10 5.203871e-10 5.438868e-10 8.891676e-16 8.868803e-16 8.844451e-16 8.834022e-16 8.820414e-16 8.808094e-16 8.799358e-16 8.794190e-16 
1.668930e+00 3.586728e-10 3.809279e-10 4.137811e-10 4.230991e-10 4.576310e-10 4.971171e-10 5.203106e-10 5.438069e-10 8.889730e-16 8.866995e-16 8.842862e-16 8.832317e-16 8.818898e-16 8.806820e-16 8.798064e-16 8.792898e-16 
1.907349e+00 3.585823e-10 3.808384e-10 4.136954e-10 4.230049e-10 4.575403e-10 4.970341e-10 5.202223e-10 5.437148e-10 8.887487e-16 8.864911e-16 8.841030e-16 8.830351e-16 8.817150e-16 8.805350e-16 8.796572e-16 8.791409e-16 
2.145767e+00 3.584798e-10 3.807370e-10 4.135982e-10 4.228982e-10 4.574376e-10 4.969401e-10 5.201224e-10 5.436104e-10 8.884946e-16 8.862551e-16 8.838955e-16 8.828124e-16 8.815170e-16 8.803685e-16 8.794882e-16 8.789722e-16 
2.384186e+00 3.583654e-10 3.806238e-10 4.134898e-10 4.227791e-10 4.573229e-10 4.968351e-10 5.200107e-10 5.434939e-10 8.882110e-16 8.859916e-16 8.836637e-16 8.825638e-16 8.812959e-16 8.801825e-16 8.792994e-16 8.787837e-16 
2.622604e+00 3.582390e-10 3.804988e-10 4.133701e-10 4.226476e-10 4.571961e-10 4.967192e-10 5.198874e-10 5.433652e-10 8.878980e-16 8.857007e-16 8.834078e-16 8.822893e-16 8.810517e-16 8.799771e-16 8.790909e-16 8.785756e-16 
2.861023e+00 3.581009e-10 3.803620e-10 4.132390e-10 4.225037e-10 4.570575e-10 4.965923e-10 5.197525e-10 5.432243e-10 8.875555e-16 8.853824e-16 8.831278e-16 8.819889e-16 8.807846e-16 8.797523e-16 8.788627e-16 8.783478e-16 
3.099442e+00 3.579509e-10 3.802136e-10 4.130968e-10 4.223475e-10 4.569070e-10 4.964545e-10 5.196059e-10 5.430713e-10 8.871838e-16 8.850369e-16 8.828238e-16 8.816628e-16 8.804944e-16 8.795082e-16 8.786148e-16 8.781004e-16 
3.337860e+00 3.577891e-10 3.800535e-10 4.129433e-10 4.221790e-10 4.567445e-10 4.963058e-10 5.194478e-10 5.429062e-10 8.867829e-16 8.846643e-16 8.824959e-16 8.813111e-16 8.801814e-16 8.792448e-16 8.783474e-16 8.778335e-16 
3.576279e+00 3.576157e-10 3.798818e-10 4.127787e-10 4.219983e-10 4.565703e-10 4.961463e-10 5.192781e-10 5.427291e-10 8.863530e-16 8.842646e-16 8.821441e-16 8.809338e-16 8.798457e-16 8.789621e-16 8.780605e-16 8.775471e-16 
3.814697e+00 3.574306e-10 3.796986e-10 4.126030e-10 4.218053e-10 4.563843e-10 4.959759e-10 5.190969e-10 5.425399e-10 8.858943e-16 8.838380e-16 8.817685e-16 8.805310e-16 8.794872e-16 8.786603e-16 8.777541e-16 8.772412e-16 
4.053116e+00 3.572339e-10 3.795038e-10 4.124162e-10 4.216003e-10 4.561865e-10 4.957948e-10 5.189042e-10 5.423388e-10 8.854068e-16 8.833847e-16 8.813694e-16 8.801029e-16 8.791061e-16 8.783394e-16 8.774283e-16 8.769160e-16 
4.291534e+00 3.570258e-10 3.792977e-10 4.122184e-10 4.213831e-10 4.559771e-10 4.956029e-10 5.187001e-10 5.421257e-10 8.848909e-16 8.829048e-16 8.809466e-16 8.796497e-16 8.787025e-16 8.779995e-16 8.770832e-16 8.765715e-16 
4.529953e+00 3.568062e-10 3.790801e-10 4.120097e-10 4.211540e-10 4.557560e-10 4.954003e-10 5.184846e-10 5.419007e-10 8.843466e-16 8.823984e-16 8.805005e-16 8.791713e-16 8.782765e-16 8.776405e-16 8.767188e-16 8.762077e-16 
4.768372e+00 3.565752e-10 3.788513e-10 4.117900e-10 4.209129e-10 4.555234e-10 4.951870e-10 5.182578e-10 5.416639e-10 8.837741e-16 8.818657e-16 8.800311e-16 8.786680e-16 8.778282e-16 8.772627e-16 8.763353e-16 8.758248e-16 
5.006790e+00 3.563329e-10 3.786112e-10 4.115595e-10 4.206599e-10 4.552792e-10 4.949631e-10 5.180197e-10 5.414153e-10 8.831736e-16 8.813069e-16 8.795384e-16 8.781399e-16 8.773577e-16 8.768661e-16 8.759326e-16 8.754229e-16 
5.245209e+00 3.560794e-10 3.783600e-10 4.113182e-10 4.203952e-10 4.550236e-10 4.947287e-10 5.177703e-10 5.411550e-10 8.825453e-16 8.807221e-16 8.790228e-16 8.775872e-16 8.768651e-16 8.764507e-16 8.755109e-16 8.750019e-16 
5.483627e+00 3.558148e-10 3.780976e-10 4.110662e-10 4.201186e-10 4.547566e-10 4.944837e-10 5.175097e-10 5.408830e-10 8.818895e-16 8.801115e-16 8.784842e-16 8.770100e-16 8.763506e-16 8.760167e-16 8.750703e-16 8.745621e-16 
5.722046e+00 3.555391e-10 3.778243e-10 4.108035e-10 4.198305e-10 4.544783e-10 4.942282e-10 5.172380e-10 5.405993e-10 8.812063e-16 8.794752e-16 8.779229e-16 8.764084e-16 8.758142e-16 8.755642e-16 8.746109e-16 8.741034e-16 
5.960464e+00 3.552525e-10 3.775401e-10 4.105303e-10 4.195307e-10 4.541887e-10 4.939624e-10 5.169552e-10 5.403040e-10 8.804959e-16 8.788136e-16 8.773389e-16 8.757826e-16 8.752561e-16 8.750931e-16 8.741327e-16 8.736260e-16 
6.437302e+00 3.546469e-10 3.769392e-10 4.099523e-10 4.188968e-10 4.535760e-10 4.933996e-10 5.163566e-10 5.396791e-10 8.789948e-16 8.774149e-16 8.761037e-16 8.744593e-16 8.740754e-16 8.740961e-16 8.731205e-16 8.726155e-16 
6.675720e+00 3.543280e-10 3.766227e-10 4.096477e-10 4.185628e-10 4.532530e-10 4.931028e-10 5.160409e-10 5.393495e-10 8.782045e-16 8.766782e-16 8.754528e-16 8.737621e-16 8.734531e-16 8.735703e-16 8.725867e-16 8.720825e-16 
6.914139e+00 3.539986e-10 3.762956e-10 4.093329e-10 4.182176e-10 4.529191e-10 4.927958e-10 5.157144e-10 5.390085e-10 8.773880e-16 8.759169e-16 8.747800e-16 8.730414e-16 8.728096e-16 8.730264e-16 8.720346e-16 8.715313e-16 
7.152557e+00 3.536587e-10 3.759581e-10 4.090078e-10 4.178612e-10 4.525744e-10 4.924786e-10 5.153771e-10 5.386563e-10 8.765457e-16 8.751313e-16 8.740853e-16 8.722975e-16 8.721452e-16 8.724646e-16 8.714642e-16 8.709618e-16 
7.629395e+00 3.529481e-10 3.752522e-10 4.083274e-10 4.171155e-10 4.518525e-10 4.918143e-10 5.146704e-10 5.379185e-10 8.747843e-16 8.734879e-16 8.726313e-16 8.707408e-16 8.707541e-16 8.712876e-16 8.702693e-16 8.697688e-16 
7.867813e+00 3.525776e-10 3.748839e-10 4.079723e-10 4.167263e-10 4.514755e-10 4.914672e-10 5.143012e-10 5.375330e-10 8.738659e-16 8.726306e-16 8.718723e-16 8.699283e-16 8.700277e-16 8.706727e-16 8.696451e-16 8.691455e-16 
8.344650e+00 3.518066e-10 3.741172e-10 4.072325e-10 4.159158e-10 4.506902e-10 4.907435e-10 5.135314e-10 5.367292e-10 8.719551e-16 8.708461e-16 8.702914e-16 8.682364e-16 8.685142e-16 8.693906e-16 8.683434e-16 8.678458e-16 
8.821487e+00 3.509966e-10 3.733113e-10 4.064541e-10 4.150632e-10 4.498634e-10 4.899809e-10 5.127203e-10 5.358822e-10 8.699475e-16 8.689701e-16 8.686278e-16 8.664566e-16 8.669210e-16 8.680396e-16 8.669718e-16 8.664762e-16 
9.059906e+00 3.505772e-10 3.728939e-10 4.060506e-10 4.146214e-10 4.494347e-10 4.895852e-10 5.122995e-10 5.354427e-10 8.689082e-16 8.679984e-16 8.677655e-16 8.655343e-16 8.660949e-16 8.673386e-16 8.662602e-16 8.657656e-16 
9.536743e+00 3.497106e-10 3.720306e-10 4.052156e-10 4.137073e-10 4.485473e-10 4.887655e-10 5.114275e-10 5.345321e-10 8.667601e-16 8.659891e-16 8.659811e-16 8.636262e-16 8.643847e-16 8.658864e-16 8.647858e-16 8.642933e-16 
1.001358e+01 3.488074e-10 3.711304e-10 4.043440e-10 4.127534e-10 4.476204e-10 4.879084e-10 5.105159e-10 5.335800e-10 8.645216e-16 8.638936e-16 8.641183e-16 8.616349e-16 8.625985e-16 8.643681e-16 8.632443e-16 8.627539e-16 
1.049042e+01 3.478688e-10 3.701942e-10 4.034365e-10 4.117607e-10 4.466549e-10 4.870147e-10 5.095653e-10 5.325872e-10 8.621953e-16 8.617144e-16 8.621789e-16 8.595625e-16 8.607380e-16 8.627849e-16 8.616369e-16 8.611486e-16 
1.096725e+01 3.468959e-10 3.692230e-10 4.024940e-10 4.107300e-10 4.456517e-10 4.860851e-10 5.085764e-10 5.315544e-10 8.597838e-16 8.594537e-16 8.601648e-16 8.574110e-16 8.588047e-16 8.611379e-16 8.599648e-16 8.594786e-16 
1.144409e+01 3.458897e-10 3.682178e-10 4.015175e-10 4.096625e-10 4.446117e-10 4.851202e-10 5.075501e-10 5.304823e-10 8.572900e-16 8.571139e-16 8.580778e-16 8.551826e-16 8.568005e-16 8.594285e-16 8.582293e-16 8.577451e-16 
1.192093e+01 3.448514e-10 3.671798e-10 4.005077e-10 4.085592e-10 4.435357e-10 4.841207e-10 5.064869e-10 5.293718e-10 8.547167e-16 8.546976e-16 8.559199e-16 8.528793e-16 8.547270e-16 8.576579e-16 8.564316e-16 8.559495e-16 
1.263618e+01 3.432364e-10 3.655633e-10 3.989329e-10 4.068393e-10 4.418563e-10 4.825585e-10 5.048251e-10 5.276358e-10 8.507138e-16 8.509348e-16 8.525544e-16 8.492890e-16 8.514907e-16 8.548902e-16 8.536215e-16 8.531425e-16 
1.311302e+01 3.421229e-10 3.644476e-10 3.978443e-10 4.056510e-10 4.406946e-10 4.814759e-10 5.036735e-10 5.264327e-10 8.479541e-16 8.483378e-16 8.502279e-16 8.468084e-16 8.492519e-16 8.529724e-16 8.516744e-16 8.511973e-16 
1.382828e+01 3.404005e-10 3.627199e-10 3.961556e-10 4.038088e-10 4.388910e-10 4.797926e-10 5.018829e-10 5.245619e-10 8.436851e-16 8.443161e-16 8.466190e-16 8.429627e-16 8.457764e-16 8.499903e-16 8.486465e-16 8.481722e-16 
1.430511e+01 3.392191e-10 3.615335e-10 3.949941e-10 4.025423e-10 4.376495e-10 4.786319e-10 5.006481e-10 5.232717e-10 8.407570e-16 8.415544e-16 8.441367e-16 8.403189e-16 8.433838e-16 8.479340e-16 8.465586e-16 8.460861e-16 
1.502037e+01 3.374004e-10 3.597048e-10 3.932006e-10 4.005880e-10 4.357309e-10 4.768349e-10 4.987365e-10 5.212741e-10 8.362492e-16 8.372977e-16 8.403039e-16 8.362391e-16 8.396866e-16 8.447506e-16 8.433262e-16 8.428563e-16 
1.573563e+01 3.355291e-10 3.578205e-10 3.913486e-10 3.985713e-10 4.337478e-10 4.749735e-10 4.967562e-10 5.192046e-10 8.316112e-16 8.329117e-16 8.363461e-16 8.320293e-16 8.358649e-16 8.414529e-16 8.399777e-16 8.395101e-16 
1.645088e+01 3.336092e-10 3.558845e-10 3.894416e-10 3.964961e-10 4.317035e-10 4.730503e-10 4.947102e-10 5.170663e-10 8.268528e-16 8.284051e-16 8.322705e-16 8.276973e-16 8.319254e-16 8.380458e-16 8.365181e-16 8.360525e-16 
1.716614e+01 3.316446e-10 3.539003e-10 3.874827e-10 3.943662e-10 4.296014e-10 4.710682e-10 4.926015e-10 5.148621e-10 8.219836e-16 8.237865e-16 8.280843e-16 8.232510e-16 8.278745e-16 8.345344e-16 8.329524e-16 8.324885e-16 
1.811981e+01 3.289623e-10 3.511863e-10 3.847961e-10 3.914475e-10 4.267145e-10 4.683387e-10 4.896975e-10 5.118262e-10 8.153354e-16 8.174689e-16 8.223427e-16 8.171581e-16 8.223114e-16 8.296988e-16 8.280420e-16 8.275797e-16 
1.883507e+01 3.269082e-10 3.491041e-10 3.827292e-10 3.892041e-10 4.244908e-10 4.662302e-10 4.874541e-10 5.094806e-10 8.102443e-16 8.126221e-16 8.179256e-16 8.124750e-16 8.180260e-16 8.259634e-16 8.242485e-16 8.237871e-16 
1.978874e+01 3.241199e-10 3.462723e-10 3.799104e-10 3.861474e-10 4.214539e-10 4.633423e-10 4.843814e-10 5.062676e-10 8.033336e-16 8.060306e-16 8.119017e-16 8.060940e-16 8.121737e-16 8.208473e-16 8.190529e-16 8.185919e-16 
2.074242e+01 3.212828e-10 3.433846e-10 3.770266e-10 3.830234e-10 4.183420e-10 4.603732e-10 4.812221e-10 5.029634e-10 7.963016e-16 7.993088e-16 8.057387e-16 7.995727e-16 8.061769e-16 8.155872e-16 8.137107e-16 8.132493e-16 
2.169609e+01 3.184047e-10 3.404489e-10 3.740851e-10 3.798404e-10 4.151628e-10 4.573293e-10 4.779832e-10 4.995754e-10 7.891684e-16 7.924751e-16 7.994524e-16 7.929279e-16 8.000503e-16 8.101948e-16 8.082339e-16 8.077712e-16 
2.264977e+01 3.154935e-10 3.374726e-10 3.710931e-10 3.766061e-10 4.119237e-10 4.542173e-10 4.746715e-10 4.961108e-10 7.819528e-16 7.855471e-16 7.930582e-16 7.861762e-16 7.938083e-16 8.046817e-16 8.026341e-16 8.021692e-16 
2.384186e+01 3.118187e-10 3.337062e-10 3.672924e-10 3.725027e-10 4.078016e-10 4.502412e-10 4.704400e-10 4.916829e-10 7.728450e-16 7.767800e-16 7.849359e-16 7.776103e-16 7.858646e-16 7.976377e-16 7.954789e-16 7.950098e-16 
2.479553e+01 3.088587e-10 3.306647e-10 3.642115e-10 3.691804e-10 4.044537e-10 4.469989e-10 4.669892e-10 4.880714e-10 7.655084e-16 7.697001e-16 7.783517e-16 7.706748e-16 7.794131e-16 7.918937e-16 7.896440e-16 7.891702e-16 
2.598763e+01 3.051436e-10 3.268377e-10 3.603201e-10 3.649891e-10 4.002171e-10 4.428793e-10 4.626044e-10 4.834813e-10 7.563006e-16 7.607919e-16 7.700355e-16 7.619255e-16 7.712489e-16 7.845955e-16 7.822295e-16 7.817484e-16 
2.717972e+01 3.014226e-10 3.229937e-10 3.563948e-10 3.607669e-10 3.959345e-10 4.386960e-10 4.581513e-10 4.788188e-10 7.470779e-16 7.518441e-16 7.616468e-16 7.531116e-16 7.629959e-16 7.771844e-16 7.746998e-16 7.742095e-16 
2.861023e+01 2.969639e-10 3.183735e-10 3.516549e-10 3.556759e-10 3.907508e-10 4.336072e-10 4.527339e-10 4.731450e-10 7.360270e-16 7.410895e-16 7.515171e-16 7.424838e-16 7.530066e-16 7.681692e-16 7.655393e-16 7.650356e-16 
2.980232e+01 2.932647e-10 3.145286e-10 3.476920e-10 3.514254e-10 3.864067e-10 4.293212e-10 4.481706e-10 4.683646e-10 7.268586e-16 7.321394e-16 7.430480e-16 7.336108e-16 7.446351e-16 7.605763e-16 7.578230e-16 7.573060e-16 
3.123283e+01 2.888576e-10 3.099340e-10 3.429345e-10 3.463299e-10 3.811793e-10 4.241380e-10 4.426513e-10 4.625813e-10 7.159356e-16 7.214444e-16 7.328810e-16 7.229739e-16 7.345615e-16 7.513939e-16 7.484904e-16 7.479549e-16 
3.266335e+01 2.844971e-10 3.053730e-10 3.381885e-10 3.412542e-10 3.759510e-10 4.189259e-10 4.371005e-10 4.567632e-10 7.051281e-16 7.108278e-16 7.227383e-16 7.123782e-16 7.244862e-16 7.421601e-16 7.391043e-16 7.385475e-16 
3.433228e+01 2.794828e-10 3.001100e-10 3.326829e-10 3.353753e-10 3.698690e-10 4.128275e-10 4.306047e-10 4.499525e-10 6.927001e-16 6.985769e-16 7.109723e-16 7.001057e-16 7.127658e-16 7.313563e-16 7.281204e-16 7.275352e-16 
3.600121e+01 2.745605e-10 2.949246e-10 3.272279e-10 3.295598e-10 3.638252e-10 4.067298e-10 4.241085e-10 4.431391e-10 6.805001e-16 6.865065e-16 6.993146e-16 6.879658e-16 7.011187e-16 7.205538e-16 7.171358e-16 7.165185e-16 
3.767014e+01 2.697415e-10 2.898298e-10 3.218389e-10 3.238236e-10 3.578368e-10 4.006514e-10 4.176315e-10 4.363435e-10 6.685562e-16 6.746471e-16 6.877977e-16 6.759913e-16 6.895786e-16 7.097855e-16 7.061837e-16 7.055306e-16 
3.933907e+01 2.650348e-10 2.848362e-10 3.165286e-10 3.181797e-10 3.519188e-10 3.946088e-10 4.111912e-10 4.295841e-10 6.568906e-16 6.630235e-16 6.764493e-16 6.642094e-16 6.781743e-16 6.990805e-16 6.952936e-16 6.946012e-16 
4.124641e+01 2.598018e-10 2.792641e-10 3.105700e-10 3.118561e-10 3.452580e-10 3.877653e-10 4.038954e-10 4.219240e-10 6.439207e-16 6.500531e-16 6.637152e-16 6.510088e-16 6.653384e-16 6.869566e-16 6.829571e-16 6.822155e-16 
4.315376e+01 2.547316e-10 2.738448e-10 3.047413e-10 3.056798e-10 3.387214e-10 3.810059e-10 3.966874e-10 4.143531e-10 6.313539e-16 6.374384e-16 6.512587e-16 6.381156e-16 6.527418e-16 6.749819e-16 6.707688e-16 6.699740e-16 
4.529953e+01 2.492275e-10 2.679391e-10 2.983516e-10 2.989193e-10 3.315317e-10 3.735217e-10 3.887038e-10 4.059641e-10 6.177120e-16 6.236914e-16 6.376034e-16 6.240028e-16 6.388868e-16 6.617230e-16 6.572692e-16 6.564096e-16 
4.720688e+01 2.445151e-10 2.628639e-10 2.928291e-10 2.930844e-10 3.252973e-10 3.669900e-10 3.817340e-10 3.986372e-10 6.060324e-16 6.118777e-16 6.258012e-16 6.118223e-16 6.268727e-16 6.501516e-16 6.454838e-16 6.445627e-16 
4.959106e+01 2.388634e-10 2.567539e-10 2.861417e-10 2.860284e-10 3.177224e-10 3.590018e-10 3.732067e-10 3.896691e-10 5.920247e-16 5.976552e-16 6.115097e-16 5.970927e-16 6.122753e-16 6.359998e-16 6.310646e-16 6.300620e-16 
5.197525e+01 2.334745e-10 2.509042e-10 2.796993e-10 2.792403e-10 3.103982e-10 3.512238e-10 3.649000e-10 3.809288e-10 5.786681e-16 5.840387e-16 5.977418e-16 5.829224e-16 5.981609e-16 6.222205e-16 6.170187e-16 6.159297e-16 
5.435944e+01 2.283430e-10 2.453122e-10 2.735041e-10 2.727208e-10 3.033298e-10 3.436671e-10 3.568259e-10 3.724291e-10 5.659497e-16 5.710220e-16 5.845021e-16 5.693127e-16 5.845395e-16 6.088333e-16 6.033660e-16 6.021863e-16 
5.698204e+01 2.229870e-10 2.394528e-10 2.669739e-10 2.658568e-10 2.958519e-10 3.356192e-10 3.482224e-10 3.633673e-10 5.526749e-16 5.573829e-16 5.705465e-16 5.549839e-16 5.701290e-16 5.945758e-16 5.888180e-16 5.875343e-16 
5.960464e+01 2.179224e-10 2.338904e-10 2.607377e-10 2.593089e-10 2.886840e-10 3.278534e-10 3.399156e-10 3.546136e-10 5.401222e-16 5.444350e-16 5.572192e-16 5.413149e-16 5.563160e-16 5.808181e-16 5.747719e-16 5.733802e-16 
6.246567e+01 2.127146e-10 2.281483e-10 2.542620e-10 2.525161e-10 2.812126e-10 3.197053e-10 3.311943e-10 3.454179e-10 5.272146e-16 5.310690e-16 5.433799e-16 5.271347e-16 5.419181e-16 5.663830e-16 5.600249e-16 5.585115e-16 
6.532669e+01 2.078208e-10 2.227314e-10 2.481170e-10 2.460759e-10 2.740957e-10 3.118931e-10 3.228267e-10 3.365901e-10 5.150853e-16 5.184600e-16 5.302477e-16 5.136907e-16 5.282033e-16 5.525431e-16 5.458759e-16 5.442377e-16 
6.842613e+01 2.028528e-10 2.172113e-10 2.418185e-10 2.394797e-10 2.667726e-10 3.038030e-10 3.141550e-10 3.274359e-10 5.027722e-16 5.056105e-16 5.167872e-16 4.999210e-16 5.140912e-16 5.382109e-16 5.312126e-16 5.294361e-16 
7.176399e+01 1.978655e-10 2.116477e-10 2.354326e-10 2.327965e-10 2.593178e-10 2.955137e-10 3.052621e-10 3.180422e-10 4.904110e-16 4.926599e-16 5.031400e-16 4.859694e-16 4.997251e-16 5.235258e-16 5.161754e-16 5.142473e-16 
7.486343e+01 1.935479e-10 2.068129e-10 2.298520e-10 2.269590e-10 2.527774e-10 2.881966e-10 2.974050e-10 3.097374e-10 4.797097e-16 4.814059e-16 4.912137e-16 4.737835e-16 4.871212e-16 5.105629e-16 5.028898e-16 5.008192e-16 
7.867813e+01 1.886164e-10 2.012697e-10 2.234170e-10 2.202305e-10 2.452046e-10 2.796723e-10 2.882429e-10 3.000464e-10 4.674870e-16 4.685028e-16 4.774616e-16 4.597375e-16 4.725280e-16 4.954615e-16 4.873972e-16 4.851496e-16 
8.225441e+01 1.843457e-10 1.964506e-10 2.177902e-10 2.143486e-10 2.385547e-10 2.721405e-10 2.801384e-10 2.914679e-10 4.569022e-16 4.572852e-16 4.654366e-16 4.474590e-16 4.597130e-16 4.821182e-16 4.736932e-16 4.712789e-16 
8.630753e+01 1.798818e-10 1.913943e-10 2.118530e-10 2.081433e-10 2.315081e-10 2.641118e-10 2.714894e-10 2.823059e-10 4.458382e-16 4.455154e-16 4.527483e-16 4.345052e-16 4.461337e-16 4.678949e-16 4.590683e-16 4.564648e-16 
9.036064e+01 1.757811e-10 1.867318e-10 2.063472e-10 2.023889e-10 2.249448e-10 2.565895e-10 2.633753e-10 2.737038e-10 4.356747e-16 4.346622e-16 4.409820e-16 4.224928e-16 4.334857e-16 4.545684e-16 4.453480e-16 4.425559e-16 
9.441376e+01 1.720093e-10 1.824277e-10 2.012376e-10 1.970481e-10 2.188278e-10 2.495398e-10 2.557611e-10 2.656251e-10 4.263263e-16 4.246436e-16 4.300623e-16 4.113437e-16 4.216978e-16 4.420793e-16 4.324730e-16 4.294933e-16 
9.894371e+01 1.681449e-10 1.780022e-10 1.959557e-10 1.915259e-10 2.124769e-10 2.421804e-10 2.478011e-10 2.571722e-10 4.167483e-16 4.143421e-16 4.187744e-16 3.998159e-16 4.094591e-16 4.290416e-16 4.190132e-16 4.158258e-16 
1.037121e+02 1.644363e-10 1.737395e-10 1.908405e-10 1.861762e-10 2.062983e-10 2.349809e-10 2.400018e-10 2.488824e-10 4.075564e-16 4.044198e-16 4.078427e-16 3.886482e-16 3.975525e-16 4.162871e-16 4.058252e-16 4.024218e-16 
1.084805e+02 1.610566e-10 1.698414e-10 1.861380e-10 1.812559e-10 2.005924e-10 2.282968e-10 2.327490e-10 2.411662e-10 3.991800e-16 3.953459e-16 3.977932e-16 3.783771e-16 3.865568e-16 4.044458e-16 3.935613e-16 3.899453e-16 
1.137257e+02 1.576768e-10 1.659296e-10 1.813947e-10 1.762903e-10 1.948106e-10 2.214884e-10 2.253484e-10 2.332848e-10 3.908031e-16 3.862404e-16 3.876563e-16 3.680111e-16 3.754147e-16 3.923841e-16 3.810474e-16 3.772018e-16 
1.189709e+02 1.546110e-10 1.623694e-10 1.770556e-10 1.717448e-10 1.894968e-10 2.151991e-10 2.184995e-10 2.259833e-10 3.832044e-16 3.779530e-16 3.783832e-16 3.585223e-16 3.651747e-16 3.812421e-16 3.694664e-16 3.653959e-16 
1.244545e+02 1.517025e-10 1.589811e-10 1.729059e-10 1.673948e-10 1.843918e-10 2.091274e-10 2.118751e-10 2.189136e-10 3.759956e-16 3.700659e-16 3.695150e-16 3.494415e-16 3.553371e-16 3.704856e-16 3.582649e-16 3.539649e-16 
1.304150e+02 1.488442e-10 1.556409e-10 1.687953e-10 1.630824e-10 1.793114e-10 2.030553e-10 2.052369e-10 2.118213e-10 3.689113e-16 3.622908e-16 3.607303e-16 3.404393e-16 3.455467e-16 3.597284e-16 3.470402e-16 3.424972e-16 
1.366138e+02 1.461653e-10 1.525009e-10 1.649126e-10 1.590057e-10 1.744900e-10 1.972647e-10 1.988930e-10 2.050353e-10 3.622718e-16 3.549818e-16 3.524326e-16 3.319291e-16 3.362554e-16 3.494699e-16 3.363132e-16 3.315248e-16 
1.430511e+02 1.436604e-10 1.495564e-10 1.612548e-10 1.551618e-10 1.699266e-10 1.917583e-10 1.928471e-10 1.985603e-10 3.560632e-16 3.481278e-16 3.446155e-16 3.239049e-16 3.274615e-16 3.397149e-16 3.260901e-16 3.210552e-16 
1.497269e+02 1.413224e-10 1.468009e-10 1.578167e-10 1.515458e-10 1.656178e-10 1.865352e-10 1.870996e-10 1.923969e-10 3.502685e-16 3.417137e-16 3.372679e-16 3.163562e-16 3.191580e-16 3.304618e-16 3.163714e-16 3.110896e-16 
1.568794e+02 1.390724e-10 1.441426e-10 1.544857e-10 1.480394e-10 1.614243e-10 1.814292e-10 1.814679e-10 1.863500e-10 3.446919e-16 3.355258e-16 3.301493e-16 3.090365e-16 3.110770e-16 3.214161e-16 3.068488e-16 3.013122e-16 
1.642704e+02 1.369875e-10 1.416737e-10 1.513795e-10 1.447670e-10 1.574967e-10 1.766258e-10 1.761576e-10 1.806404e-10 3.395244e-16 3.297790e-16 3.235113e-16 3.022053e-16 3.035081e-16 3.129064e-16 2.978693e-16 2.920802e-16 
1.718998e+02 1.350564e-10 1.393825e-10 1.484861e-10 1.417164e-10 1.538225e-10 1.721133e-10 1.711573e-10 1.752569e-10 3.347382e-16 3.244457e-16 3.173277e-16 2.958371e-16 2.964276e-16 3.049123e-16 2.894143e-16 2.833756e-16 
1.800060e+02 1.332168e-10 1.371962e-10 1.457153e-10 1.387932e-10 1.502900e-10 1.677572e-10 1.663190e-10 1.700407e-10 3.301788e-16 3.193566e-16 3.114064e-16 2.897349e-16 2.896202e-16 2.971950e-16 2.812331e-16 2.749415e-16 
1.885891e+02 1.314737e-10 1.351218e-10 1.430778e-10 1.360091e-10 1.469144e-10 1.635779e-10 1.616664e-10 1.650176e-10 3.258586e-16 3.145279e-16 3.057697e-16 2.839230e-16 2.831151e-16 2.897910e-16 2.733658e-16 2.668195e-16 
1.974106e+02 1.298703e-10 1.332116e-10 1.406420e-10 1.334369e-10 1.437858e-10 1.596896e-10 1.573281e-10 1.603274e-10 3.218845e-16 3.100814e-16 3.005641e-16 2.785534e-16 2.770861e-16 2.829027e-16 2.660302e-16 2.592359e-16 
2.067089e+02 1.283565e-10 1.314071e-10 1.383350e-10 1.310004e-10 1.408134e-10 1.559821e-10 1.531828e-10 1.558396e-10 3.181325e-16 3.058810e-16 2.956340e-16 2.734671e-16 2.713581e-16 2.763345e-16 2.590207e-16 2.519794e-16 
2.164841e+02 1.269314e-10 1.297081e-10 1.361583e-10 1.287015e-10 1.380009e-10 1.524621e-10 1.492392e-10 1.515645e-10 3.146005e-16 3.019262e-16 2.909822e-16 2.686682e-16 2.659383e-16 2.700985e-16 2.523524e-16 2.450670e-16 
2.264977e+02 1.256221e-10 1.281476e-10 1.341557e-10 1.265872e-10 1.354074e-10 1.492057e-10 1.455847e-10 1.475976e-10 3.113553e-16 2.982938e-16 2.867024e-16 2.642546e-16 2.609404e-16 2.643297e-16 2.461728e-16 2.386528e-16 
2.372265e+02 1.243627e-10 1.266479e-10 1.322288e-10 1.245543e-10 1.329076e-10 1.460578e-10 1.420464e-10 1.437521e-10 3.082338e-16 2.948030e-16 2.825845e-16 2.600107e-16 2.561231e-16 2.587529e-16 2.401899e-16 2.324351e-16 
2.484322e+02 1.231814e-10 1.252434e-10 1.304230e-10 1.226511e-10 1.305621e-10 1.430964e-10 1.387135e-10 1.401258e-10 3.053060e-16 2.915335e-16 2.787254e-16 2.560378e-16 2.516031e-16 2.535064e-16 2.345542e-16 2.265716e-16 
2.601147e+02 1.220729e-10 1.239282e-10 1.287321e-10 1.208716e-10 1.283648e-10 1.403155e-10 1.355812e-10 1.367142e-10 3.025586e-16 2.884722e-16 2.751117e-16 2.523231e-16 2.473687e-16 2.485799e-16 2.292577e-16 2.210552e-16 
2.722740e+02 1.210316e-10 1.226962e-10 1.271490e-10 1.192090e-10 1.263082e-10 1.377077e-10 1.326425e-10 1.335106e-10 2.999776e-16 2.856044e-16 2.717285e-16 2.488523e-16 2.434056e-16 2.439600e-16 2.242886e-16 2.158754e-16 
2.851486e+02 1.200338e-10 1.215200e-10 1.256397e-10 1.176279e-10 1.243499e-10 1.352205e-10 1.298399e-10 1.304532e-10 2.975047e-16 2.828665e-16 2.685030e-16 2.455516e-16 2.396317e-16 2.395537e-16 2.195496e-16 2.109319e-16 
2.987385e+02 1.190785e-10 1.203989e-10 1.242041e-10 1.161287e-10 1.224912e-10 1.328572e-10 1.271786e-10 1.275486e-10 2.951370e-16 2.802568e-16 2.654350e-16 2.424222e-16 2.360498e-16 2.353669e-16 2.150496e-16 2.062353e-16 
3.128052e+02 1.181780e-10 1.193475e-10 1.228618e-10 1.147325e-10 1.207590e-10 1.306532e-10 1.247001e-10 1.248428e-10 2.929051e-16 2.778096e-16 2.625664e-16 2.395074e-16 2.327117e-16 2.314625e-16 2.108586e-16 2.018603e-16 
3.273487e+02 1.173256e-10 1.183582e-10 1.216035e-10 1.134294e-10 1.191420e-10 1.285958e-10 1.223911e-10 1.223221e-10 2.907922e-16 2.755067e-16 2.598772e-16 2.367872e-16 2.295957e-16 2.278175e-16 2.069543e-16 1.977845e-16 
3.428459e+02 1.164900e-10 1.173952e-10 1.203842e-10 1.121735e-10 1.175840e-10 1.266141e-10 1.201737e-10 1.199022e-10 2.887214e-16 2.732650e-16 2.572716e-16 2.341655e-16 2.265933e-16 2.243068e-16 2.032047e-16 1.938717e-16 
3.590584e+02 1.156824e-10 1.164714e-10 1.192212e-10 1.109827e-10 1.161078e-10 1.247387e-10 1.180831e-10 1.176224e-10 2.867196e-16 2.711147e-16 2.547860e-16 2.316797e-16 2.237486e-16 2.209843e-16 1.996698e-16 1.901855e-16 
3.759861e+02 1.148987e-10 1.155825e-10 1.181091e-10 1.098520e-10 1.147079e-10 1.229631e-10 1.161135e-10 1.154769e-10 2.847773e-16 2.690454e-16 2.524095e-16 2.293192e-16 2.210508e-16 2.178388e-16 1.963392e-16 1.867165e-16 
3.936291e+02 1.141350e-10 1.147238e-10 1.170427e-10 1.087758e-10 1.133779e-10 1.212803e-10 1.142576e-10 1.134586e-10 2.828843e-16 2.670467e-16 2.501305e-16 2.270727e-16 2.184878e-16 2.148576e-16 1.932011e-16 1.834530e-16 
4.122257e+02 1.133776e-10 1.138803e-10 1.160035e-10 1.077358e-10 1.120956e-10 1.196628e-10 1.124862e-10 1.115361e-10 2.810072e-16 2.650832e-16 2.479096e-16 2.249017e-16 2.160167e-16 2.119921e-16 1.902058e-16 1.803445e-16 
4.315376e+02 1.126331e-10 1.130591e-10 1.150006e-10 1.067410e-10 1.108725e-10 1.181259e-10 1.108167e-10 1.097288e-10 2.791620e-16 2.631718e-16 2.457662e-16 2.228250e-16 2.136598e-16 2.092694e-16 1.873828e-16 1.774223e-16 
4.520416e+02 1.118804e-10 1.122371e-10 1.140057e-10 1.057636e-10 1.096750e-10 1.166278e-10 1.092042e-10 1.079888e-10 2.772963e-16 2.612582e-16 2.436401e-16 2.207846e-16 2.113520e-16 2.066153e-16 1.846561e-16 1.746087e-16 
4.732609e+02 1.111340e-10 1.114300e-10 1.130385e-10 1.048227e-10 1.085267e-10 1.151986e-10 1.076818e-10 1.063520e-10 2.754464e-16 2.593797e-16 2.415731e-16 2.188205e-16 2.091392e-16 2.040834e-16 1.820819e-16 1.719622e-16 
4.954338e+02 1.103823e-10 1.106250e-10 1.120832e-10 1.039028e-10 1.074089e-10 1.138154e-10 1.062248e-10 1.047921e-10 2.735833e-16 2.575059e-16 2.395316e-16 2.169001e-16 2.069852e-16 2.016328e-16 1.796182e-16 1.694400e-16 
5.187988e+02 1.096147e-10 1.098108e-10 1.111266e-10 1.029909e-10 1.063064e-10 1.124593e-10 1.048138e-10 1.032887e-10 2.716808e-16 2.556105e-16 2.374872e-16 2.149965e-16 2.048605e-16 1.992305e-16 1.772323e-16 1.670090e-16 
5.433559e+02 1.088291e-10 1.089850e-10 1.101661e-10 1.020847e-10 1.052164e-10 1.111276e-10 1.034461e-10 1.018390e-10 2.697338e-16 2.536883e-16 2.354346e-16 2.131047e-16 2.027599e-16 1.968713e-16 1.749196e-16 1.646651e-16 
5.688667e+02 1.080309e-10 1.081529e-10 1.092079e-10 1.011895e-10 1.041457e-10 1.098287e-10 1.021300e-10 1.004521e-10 2.677554e-16 2.517515e-16 2.333868e-16 2.112360e-16 2.006967e-16 1.945701e-16 1.726942e-16 1.624226e-16 
5.958080e+02 1.072031e-10 1.072968e-10 1.082314e-10 1.002859e-10 1.030712e-10 1.085345e-10 1.008370e-10 9.909787e-11 2.657037e-16 2.497586e-16 2.312999e-16 2.093498e-16 1.986261e-16 1.922774e-16 1.705078e-16 1.602329e-16 
6.237030e+02 1.063587e-10 1.064296e-10 1.072514e-10 9.938728e-11 1.020090e-10 1.072645e-10 9.958587e-11 9.779590e-11 2.636107e-16 2.477400e-16 2.292056e-16 2.074739e-16 1.965792e-16 1.900275e-16 1.683923e-16 1.581277e-16 
6.532669e+02 1.054745e-10 1.055274e-10 1.062408e-10 9.846837e-11 1.009295e-10 1.059833e-10 9.834126e-11 9.650928e-11 2.614192e-16 2.456400e-16 2.270458e-16 2.055556e-16 1.944989e-16 1.877577e-16 1.662877e-16 1.560474e-16 
6.840229e+02 1.045637e-10 1.046035e-10 1.052145e-10 9.754237e-11 9.984843e-11 1.047095e-10 9.712085e-11 9.525620e-11 2.591620e-16 2.434894e-16 2.248525e-16 2.036226e-16 1.924155e-16 1.855011e-16 1.642241e-16 1.540212e-16 
7.162094e+02 1.036187e-10 1.036495e-10 1.041630e-10 9.660028e-11 9.875534e-11 1.034307e-10 9.591177e-11 9.402313e-11 2.568196e-16 2.412687e-16 2.226055e-16 2.016559e-16 1.903090e-16 1.832357e-16 1.621797e-16 1.520275e-16 
7.500648e+02 1.026319e-10 1.026578e-10 1.030780e-10 9.563413e-11 9.764124e-11 1.021364e-10 9.470327e-11 9.279884e-11 2.543739e-16 2.389603e-16 2.202866e-16 1.996391e-16 1.881621e-16 1.809426e-16 1.601362e-16 1.500479e-16 
7.853508e+02 1.016106e-10 1.016351e-10 1.019667e-10 9.465001e-11 9.651335e-11 1.008347e-10 9.350211e-11 9.158987e-11 2.518425e-16 2.365797e-16 2.179118e-16 1.975847e-16 1.859886e-16 1.786365e-16 1.581051e-16 1.480931e-16 
8.223057e+02 1.005483e-10 1.005748e-10 1.008219e-10 9.364087e-11 9.536372e-11 9.951617e-11 9.229861e-11 9.038601e-11 2.492098e-16 2.341115e-16 2.154651e-16 1.954781e-16 1.837731e-16 1.763007e-16 1.560701e-16 1.461465e-16 
8.611679e+02 9.943952e-11 9.947075e-11 9.963695e-11 9.260056e-11 9.418562e-11 9.817307e-11 9.108467e-11 8.917880e-11 2.464615e-16 2.315416e-16 2.129328e-16 1.933064e-16 1.815028e-16 1.739213e-16 1.540174e-16 1.441946e-16 
9.016991e+02 9.829263e-11 9.833120e-11 9.842065e-11 9.153624e-11 9.298734e-11 9.681462e-11 8.986764e-11 8.797512e-11 2.436190e-16 2.288891e-16 2.103335e-16 1.910846e-16 1.791937e-16 1.715147e-16 1.519595e-16 1.422483e-16 
9.441376e+02 9.710315e-11 9.715128e-11 9.716776e-11 9.044281e-11 9.176331e-11 9.543426e-11 8.864055e-11 8.676756e-11 2.406708e-16 2.261425e-16 2.076560e-16 1.888020e-16 1.768349e-16 1.690693e-16 1.498846e-16 1.402958e-16 
9.887218e+02 9.586737e-11 9.592695e-11 9.587400e-11 8.931611e-11 9.050911e-11 9.402681e-11 8.739781e-11 8.555019e-11 2.376080e-16 2.232926e-16 2.048911e-16 1.864500e-16 1.744179e-16 1.665759e-16 1.477832e-16 1.383274e-16 
1.035213e+03 9.459543e-11 9.466790e-11 9.454962e-11 8.816458e-11 8.923432e-11 9.260282e-11 8.614771e-11 8.433063e-11 2.344554e-16 2.203619e-16 2.020608e-16 1.840461e-16 1.719613e-16 1.640532e-16 1.456694e-16 1.363555e-16 
1.084089e+03 9.327846e-11 9.336504e-11 9.318502e-11 8.697944e-11 8.792943e-11 9.115141e-11 8.487971e-11 8.309813e-11 2.311913e-16 2.173292e-16 1.991445e-16 1.815721e-16 1.694467e-16 1.614819e-16 1.435253e-16 1.343627e-16 
1.135111e+03 9.192773e-11 9.202921e-11 9.179157e-11 8.577015e-11 8.660503e-11 8.968415e-11 8.360297e-11 8.186112e-11 2.278435e-16 2.142197e-16 1.961666e-16 1.790477e-16 1.668945e-16 1.588825e-16 1.413664e-16 1.323625e-16 
1.188517e+03 9.054226e-11 9.065910e-11 9.036788e-11 8.453511e-11 8.525949e-11 8.819897e-11 8.231481e-11 8.061654e-11 2.244096e-16 2.110304e-16 1.931240e-16 1.764695e-16 1.643015e-16 1.562514e-16 1.391882e-16 1.303501e-16 
1.244545e+03 8.912194e-11 8.925435e-11 8.891357e-11 8.327367e-11 8.389224e-11 8.669501e-11 8.101363e-11 7.936242e-11 2.208894e-16 2.077606e-16 1.900160e-16 1.738362e-16 1.616667e-16 1.535870e-16 1.369880e-16 1.283223e-16 
1.303196e+03 8.767347e-11 8.782132e-11 8.743521e-11 8.199118e-11 8.250921e-11 8.517857e-11 7.970414e-11 7.810290e-11 2.172993e-16 2.044248e-16 1.868566e-16 1.711590e-16 1.590015e-16 1.509005e-16 1.347738e-16 1.262858e-16 
1.364708e+03 8.619816e-11 8.636105e-11 8.593386e-11 8.068833e-11 8.111118e-11 8.365025e-11 7.838621e-11 7.683747e-11 2.136427e-16 2.010257e-16 1.836481e-16 1.684393e-16 1.563074e-16 1.481930e-16 1.325452e-16 1.242397e-16 
1.428843e+03 8.470908e-11 8.488630e-11 8.442254e-11 7.937618e-11 7.971005e-11 8.212278e-11 7.707019e-11 7.557572e-11 2.099521e-16 1.975929e-16 1.804183e-16 1.657001e-16 1.536073e-16 1.454870e-16 1.303199e-16 1.221995e-16 
1.496315e+03 8.319760e-11 8.338831e-11 8.289225e-11 7.804673e-11 7.829724e-11 8.058654e-11 7.574728e-11 7.430888e-11 2.062058e-16 1.941060e-16 1.771479e-16 1.629248e-16 1.508847e-16 1.427654e-16 1.280830e-16 1.201512e-16 
1.566887e+03 8.167756e-11 8.188066e-11 8.135676e-11 7.671183e-11 7.688529e-11 7.905493e-11 7.442859e-11 7.304734e-11 2.024384e-16 1.905966e-16 1.738665e-16 1.601382e-16 1.481638e-16 1.400520e-16 1.258532e-16 1.181114e-16 
1.640558e+03 8.015699e-11 8.037121e-11 7.982394e-11 7.537822e-11 7.548119e-11 7.753522e-11 7.312003e-11 7.179648e-11 1.986697e-16 1.870830e-16 1.705907e-16 1.573543e-16 1.454580e-16 1.373597e-16 1.236405e-16 1.160888e-16 
1.718044e+03 7.862982e-11 7.885382e-11 7.828744e-11 7.404034e-11 7.407891e-11 7.602061e-11 7.181547e-11 7.055023e-11 1.948846e-16 1.835509e-16 1.673071e-16 1.545614e-16 1.427557e-16 1.346765e-16 1.214346e-16 1.140738e-16 
1.798868e+03 7.711404e-11 7.734631e-11 7.676514e-11 7.271376e-11 7.269456e-11 7.452823e-11 7.052946e-11 6.932231e-11 1.911277e-16 1.800418e-16 1.640538e-16 1.517921e-16 1.400879e-16 1.320326e-16 1.192601e-16 1.120883e-16 
1.883745e+03 7.560463e-11 7.584365e-11 7.525177e-11 7.139391e-11 7.132310e-11 7.305236e-11 6.925696e-11 6.810775e-11 1.873866e-16 1.765440e-16 1.608196e-16 1.490369e-16 1.374450e-16 1.294180e-16 1.171084e-16 1.101245e-16 
1.972437e+03 7.411424e-11 7.435843e-11 7.375982e-11 7.009175e-11 6.997564e-11 7.160467e-11 6.800794e-11 6.691593e-11 1.836927e-16 1.730868e-16 1.576312e-16 1.463186e-16 1.348484e-16 1.268533e-16 1.149964e-16 1.081974e-16 
2.065420e+03 7.264284e-11 7.289064e-11 7.228905e-11 6.880715e-11 6.865170e-11 7.018438e-11 6.678170e-11 6.574611e-11 1.800458e-16 1.696702e-16 1.544880e-16 1.436370e-16 1.322970e-16 1.243371e-16 1.129229e-16 1.063059e-16 
2.162695e+03 7.119826e-11 7.144813e-11 7.084709e-11 6.754688e-11 6.735788e-11 6.879830e-11 6.558415e-11 6.460383e-11 1.764654e-16 1.663124e-16 1.514064e-16 1.410061e-16 1.298038e-16 1.218816e-16 1.108979e-16 1.044589e-16 
2.264738e+03 6.978094e-11 7.003139e-11 6.943419e-11 6.631129e-11 6.609417e-11 6.744617e-11 6.441511e-11 6.348887e-11 1.729525e-16 1.630146e-16 1.483869e-16 1.384268e-16 1.273685e-16 1.194862e-16 1.089212e-16 1.026561e-16 
2.371311e+03 6.840106e-11 6.865068e-11 6.806032e-11 6.510921e-11 6.486920e-11 6.613697e-11 6.328242e-11 6.240866e-11 1.695325e-16 1.598007e-16 1.454508e-16 1.359174e-16 1.250079e-16 1.171668e-16 1.070059e-16 1.009095e-16 
2.483130e+03 6.705577e-11 6.730325e-11 6.672245e-11 6.393812e-11 6.367998e-11 6.486728e-11 6.218323e-11 6.136045e-11 1.661982e-16 1.566642e-16 1.425917e-16 1.334727e-16 1.227162e-16 1.149175e-16 1.051472e-16 9.921466e-17 
2.600193e+03 6.575135e-11 6.599546e-11 6.542666e-11 6.280348e-11 6.253163e-11 6.364236e-11 6.112217e-11 6.034865e-11 1.629652e-16 1.536200e-16 1.398225e-16 1.311041e-16 1.205032e-16 1.127474e-16 1.033530e-16 9.757866e-17 
2.722740e+03 6.449053e-11 6.473016e-11 6.417550e-11 6.170762e-11 6.142611e-11 6.246410e-11 6.010101e-11 5.937491e-11 1.598402e-16 1.506747e-16 1.371486e-16 1.288165e-16 1.183728e-16 1.106601e-16 1.016263e-16 9.600422e-17 
2.851009e+03 6.327568e-11 6.350986e-11 6.297116e-11 6.065259e-11 6.036506e-11 6.133405e-11 5.912120e-11 5.844064e-11 1.568292e-16 1.478342e-16 1.345749e-16 1.266141e-16 1.163281e-16 1.086581e-16 9.996953e-17 9.449357e-17 
2.985239e+03 6.210876e-11 6.233664e-11 6.181543e-11 5.964005e-11 5.934973e-11 6.025339e-11 5.818386e-11 5.754689e-11 1.539370e-16 1.451032e-16 1.321050e-16 1.245004e-16 1.143714e-16 1.067436e-16 9.838457e-17 9.304846e-17 
3.125906e+03 6.098948e-11 6.121032e-11 6.070789e-11 5.866972e-11 5.837945e-11 5.922127e-11 5.728836e-11 5.669305e-11 1.511629e-16 1.424815e-16 1.297380e-16 1.224748e-16 1.125016e-16 1.049151e-16 9.687034e-17 9.166788e-17 
3.273249e+03 5.991943e-11 6.013263e-11 5.964996e-11 5.774292e-11 5.745518e-11 5.823857e-11 5.643553e-11 5.587994e-11 1.485107e-16 1.399729e-16 1.274772e-16 1.205400e-16 1.107205e-16 1.031742e-16 9.542828e-17 9.035315e-17 
3.427505e+03 5.889970e-11 5.910476e-11 5.864259e-11 5.686053e-11 5.657743e-11 5.730574e-11 5.562585e-11 5.510800e-11 1.459833e-16 1.375803e-16 1.253243e-16 1.186980e-16 1.090290e-16 1.015216e-16 9.405917e-17 8.910498e-17 
3.589153e+03 5.792951e-11 5.812608e-11 5.768492e-11 5.602184e-11 5.574516e-11 5.642155e-11 5.485833e-11 5.437629e-11 1.435787e-16 1.353022e-16 1.232777e-16 1.169472e-16 1.074252e-16 9.995521e-17 9.276134e-17 8.792186e-17 
3.758192e+03 5.701066e-11 5.719846e-11 5.677859e-11 5.522830e-11 5.495951e-11 5.558714e-11 5.413398e-11 5.368578e-11 1.413013e-16 1.331429e-16 1.213408e-16 1.152907e-16 1.059111e-16 9.847699e-17 9.153653e-17 8.680537e-17 
3.935337e+03 5.614061e-11 5.631948e-11 5.592098e-11 5.447767e-11 5.421793e-11 5.479974e-11 5.345046e-11 5.303423e-11 1.391449e-16 1.310969e-16 1.195080e-16 1.137237e-16 1.044821e-16 9.708205e-17 9.038074e-17 8.575187e-17 
4.120827e+03 5.531934e-11 5.548921e-11 5.511200e-11 5.376984e-11 5.352006e-11 5.405891e-11 5.280741e-11 5.242130e-11 1.371094e-16 1.291642e-16 1.177791e-16 1.122461e-16 1.031372e-16 9.576961e-17 8.929339e-17 8.476082e-17 
4.315138e+03 5.454550e-11 5.470637e-11 5.435021e-11 5.310356e-11 5.286443e-11 5.336302e-11 5.220343e-11 5.184567e-11 1.351914e-16 1.273420e-16 1.161511e-16 1.108552e-16 1.018738e-16 9.453679e-17 8.827211e-17 8.383007e-17 
4.518509e+03 5.381850e-11 5.397045e-11 5.363496e-11 5.247825e-11 5.225021e-11 5.271119e-11 5.163777e-11 5.130660e-11 1.333895e-16 1.256290e-16 1.146226e-16 1.095499e-16 1.006901e-16 9.338202e-17 8.731562e-17 8.295844e-17 
4.731417e+03 5.313666e-11 5.327984e-11 5.296452e-11 5.189237e-11 5.167571e-11 5.210156e-11 5.110883e-11 5.080257e-11 1.316996e-16 1.240214e-16 1.131898e-16 1.083269e-16 9.958303e-17 9.230201e-17 8.642123e-17 8.214347e-17 
4.954338e+03 5.249829e-11 5.263290e-11 5.233715e-11 5.134439e-11 5.113923e-11 5.153231e-11 5.061503e-11 5.033207e-11 1.301174e-16 1.225155e-16 1.118490e-16 1.071829e-16 9.854917e-17 9.129354e-17 8.558625e-17 8.138270e-17 
5.187750e+03 5.190167e-11 5.202794e-11 5.175111e-11 5.083274e-11 5.063906e-11 5.100163e-11 5.015478e-11 4.989357e-11 1.286387e-16 1.211073e-16 1.105966e-16 1.061148e-16 9.758531e-17 9.035339e-17 8.480800e-17 8.067370e-17 
5.432367e+03 5.134454e-11 5.146273e-11 5.120410e-11 5.035540e-11 5.017308e-11 5.050724e-11 4.972612e-11 4.948521e-11 1.272578e-16 1.197917e-16 1.094276e-16 1.051184e-16 9.668735e-17 8.947754e-17 8.408316e-17 8.001340e-17 
5.688429e+03 5.082573e-11 5.093616e-11 5.069496e-11 4.991131e-11 4.974013e-11 5.004789e-11 4.932794e-11 4.910592e-11 1.259719e-16 1.185659e-16 1.083395e-16 1.041913e-16 9.585302e-17 8.866377e-17 8.340986e-17 7.940013e-17 
5.956411e+03 5.034343e-11 5.044643e-11 5.022183e-11 4.949883e-11 4.933849e-11 4.962176e-11 4.895864e-11 4.875418e-11 1.247765e-16 1.174260e-16 1.073284e-16 1.033303e-16 9.507903e-17 8.790885e-17 8.278541e-17 7.883140e-17 
6.237030e+03 4.989543e-11 4.999133e-11 4.978253e-11 4.911602e-11 4.896616e-11 4.922672e-11 4.861638e-11 4.842823e-11 1.236662e-16 1.163666e-16 1.063896e-16 1.025311e-16 9.436152e-17 8.720901e-17 8.220668e-17 7.830435e-17 
6.531000e+03 4.947971e-11 4.956885e-11 4.937502e-11 4.876107e-11 4.862130e-11 4.886082e-11 4.829945e-11 4.812642e-11 1.226358e-16 1.153832e-16 1.055187e-16 1.017902e-16 9.369693e-17 8.656078e-17 8.167077e-17 7.781635e-17 
6.838799e+03 4.909461e-11 4.917736e-11 4.899766e-11 4.843253e-11 4.830241e-11 4.852247e-11 4.800645e-11 4.784742e-11 1.216813e-16 1.144719e-16 1.047123e-16 1.011043e-16 9.308241e-17 8.596136e-17 8.117533e-17 7.736524e-17 
7.161140e+03 4.873824e-11 4.881495e-11 4.864857e-11 4.812873e-11 4.800780e-11 4.820986e-11 4.773582e-11 4.758975e-11 1.207981e-16 1.136283e-16 1.039662e-16 1.004701e-16 9.251467e-17 8.540756e-17 8.071772e-17 7.694861e-17 
7.498741e+03 4.840880e-11 4.847981e-11 4.832595e-11 4.784809e-11 4.773587e-11 4.792132e-11 4.748608e-11 4.735199e-11 1.199816e-16 1.128482e-16 1.032768e-16 9.988428e-17 9.199065e-17 8.489638e-17 8.029542e-17 7.656417e-17 
