gain          Noise00      tau00        Noise01      tau01        Noise02      tau02        Noise03      tau03        Noise04      tau04        Noise05      tau05        Noise06      tau06        Noise07      tau07        
-1.000000e+02 1.838957e-10 8.127320e-05 2.276309e-10 1.021109e-04 1.382781e-10 1.806667e-05 1.493480e-10 1.829656e-05 1.287654e-10 3.862764e-05 1.294409e-10 4.040887e-05 1.103659e-10 1.148616e-05 1.105526e-10 6.696383e-10 
-9.000000e+01 1.837329e-10 9.777166e-05 2.342591e-10 1.277253e-04 1.425541e-10 3.096665e-05 1.489034e-10 2.847819e-05 1.319715e-10 5.247529e-05 1.308286e-10 5.180907e-05 1.085498e-10 2.144768e-05 1.090920e-10 1.384041e-05 
-8.000000e+01 1.943629e-10 1.292840e-04 2.346564e-10 1.502177e-04 1.393860e-10 4.054017e-05 1.484951e-10 4.049689e-05 1.271337e-10 6.193863e-05 1.330506e-10 6.917821e-05 1.093107e-10 3.351260e-05 1.071291e-10 2.414287e-05 
-7.000000e+01 1.918860e-10 1.493867e-04 2.292539e-10 1.733109e-04 1.380801e-10 5.496919e-05 1.483297e-10 5.503222e-05 1.317404e-10 8.738472e-05 1.353738e-10 9.098755e-05 1.098114e-10 4.887485e-05 1.081764e-10 3.914613e-05 
-6.000000e+01 1.908933e-10 1.808141e-04 2.400236e-10 2.250767e-04 1.408649e-10 7.704685e-05 1.543587e-10 8.032874e-05 1.338197e-10 1.145206e-04 1.392805e-10 1.197760e-04 1.077893e-10 6.396550e-05 1.076837e-10 5.395002e-05 
-5.000000e+01 1.953566e-10 2.364260e-04 2.416352e-10 2.634854e-04 1.397735e-10 1.008159e-04 1.467002e-10 9.827496e-05 1.324136e-10 1.450171e-04 1.335135e-10 1.450596e-04 1.127731e-10 9.698421e-05 1.080382e-10 7.991664e-05 
-4.000000e+01 1.903044e-10 2.842995e-04 2.450654e-10 3.908198e-04 1.412010e-10 1.479330e-04 1.553030e-10 1.496952e-04 1.319379e-10 1.886039e-04 1.345365e-10 2.002932e-04 1.114565e-10 1.364172e-04 1.088057e-10 1.144460e-04 
-3.000000e+01 1.955693e-10 4.275092e-04 2.218986e-10 4.266502e-04 1.437537e-10 2.189140e-04 1.509989e-10 2.117559e-04 1.348332e-10 2.688563e-04 1.350192e-10 2.772928e-04 1.142885e-10 2.040607e-04 1.143308e-10 1.870129e-04 
-2.000000e+01 1.986896e-10 6.836897e-04 2.422346e-10 7.760581e-04 1.408292e-10 3.380584e-04 1.510553e-10 3.291354e-04 1.434180e-10 4.939845e-04 1.339203e-10 4.369956e-04 1.184295e-10 3.323701e-04 1.174099e-10 3.213848e-04 
-1.000000e+01 2.250464e-10 1.786669e-03 2.106009e-10 1.333892e-03 1.446101e-10 7.410217e-04 1.511754e-10 7.241380e-04 1.444787e-10 9.987918e-04 1.488974e-10 1.066106e-03 1.075820e-10 6.365372e-04 1.137794e-10 7.061736e-04 
-9.000000e+00 2.015964e-10 1.499104e-03 2.356014e-10 1.621081e-03 1.424882e-10 8.099941e-04 1.547964e-10 8.777794e-04 1.403982e-10 1.054309e-03 1.318620e-10 9.749147e-04 1.123236e-10 7.794736e-04 1.065846e-10 6.797845e-04 
-8.000000e+00 2.235234e-10 2.121884e-03 2.346668e-10 2.130280e-03 1.474159e-10 1.002372e-03 1.548988e-10 1.013367e-03 1.553793e-10 1.469408e-03 1.333283e-10 1.196552e-03 1.056739e-10 8.016849e-04 1.068798e-10 7.558510e-04 
-7.000000e+00 2.345596e-10 2.574745e-03 2.306762e-10 2.294166e-03 1.514603e-10 1.164572e-03 1.557717e-10 1.042193e-03 1.592792e-10 1.716526e-03 1.321903e-10 1.356692e-03 1.032175e-10 9.144760e-04 1.195113e-10 1.108448e-03 
-6.000000e+00 2.235913e-10 2.980817e-03 2.645812e-10 3.375234e-03 1.421080e-10 1.229038e-03 1.525374e-10 1.122135e-03 1.599060e-10 1.966317e-03 1.397457e-10 1.651153e-03 1.112550e-10 1.177000e-03 1.097833e-10 1.185820e-03 
-5.000000e+00 2.278964e-10 2.785158e-03 2.092515e-10 2.659174e-03 1.485702e-10 1.623434e-03 1.593956e-10 1.573563e-03 1.450083e-10 1.975646e-03 1.305604e-10 1.845738e-03 1.034740e-10 1.289010e-03 1.067173e-10 1.267087e-03 
-4.000000e+00 2.254431e-10 3.638049e-03 2.624352e-10 5.396962e-03 1.500271e-10 1.966585e-03 1.564831e-10 1.887239e-03 1.629518e-10 3.036393e-03 1.339495e-10 2.683951e-03 1.182040e-10 2.091462e-03 1.011601e-10 1.554598e-03 
-3.000000e+00 2.858468e-10 8.702984e-03 2.197925e-10 4.723208e-03 1.650431e-10 3.389644e-03 1.864259e-10 3.620471e-03 3.424047e-10 2.559781e-02 1.386756e-10 3.900349e-03 1.340491e-10 3.227401e-03 1.082673e-10 2.614891e-03 
-2.000000e+00 3.088664e-10 1.605514e-02 2.725104e-10 9.791574e-03 1.310710e-10 3.173647e-03 2.106582e-10 6.162531e-03 1.766265e-10 6.073341e-03 1.053277e-10 4.602764e-03 1.330331e-10 4.161774e-03 1.023084e-10 4.325193e-03 
-1.000000e+00 2.000256e-10 1.212866e-02 2.642013e-10 1.553914e-02 1.304645e-10 1.277373e-02 3.069618e-10 2.009014e-02 3.036929e-10 2.308904e-02 5.125660e-11 4.383573e-03 2.546744e-10 2.141579e-02 5.116924e-11 3.465075e-03 
1.000000e+00 7.429898e-11 3.884925e-03 2.772859e-10 1.538198e-02 7.950283e-11 3.404085e-03 1.095517e-10 5.772932e-03 8.949325e-11 1.032311e-02 2.931669e-10 2.944639e-02 1.727923e-10 8.692501e-03 1.691699e-10 1.593401e-02 
2.000000e+00 9.594022e-11 2.169435e-03 2.107093e-10 7.310494e-03 1.320395e-10 3.034645e-03 1.487490e-10 3.737373e-03 1.779498e-10 1.126559e-02 1.594529e-10 5.931372e-03 1.534892e-10 6.278561e-03 1.062047e-10 3.473914e-03 
3.000000e+00 1.209966e-10 2.293437e-03 1.972228e-10 3.802040e-03 1.122140e-10 1.710949e-03 1.368463e-10 1.967458e-03 1.172044e-10 2.506763e-03 1.000285e-10 2.057290e-03 1.075816e-10 2.111292e-03 9.729196e-11 1.776033e-03 
4.000000e+00 1.301028e-10 1.586469e-03 1.859628e-10 2.792140e-03 1.048104e-10 1.025944e-03 1.354564e-10 1.315758e-03 9.355880e-11 1.558367e-03 9.344653e-11 1.486457e-03 9.224165e-11 1.335371e-03 1.061299e-10 1.738928e-03 
5.000000e+00 1.267556e-10 1.112144e-03 1.962549e-10 2.678160e-03 1.153790e-10 9.551512e-04 1.379516e-10 1.119705e-03 8.900706e-11 1.003561e-03 8.572760e-11 9.744672e-04 9.014562e-11 1.017516e-03 9.175873e-11 9.857463e-04 
6.000000e+00 1.250861e-10 9.164800e-04 1.698208e-10 1.566715e-03 1.147725e-10 8.672010e-04 1.264555e-10 8.018355e-04 9.499652e-11 1.016192e-03 8.833958e-11 9.086122e-04 8.486972e-11 8.207736e-04 8.675419e-11 7.409133e-04 
7.000000e+00 1.317676e-10 8.267967e-04 1.873652e-10 1.594406e-03 1.037080e-10 5.786626e-04 1.315858e-10 7.354475e-04 9.097334e-11 7.974623e-04 8.687736e-11 7.356779e-04 8.601174e-11 6.799179e-04 8.575342e-11 6.579965e-04 
8.000000e+00 1.294628e-10 7.460340e-04 1.751412e-10 1.243249e-03 1.094340e-10 5.730225e-04 1.313562e-10 6.416057e-04 9.265342e-11 7.585043e-04 8.772845e-11 6.385442e-04 8.008344e-11 5.425733e-04 8.235652e-11 5.194795e-04 
9.000000e+00 1.219624e-10 5.456963e-04 1.793291e-10 1.200918e-03 1.092094e-10 5.007364e-04 1.371020e-10 5.934955e-04 8.638454e-11 5.830170e-04 8.388797e-11 5.347767e-04 8.429772e-11 5.397630e-04 8.097918e-11 4.285608e-04 
1.000000e+01 1.234740e-10 4.936488e-04 1.776321e-10 9.916033e-04 1.115276e-10 4.632181e-04 1.258761e-10 4.664052e-04 8.748821e-11 5.088704e-04 8.402092e-11 4.629531e-04 7.962308e-11 4.179431e-04 8.321476e-11 4.282473e-04 
2.000000e+01 1.274855e-10 2.513073e-04 1.840830e-10 5.248420e-04 1.106160e-10 1.911908e-04 1.238383e-10 2.035736e-04 8.699173e-11 2.274810e-04 8.888343e-11 2.330229e-04 8.028682e-11 1.777613e-04 8.170971e-11 1.669530e-04 
3.000000e+01 1.230076e-10 1.410520e-04 1.694660e-10 3.075207e-04 1.077494e-10 1.083653e-04 1.263310e-10 1.253577e-04 8.861784e-11 1.366717e-04 8.867958e-11 1.322797e-04 8.286930e-11 1.075873e-04 8.135098e-11 9.312769e-05 
4.000000e+01 1.222184e-10 8.825079e-05 1.695878e-10 2.076014e-04 1.082674e-10 6.639033e-05 1.255157e-10 7.833151e-05 8.567446e-11 8.108751e-05 8.899543e-11 8.530808e-05 8.141755e-11 6.271137e-05 8.108978e-11 5.400229e-05 
5.000000e+01 1.221032e-10 5.930300e-05 1.679480e-10 1.590252e-04 1.051769e-10 3.786438e-05 1.236265e-10 4.901082e-05 8.465788e-11 5.090865e-05 8.768502e-11 5.421462e-05 8.279116e-11 3.947809e-05 7.999908e-11 2.883481e-05 
6.000000e+01 1.226851e-10 3.946144e-05 1.664017e-10 1.197115e-04 1.075682e-10 2.087635e-05 1.240632e-10 2.959823e-05 8.591189e-11 3.367461e-05 8.547818e-11 3.171515e-05 8.369561e-11 2.208888e-05 8.074691e-11 9.456591e-06 
7.000000e+01 1.247753e-10 2.490298e-05 1.668019e-10 9.617573e-05 1.104136e-10 5.073398e-10 1.235058e-10 1.433542e-05 8.634050e-11 1.831464e-05 8.796912e-11 1.880553e-05 8.410146e-11 2.376391e-10 8.544194e-11 1.397671e-09 
8.000000e+01 1.265498e-10 1.181684e-05 1.649082e-10 7.595868e-05 1.221149e-10 4.160771e-09 1.307402e-10 4.038998e-10 8.810214e-11 8.931229e-09 8.890961e-11 7.553127e-09 8.978003e-11 1.418633e-09 6.419953e-11 5.235472e-10 
9.000000e+01 1.330153e-10 2.694467e-09 1.660126e-10 6.126825e-05 9.281736e-11 8.792343e-10 1.401535e-10 1.047161e-09 9.525805e-11 5.898914e-10 9.551197e-11 1.633148e-10 7.641064e-11 6.355924e-10 6.801155e-11 3.765096e-09 
1.000000e+02 1.484057e-10 1.673343e-09 1.658334e-10 4.983890e-05 9.296031e-11 1.517899e-09 9.996963e-11 1.241608e-10 1.045164e-10 7.683645e-10 1.085758e-10 4.803276e-10 7.414312e-11 3.694320e-09 9.161334e-11 1.042355e-09 
