time         dI           resid
0.000000e+00 4.359385e-03 4.359385e+00
3.200000e-01 8.106568e-03 8.106568e+00
6.400000e-01 4.847670e-02 2.195227e+01
9.600000e-01 1.546233e-01 1.075150e+01
1.280000e+00 2.532028e-01 6.519077e+00
1.600000e+00 3.199737e-01 -1.678716e+01
1.920000e+00 3.850696e-01 -3.061078e+01
2.240000e+00 4.547368e-01 -3.008764e+01
2.560000e+00 5.238929e-01 -2.151105e+01
2.880000e+00 5.995952e-01 1.115532e+00
3.200000e+00 6.609155e-01 1.593438e+01
3.520000e+00 6.959016e-01 1.017892e+01
3.840000e+00 7.312698e-01 9.852118e+00
4.160000e+00 7.525140e-01 -1.773052e-01
4.480000e+00 7.772650e-01 -2.826093e+00
4.800000e+00 8.064782e-01 2.381177e+00
5.120000e+00 8.256138e-01 4.843025e-01
5.440000e+00 8.570270e-01 1.347029e+01
5.760000e+00 8.705435e-01 1.084208e+01
6.080000e+00 8.892535e-01 1.540715e+01
6.400000e+00 8.924464e-01 6.207185e+00
6.720000e+00 8.914485e-01 -5.648501e+00
7.040000e+00 9.091516e-01 2.541704e+00
7.360000e+00 9.177105e-01 2.766080e+00
7.680000e+00 9.203750e-01 -1.871615e+00
8.000000e+00 9.332515e-01 4.607184e+00
8.320000e+00 9.382275e-01 3.977963e+00
8.640000e+00 9.509111e-01 1.175063e+01
8.960000e+00 9.484427e-01 4.979587e+00
9.280000e+00 9.458431e-01 -1.389722e+00
9.600000e+00 9.496098e-01 -9.256884e-01
9.920000e+00 9.635390e-01 1.010983e+01
1.024000e+01 9.627511e-01 6.786654e+00
1.056000e+01 9.636489e-01 5.463298e+00
1.088000e+01 9.673078e-01 7.176090e+00
1.120000e+01 9.632603e-01 1.423574e+00
1.152000e+01 9.609304e-01 -2.400057e+00
1.184000e+01 9.673324e-01 2.693154e+00
1.216000e+01 9.733947e-01 7.608713e+00
1.248000e+01 9.674632e-01 6.725663e-01
1.280000e+01 9.699751e-01 2.304323e+00
1.312000e+01 9.631491e-01 -5.292836e+00
1.344000e+01 9.657364e-01 -3.381246e+00
1.376000e+01 9.690141e-01 -6.954451e-01
1.408000e+01 9.693829e-01 -8.452833e-01
1.440000e+01 9.701673e-01 -5.153374e-01
1.472000e+01 9.649810e-01 -6.099735e+00
1.504000e+01 9.709315e-01 -4.979975e-01
1.536000e+01 9.741169e-01 2.381826e+00
1.568000e+01 9.708420e-01 -1.160886e+00
1.600000e+01 9.682458e-01 -3.991641e+00
1.632000e+01 9.673058e-01 -5.137155e+00
1.664000e+01 9.731084e-01 4.853704e-01
1.696000e+01 9.693955e-01 -3.385292e+00
1.728000e+01 9.759262e-01 3.007242e+00
1.760000e+01 9.769527e-01 3.912658e+00
1.792000e+01 9.719169e-01 -1.229240e+00
1.824000e+01 9.776315e-01 4.392397e+00
1.856000e+01 9.751966e-01 1.876008e+00
1.888000e+01 9.690431e-01 -4.348854e+00
1.920000e+01 9.773018e-01 3.847325e+00
1.952000e+01 9.776136e-01 4.104353e+00
1.984000e+01 9.815996e-01 8.042360e+00
2.016000e+01 9.700566e-01 -3.542617e+00
2.048000e+01 9.710962e-01 -2.539899e+00
2.080000e+01 9.721084e-01 -1.559928e+00
2.112000e+01 9.654275e-01 -8.269116e+00
2.144000e+01 9.659246e-01 -7.796829e+00
2.176000e+01 9.716308e-01 -2.112305e+00
2.208000e+01 9.789921e-01 5.229942e+00
2.240000e+01 9.743576e-01 5.788370e-01
2.272000e+01 9.731024e-01 -6.909990e-01
2.304000e+01 9.678594e-01 -5.946826e+00
2.336000e+01 9.729179e-01 -8.995144e-01
2.368000e+01 9.780151e-01 4.187893e+00
2.400000e+01 9.843503e-01 1.051453e+01
2.432000e+01 9.757213e-01 1.877948e+00
2.464000e+01 9.679578e-01 -5.892175e+00
2.496000e+01 9.744435e-01 5.877702e-01
2.528000e+01 9.732733e-01 -5.874927e-01
2.560000e+01 9.749009e-01 1.035630e+00
2.592000e+01 9.644481e-01 -9.421040e+00
2.624000e+01 9.669103e-01 -6.962274e+00
2.656000e+01 9.716171e-01 -2.258401e+00
2.688000e+01 9.742224e-01 3.442633e-01
2.720000e+01 9.776775e-01 3.797118e+00
2.752000e+01 9.795896e-01 5.707163e+00
2.784000e+01 9.676843e-01 -6.199848e+00
2.816000e+01 9.704243e-01 -3.461449e+00
2.848000e+01 9.740371e-01 1.500515e-01
2.880000e+01 9.740421e-01 1.537887e-01
2.912000e+01 9.671440e-01 -6.745322e+00
2.944000e+01 9.670637e-01 -6.826517e+00
2.976000e+01 9.689070e-01 -4.983983e+00
3.008000e+01 9.656567e-01 -8.234967e+00
3.040000e+01 9.678269e-01 -6.065440e+00
3.072000e+01 9.632470e-01 -1.064588e+01
3.104000e+01 9.701193e-01 -3.774030e+00
3.136000e+01 9.823672e-01 8.473447e+00
3.168000e+01 9.760827e-01 2.188610e+00
3.200000e+01 9.785826e-01 4.688193e+00
3.232000e+01 9.792192e-01 5.324557e+00
3.264000e+01 9.752459e-01 1.350950e+00
3.296000e+01 9.810224e-01 7.127248e+00
3.328000e+01 9.756274e-01 1.732061e+00
3.360000e+01 9.786102e-01 4.714751e+00
3.392000e+01 9.796135e-01 5.717832e+00
3.424000e+01 9.686083e-01 -5.287489e+00
3.456000e+01 9.725208e-01 -1.375085e+00
3.488000e+01 9.698922e-01 -4.003753e+00
3.520000e+01 9.728456e-01 -1.050425e+00
3.552000e+01 9.712222e-01 -2.673960e+00
3.584000e+01 9.658053e-01 -8.090923e+00
3.616000e+01 9.773979e-01 3.501651e+00
3.648000e+01 9.727609e-01 -1.135385e+00
3.680000e+01 9.701342e-01 -3.762114e+00
3.712000e+01 9.770251e-01 3.128705e+00
3.744000e+01 9.697642e-01 -4.132212e+00
3.776000e+01 9.753788e-01 1.482382e+00
3.808000e+01 9.699655e-01 -3.930934e+00
3.840000e+01 9.789428e-01 5.046307e+00
3.872000e+01 9.718406e-01 -2.055908e+00
3.904000e+01 9.823479e-01 8.451391e+00
3.936000e+01 9.711547e-01 -2.741869e+00
3.968000e+01 9.781104e-01 4.213844e+00
4.000000e+01 9.733807e-01 -5.159068e-01
4.032000e+01 9.709980e-01 -2.898542e+00
4.064000e+01 9.638641e-01 -1.003248e+01
4.096000e+01 9.674857e-01 -6.410866e+00
4.128000e+01 9.680262e-01 -5.870347e+00
4.160000e+01 9.705931e-01 -3.303535e+00
4.192000e+01 9.783698e-01 4.473184e+00
4.224000e+01 9.667789e-01 -7.117729e+00
4.256000e+01 9.644950e-01 -9.401619e+00
4.288000e+01 9.714716e-01 -2.424983e+00
4.320000e+01 9.739145e-01 1.791568e-02
4.352000e+01 9.796886e-01 5.791963e+00
4.384000e+01 9.801555e-01 6.258923e+00
4.416000e+01 9.734819e-01 -4.147741e-01
4.448000e+01 9.880668e-01 1.417022e+01
4.480000e+01 9.724311e-01 -1.465485e+00
4.512000e+01 9.759411e-01 2.044443e+00
4.544000e+01 9.767264e-01 2.829766e+00
4.576000e+01 9.756572e-01 1.760523e+00
4.608000e+01 9.785053e-01 4.608716e+00
4.640000e+01 9.753722e-01 1.475538e+00
4.672000e+01 9.715906e-01 -2.306007e+00
4.704000e+01 9.769678e-01 3.071198e+00
4.736000e+01 9.747505e-01 8.538217e-01
4.768000e+01 9.662088e-01 -7.687807e+00
4.800000e+01 9.635398e-01 -1.035681e+01
4.832000e+01 9.718540e-01 -2.042595e+00
4.864000e+01 9.672619e-01 -6.634723e+00
4.896000e+01 9.720669e-01 -1.829780e+00
4.928000e+01 9.745597e-01 6.630652e-01
4.960000e+01 9.716753e-01 -2.221377e+00
4.992000e+01 9.747330e-01 8.363511e-01
5.024000e+01 9.722283e-01 -1.668386e+00
5.056000e+01 9.653866e-01 -8.510037e+00
5.088000e+01 9.659247e-01 -7.971973e+00
5.120000e+01 9.762337e-01 2.337044e+00
5.152000e+01 9.726796e-01 -1.217006e+00
5.184000e+01 9.775003e-01 3.603682e+00
5.216000e+01 9.774247e-01 3.528069e+00
5.248000e+01 9.751006e-01 1.203999e+00
5.280000e+01 9.753301e-01 1.433462e+00
5.312000e+01 9.731813e-01 -7.153536e-01
5.344000e+01 9.754676e-01 1.570992e+00
5.376000e+01 9.717013e-01 -2.195381e+00
5.408000e+01 9.735377e-01 -3.589400e-01
5.440000e+01 9.696111e-01 -4.285560e+00
5.472000e+01 9.663357e-01 -7.560941e+00
5.504000e+01 9.740283e-01 1.316414e-01
5.536000e+01 9.744159e-01 5.192187e-01
5.568000e+01 9.753350e-01 1.438382e+00
5.600000e+01 9.712655e-01 -2.631098e+00
5.632000e+01 9.685214e-01 -5.375221e+00
5.664000e+01 9.697594e-01 -4.137204e+00
5.696000e+01 9.711664e-01 -2.730248e+00
5.728000e+01 9.742340e-01 3.374034e-01
5.760000e+01 9.769158e-01 3.019199e+00
5.792000e+01 9.705479e-01 -3.348764e+00
5.824000e+01 9.725259e-01 -1.370775e+00
5.856000e+01 9.711265e-01 -2.770186e+00
5.888000e+01 9.764591e-01 2.562488e+00
5.920000e+01 9.736318e-01 -2.648752e-01
5.952000e+01 9.681667e-01 -5.729913e+00
5.984000e+01 9.757931e-01 1.896488e+00
6.016000e+01 9.734546e-01 -4.420159e-01
6.048000e+01 9.759074e-01 2.010809e+00
6.080000e+01 9.683530e-01 -5.543669e+00
6.112000e+01 9.650194e-01 -8.877277e+00
6.144000e+01 9.671543e-01 -6.742322e+00
6.176000e+01 9.711515e-01 -2.745092e+00
6.208000e+01 9.659539e-01 -7.942696e+00
6.240000e+01 9.724416e-01 -1.454999e+00
6.272000e+01 9.656415e-01 -8.255153e+00
6.304000e+01 9.675868e-01 -6.309885e+00
6.336000e+01 9.725441e-01 -1.352569e+00
6.368000e+01 9.668714e-01 -7.025255e+00
6.400000e+01 9.761565e-01 2.259872e+00
6.432000e+01 9.764505e-01 2.553877e+00
6.464000e+01 9.757544e-01 1.857779e+00
6.496000e+01 9.703414e-01 -3.555264e+00
6.528000e+01 9.714767e-01 -2.419924e+00
6.560000e+01 9.645448e-01 -9.351867e+00
6.592000e+01 9.696513e-01 -4.245293e+00
6.624000e+01 9.664309e-01 -7.465728e+00
6.656000e+01 9.819280e-01 8.031380e+00
6.688000e+01 9.783818e-01 4.485203e+00
6.720000e+01 9.749645e-01 1.067863e+00
6.752000e+01 9.694795e-01 -4.417185e+00
6.784000e+01 9.783802e-01 4.483563e+00
6.816000e+01 9.716218e-01 -2.274849e+00
6.848000e+01 9.709274e-01 -2.969224e+00
6.880000e+01 9.739435e-01 4.684328e-02
6.912000e+01 9.756307e-01 1.734109e+00
6.944000e+01 9.746402e-01 7.435968e-01
6.976000e+01 9.774890e-01 3.592364e+00
7.008000e+01 9.762835e-01 2.386905e+00
7.040000e+01 9.738225e-01 -7.412088e-02
7.072000e+01 9.770479e-01 3.151235e+00
7.104000e+01 9.716912e-01 -2.205468e+00
7.136000e+01 9.789950e-01 5.098389e+00
7.168000e+01 9.758745e-01 1.977841e+00
7.200000e+01 9.734985e-01 -3.981408e-01
7.232000e+01 9.762528e-01 2.356152e+00
7.264000e+01 9.780623e-01 4.165693e+00
7.296000e+01 9.794731e-01 5.576423e+00
7.328000e+01 9.775842e-01 3.687578e+00
7.360000e+01 9.716188e-01 -2.277801e+00
7.392000e+01 9.696978e-01 -4.198794e+00
7.424000e+01 9.726316e-01 -1.265064e+00
7.456000e+01 9.657637e-01 -8.132958e+00
7.488000e+01 9.748430e-01 9.464066e-01
7.520000e+01 9.769451e-01 3.048477e+00
7.552000e+01 9.808612e-01 6.964517e+00
7.584000e+01 9.728392e-01 -1.057416e+00
7.616000e+01 9.737857e-01 -1.109432e-01
7.648000e+01 9.715621e-01 -2.334552e+00
7.680000e+01 9.795118e-01 5.615131e+00
7.712000e+01 9.745563e-01 6.597010e-01
7.744000e+01 9.715265e-01 -2.370144e+00
7.776000e+01 9.767536e-01 2.856984e+00
7.808000e+01 9.794760e-01 5.579375e+00
7.840000e+01 9.772003e-01 3.303691e+00
7.872000e+01 9.718323e-01 -2.064330e+00
7.904000e+01 9.805114e-01 6.614746e+00
7.936000e+01 9.774323e-01 3.535696e+00
7.968000e+01 9.697459e-01 -4.150736e+00
8.000000e+01 9.715630e-01 -2.333649e+00
8.032000e+01 9.796577e-01 5.761108e+00
8.064000e+01 9.795857e-01 5.689022e+00
8.096000e+01 9.816293e-01 7.732701e+00
8.128000e+01 9.751408e-01 1.244183e+00
8.160000e+01 9.759974e-01 2.100774e+00
8.192000e+01 9.847906e-01 1.089393e+01
8.224000e+01 9.718790e-01 -2.017666e+00
8.256000e+01 9.748165e-01 9.198355e-01
8.288000e+01 9.730188e-01 -8.778150e-01
8.320000e+01 9.715720e-01 -2.324628e+00
8.352000e+01 9.805172e-01 6.620569e+00
8.384000e+01 9.765625e-01 2.665902e+00
8.416000e+01 9.777876e-01 3.890961e+00
8.448000e+01 9.740617e-01 1.650191e-01
8.480000e+01 9.748515e-01 9.548536e-01
8.512000e+01 9.691506e-01 -4.746044e+00
8.544000e+01 9.769805e-01 3.083823e+00
8.576000e+01 9.737881e-01 -1.085649e-01
8.608000e+01 9.763875e-01 2.490893e+00
8.640000e+01 9.786096e-01 4.712944e+00
8.672000e+01 9.800601e-01 6.163447e+00
8.704000e+01 9.804164e-01 6.519779e+00
8.736000e+01 9.800548e-01 6.158117e+00
8.768000e+01 9.742007e-01 3.040254e-01
8.800000e+01 9.635266e-01 -1.037002e+01
8.832000e+01 9.665663e-01 -7.330330e+00
8.864000e+01 9.714320e-01 -2.464619e+00
8.896000e+01 9.708898e-01 -3.006866e+00
8.928000e+01 9.780770e-01 4.180373e+00
8.960000e+01 9.712333e-01 -2.663328e+00
8.992000e+01 9.768875e-01 2.990906e+00
9.024000e+01 9.742724e-01 3.757838e-01
9.056000e+01 9.792826e-01 5.385914e+00
9.088000e+01 9.835525e-01 9.655908e+00
9.120000e+01 9.711578e-01 -2.738859e+00
9.152000e+01 9.715554e-01 -2.341276e+00
9.184000e+01 9.749547e-01 1.058104e+00
9.216000e+01 9.705567e-01 -3.339907e+00
9.248000e+01 9.743929e-01 4.962559e-01
9.280000e+01 9.713911e-01 -2.505542e+00
9.312000e+01 9.768852e-01 2.988610e+00
9.344000e+01 9.771246e-01 3.227996e+00
9.376000e+01 9.723076e-01 -1.589002e+00
9.408000e+01 9.778512e-01 3.954601e+00
9.440000e+01 9.824062e-01 8.509578e+00
