A1a          A1b          A2a          A2b          
5.950861e-04 -6.792261e-04 -2.861340e-04 6.939702e-04 
-8.078887e-04 -6.309745e-04 1.755090e-03 1.621614e-03 
-6.945864e-05 -1.898564e-03 -8.129087e-04 1.202585e-04 
2.527462e-04 -2.100738e-04 -5.079112e-04 -4.889696e-04 
1.749533e-04 -6.410975e-04 -2.798155e-04 6.198005e-04 
-2.676907e-04 -8.792504e-04 2.813310e-04 4.089197e-05 
4.597534e-04 3.918000e-04 -8.164167e-04 -6.481578e-04 
NaN NaN NaN NaN 
4.228324e-04 -4.232290e-04 4.284320e-04 -7.163094e-04 
2.270967e-04 -1.938164e-03 -6.969547e-04 6.725751e-04 
2.300116e-04 -5.200168e-04 -1.126585e-03 7.431226e-05 
-4.345429e-04 -9.488084e-05 1.282841e-04 -4.002660e-04 
4.410282e-04 -7.971761e-04 -3.136856e-04 1.415426e-04 
-5.041461e-04 -6.701687e-04 -1.501902e-04 -1.913979e-05 
6.882255e-04 3.089752e-04 -1.039760e-03 -7.426008e-04 
-8.315974e-04 1.198606e-03 -6.721529e-04 -1.059417e-03 
8.821496e-04 -1.309217e-03 -1.643874e-05 1.239729e-03 
-1.801440e-05 1.664355e-05 -4.432070e-04 -7.316647e-04 
-4.268934e-04 3.415587e-04 -2.886597e-04 -2.578445e-04 
6.975295e-04 7.410327e-04 -4.139171e-04 -1.965718e-04 
-9.453135e-05 -1.438779e-04 -2.004450e-05 3.112927e-04 
8.092147e-04 1.603323e-04 -5.016435e-05 9.166234e-05 
-1.575224e-03 3.941002e-04 8.681633e-04 -1.112912e-03 
NaN NaN NaN NaN 
5.945765e-04 3.518116e-04 -4.602324e-04 6.289621e-04 
-1.488216e-04 2.598563e-03 -5.303551e-04 -2.582459e-03 
1.911865e-03 3.222117e-04 -2.158091e-03 -3.393433e-05 
-9.092743e-04 9.733716e-04 8.457241e-04 -1.660353e-03 
2.006548e-03 -1.974877e-03 -9.051596e-04 -9.212447e-04 
3.102120e-03 -2.899471e-03 -1.519227e-03 -4.336811e-03 
1.422782e-03 1.775365e-05 -8.009054e-04 -1.582175e-03 
1.957385e-03 -1.086339e-03 -3.827055e-04 -9.838350e-04 
NaN NaN NaN NaN 
-4.840715e-04 2.601998e-04 -3.143511e-04 -6.021157e-04 
-1.448783e-03 -1.254664e-03 5.764059e-04 6.714249e-04 
-8.222316e-04 7.668676e-04 3.316221e-04 -5.254328e-04 
6.459996e-04 7.321324e-04 -1.283917e-03 -7.468138e-04 
8.916807e-04 -2.147370e-04 -5.619889e-04 6.996035e-04 
2.032793e-04 5.005620e-04 -7.583646e-04 -2.598880e-04 
1.823347e-04 -3.761242e-04 1.467004e-04 8.525951e-04 
1.039244e-03 -3.144079e-04 -7.325920e-04 3.697659e-04 
NaN NaN NaN NaN 
-9.455407e-04 -7.386201e-04 4.010680e-04 8.415260e-04 
-1.738957e-03 -4.710326e-04 2.434905e-05 2.672125e-04 
9.218093e-04 -1.246325e-04 -1.795443e-03 4.074992e-04 
-1.166168e-03 -3.813915e-04 1.560751e-03 4.620928e-04 
-1.240738e-03 1.208779e-03 -1.035809e-04 -1.105288e-03 
2.222508e-04 4.423597e-04 -5.277905e-04 6.159996e-04 
2.404740e-04 6.519101e-04 -4.896670e-04 -1.456736e-03 
NaN NaN NaN NaN 
-8.991329e-04 -3.738261e-04 5.981067e-04 8.565134e-04 
NaN NaN NaN NaN 
-1.327203e-03 6.130790e-04 -5.884284e-04 -4.672459e-04 
3.733356e-04 -1.058678e-03 3.555548e-04 3.350758e-04 
-4.307992e-04 1.275304e-03 -6.513301e-04 -8.766371e-05 
-1.059964e-03 -1.093042e-03 1.250110e-03 1.359721e-03 
-1.147820e-03 7.334876e-04 -1.252561e-04 -1.554233e-03 
4.374896e-04 1.011836e-03 -8.194877e-04 -8.155786e-04 
-1.774382e-03 1.537976e-03 1.377834e-03 -4.136672e-04 
3.243911e-04 -1.673144e-04 7.072775e-05 6.411212e-05 
1.643098e-03 -1.005735e-03 -7.821104e-04 -2.936186e-03 
NaN NaN NaN NaN 
2.076144e-03 -1.343475e-03 -9.235007e-04 -1.980459e-03 
-2.941556e-05 -2.186071e-03 9.663426e-04 4.926503e-04 
NaN NaN NaN NaN 
-8.606395e-04 3.329980e-04 1.244701e-03 1.209126e-03 
-2.737762e-04 2.532224e-04 -1.716316e-04 1.021970e-03 
6.902620e-04 1.480345e-04 -6.715167e-05 8.866971e-04 
3.146622e-03 -3.199570e-03 -3.502466e-04 -2.353217e-03 
-1.811286e-04 7.420739e-04 3.740949e-04 3.042190e-04 
2.806867e-04 -5.136573e-04 -4.201884e-04 3.671993e-04 
1.025223e-03 -4.121905e-04 -2.538554e-04 5.433052e-04 
7.396771e-04 3.830765e-04 -2.676060e-04 -7.315307e-04 
-3.963823e-05 -1.878477e-05 -5.574494e-04 1.068692e-04 
3.028778e-04 9.872981e-04 -6.417367e-04 -5.284177e-04 
8.642208e-04 -6.364131e-04 -1.026466e-03 3.197292e-04 
2.032736e-04 -1.166792e-03 7.607453e-04 2.087259e-03 
-8.050077e-04 -8.323623e-04 1.421779e-05 1.329921e-04 
-1.003708e-03 -5.497360e-05 3.870254e-04 1.613787e-04 
-5.499394e-04 1.256408e-05 3.810528e-04 -8.671426e-04 
1.594191e-03 -6.168639e-04 -8.818600e-04 5.577546e-04 
-1.830265e-04 -3.015298e-04 -7.055168e-04 5.832042e-04 
-1.016823e-03 -5.007971e-04 1.295864e-04 1.786651e-04 
2.740246e-03 1.588627e-03 -2.499645e-03 -3.699495e-04 
4.995639e-04 -6.719881e-04 9.162298e-04 9.819468e-04 
NaN NaN NaN NaN 
-6.435163e-05 -1.102793e-03 1.492880e-04 1.926169e-03 
NaN NaN NaN NaN 
-2.438128e-04 -1.074151e-03 -1.653735e-05 8.439847e-04 
2.122690e-04 7.002579e-04 3.319018e-05 2.915362e-04 
1.846761e-03 5.566302e-04 -1.665375e-03 -3.089346e-04 
5.444385e-04 5.533310e-04 7.721677e-04 -2.669745e-04 
1.183200e-04 -1.368059e-04 -3.350893e-04 -2.118293e-04 
1.030841e-03 -4.882679e-04 -5.290272e-04 5.113780e-04 
NaN NaN NaN NaN 
-2.645509e-04 6.093340e-04 -2.352071e-04 -5.107445e-04 
NaN NaN NaN NaN 
NaN NaN NaN NaN 
1.871495e-04 -1.017069e-04 -1.040119e-03 6.297177e-04 
-1.329619e-03 1.572442e-03 8.970229e-04 -9.431622e-04 
1.774683e-03 -4.945635e-04 -7.371782e-04 6.387889e-04 
-2.886807e-05 -1.467743e-04 6.457905e-04 9.732966e-05 
2.032821e-04 -6.651124e-04 3.281819e-04 5.415414e-04 
5.773801e-04 -3.969856e-04 1.549232e-04 7.487807e-04 
-3.890817e-04 2.429733e-04 -1.292139e-04 3.820854e-04 
NaN NaN NaN NaN 
7.791445e-04 -8.003871e-04 -3.306146e-04 -7.206475e-04 
NaN NaN NaN NaN 
-9.224939e-04 6.817847e-04 1.933301e-03 5.605517e-04 
4.935459e-04 7.639415e-04 -3.697538e-04 -1.124198e-03 
-5.292554e-04 -3.491981e-04 -1.875720e-04 1.371314e-03 
NaN NaN NaN NaN 
9.604772e-04 -6.415471e-04 1.152690e-05 7.574047e-04 
NaN NaN NaN NaN 
3.769407e-04 9.183892e-04 -1.418845e-04 -1.604944e-03 
NaN NaN NaN NaN 
-2.688875e-05 1.225980e-04 -4.225292e-04 -1.953824e-04 
2.180969e-04 1.237966e-03 -3.913764e-04 -1.314551e-03 
7.553279e-04 4.204491e-04 -3.890611e-04 1.220384e-03 
7.238738e-04 -4.083105e-04 -1.104313e-03 4.033040e-04 
4.001088e-05 -1.205628e-03 -8.497448e-04 7.149020e-04 
-6.600744e-04 7.174286e-05 4.576850e-04 -1.998169e-04 
-6.315392e-04 1.542994e-04 3.723049e-04 -2.529276e-04 
1.252757e-03 8.080757e-04 -1.884208e-03 -2.033466e-04 
1.774768e-03 -6.194403e-04 -1.211495e-03 6.772562e-04 
1.050318e-03 -2.036233e-04 -5.828976e-04 -1.983415e-04 
-1.341845e-04 2.996253e-04 1.329703e-03 -4.495929e-04 
NaN NaN NaN NaN 
1.175761e-03 4.296665e-04 -4.383409e-04 -1.320532e-03 
-1.961713e-04 -2.688773e-04 -6.360177e-04 6.207738e-04 
3.869132e-04 4.346186e-04 -7.888356e-04 -9.956986e-05 
NaN NaN NaN NaN 
NaN NaN NaN NaN 
NaN NaN NaN NaN 
NaN NaN NaN NaN 
2.025879e-03 -2.938756e-04 -1.479058e-03 1.601473e-04 
NaN NaN NaN NaN 
NaN NaN NaN NaN 
5.745794e-04 9.725968e-05 -7.812627e-04 1.755792e-04 
6.181791e-04 -7.911158e-04 -5.782815e-04 1.957564e-03 
5.708922e-04 -1.006887e-03 -5.199985e-04 7.034869e-04 
4.008946e-04 -1.013812e-03 -3.083904e-04 8.564065e-04 
NaN NaN NaN NaN 
-1.242311e-05 1.462323e-03 1.324682e-04 -1.455959e-03 
4.659134e-04 -6.000169e-04 -2.789144e-04 7.992330e-04 
-7.050018e-04 6.100376e-04 1.427116e-03 -5.392133e-04 
7.227090e-04 2.647097e-04 9.015782e-05 -1.779885e-03 
-1.014479e-04 -1.775613e-04 -3.382919e-04 3.591560e-04 
-9.601543e-05 2.326730e-04 -2.407120e-04 6.102271e-04 
-7.981872e-04 5.351216e-04 3.435886e-04 -1.189757e-03 
5.613804e-04 -1.157310e-04 -1.304887e-03 -4.983035e-04 
NaN NaN NaN NaN 
6.018496e-04 3.496558e-04 -1.331672e-04 -1.263998e-04 
-4.727789e-04 -1.234729e-03 2.366328e-05 8.428125e-04 
6.382172e-04 -3.903485e-04 -1.876553e-04 2.379032e-04 
6.412920e-04 -6.096084e-04 -1.027483e-03 1.053659e-03 
-5.738749e-04 1.660454e-03 1.959458e-04 -5.217049e-04 
8.736636e-04 -1.370235e-04 -3.189965e-04 3.592161e-04 
-7.257642e-04 -2.756701e-04 2.250126e-03 3.084379e-04 
NaN NaN NaN NaN 
5.032576e-04 3.621897e-04 2.562216e-04 -8.361046e-04 
1.257351e-04 8.620821e-04 -8.771851e-04 -1.047824e-03 
NaN NaN NaN NaN 
4.087604e-04 -1.131930e-04 -3.923919e-04 -3.444599e-04 
7.416575e-04 -1.976189e-03 1.121374e-03 1.790959e-03 
-4.306558e-04 5.992647e-04 2.140087e-04 -7.339094e-05 
NaN NaN NaN NaN 
5.384163e-05 -4.449800e-04 -3.591364e-05 4.876573e-04 
1.842849e-03 5.950213e-04 -4.046326e-04 9.840752e-05 
NaN NaN NaN NaN 
NaN NaN NaN NaN 
NaN NaN NaN NaN 
-3.061761e-04 -4.358991e-04 1.219578e-04 2.266706e-04 
6.668456e-04 1.185612e-04 4.964824e-04 4.814039e-04 
2.855232e-04 1.627549e-03 2.351047e-04 -5.817181e-04 
3.594255e-04 7.004918e-04 -5.673044e-04 -2.899191e-04 
-7.571238e-04 -2.814989e-04 -2.846257e-04 1.145801e-03 
1.079948e-03 1.140327e-03 -1.588114e-03 -2.532343e-04 
3.739659e-04 2.656929e-04 -3.882198e-04 -3.656998e-04 
1.843913e-03 -5.297712e-04 -7.664431e-04 7.432419e-04 
-5.962356e-04 -1.312346e-04 9.335723e-04 -3.220468e-04 
-5.108876e-04 1.051441e-04 3.162044e-04 1.611019e-05 
-1.489057e-03 -1.896653e-03 1.605102e-03 3.172219e-03 
-1.038254e-03 -3.571916e-04 1.471193e-03 1.338508e-03 
5.602116e-04 7.403753e-04 -6.534378e-04 -2.829345e-04 
-1.253281e-04 -7.221319e-06 -3.301909e-04 1.475242e-03 
-8.379514e-04 -1.230058e-04 8.338820e-04 -3.126989e-04 
9.859492e-05 4.585847e-04 4.742706e-04 -5.422826e-04 
2.897137e-04 -2.920505e-04 -3.432872e-04 3.388297e-04 
3.807991e-04 -1.538459e-04 -6.360475e-05 5.578696e-04 
1.443002e-03 -1.166506e-03 -1.681577e-03 7.170861e-04 
NaN NaN NaN NaN 
1.440123e-03 -9.178404e-04 -1.579666e-03 -4.401849e-04 
1.571220e-03 -5.508692e-04 -7.172644e-04 -1.377872e-03 
8.509883e-04 -8.533638e-04 -2.032942e-03 -1.272631e-03 
-6.764041e-05 -3.404236e-04 -1.190356e-03 -1.088762e-03 
2.825561e-03 -5.992476e-04 -1.484484e-03 -2.106879e-03 
NaN NaN NaN NaN 
1.264691e-03 7.655654e-04 -1.067276e-03 -2.572523e-03 
1.237656e-03 1.094621e-03 -1.955960e-03 -1.112921e-03 
-4.802843e-04 1.237254e-03 -1.029198e-03 -7.718777e-04 
2.716595e-04 8.369075e-04 3.099967e-04 5.756201e-04 
-2.037838e-03 2.486127e-03 3.661324e-04 -1.193358e-03 
NaN NaN NaN NaN 
2.284603e-04 -1.003672e-04 2.886109e-04 -2.707828e-05 
-3.032338e-04 -6.427923e-04 7.950720e-04 4.655586e-04 
3.828816e-04 8.878983e-04 -2.026650e-03 2.855147e-05 
-9.983660e-05 5.828399e-04 -1.669456e-03 1.751169e-04 
-8.062807e-04 4.518549e-05 -3.166937e-04 5.386614e-04 
NaN NaN NaN NaN 
-4.745735e-04 -3.183036e-04 -3.454256e-04 4.856606e-04 
-1.205970e-04 1.284382e-04 -7.541039e-04 5.161510e-04 
6.520265e-04 8.730309e-04 -6.137012e-04 2.233017e-04 
NaN NaN NaN NaN 
-6.864742e-04 3.505032e-04 -5.712594e-04 1.614099e-04 
7.825915e-04 7.041508e-04 -7.986016e-04 -7.509910e-04 
5.386266e-04 -3.310550e-04 -9.182172e-04 4.309691e-04 
1.551151e-03 4.506332e-04 -1.368498e-03 5.540668e-04 
1.601597e-04 -6.156800e-05 -3.413376e-04 -2.542255e-04 
-7.142703e-04 1.900028e-04 -4.063886e-04 3.336501e-04 
1.734364e-04 3.811820e-04 -4.978483e-04 -8.356934e-04 
NaN NaN NaN NaN 
-7.248863e-04 5.956948e-04 1.815376e-04 -4.539010e-04 
5.379754e-04 5.984537e-04 -4.310948e-04 -1.260544e-03 
NaN NaN NaN NaN 
NaN NaN NaN NaN 
1.886239e-03 2.091735e-04 -2.231624e-03 -2.693981e-03 
1.615641e-03 3.505471e-04 -5.191927e-04 -1.791392e-03 
1.880998e-03 1.362977e-03 -7.608952e-04 -7.537034e-04 
3.757393e-04 -1.241883e-03 -7.485095e-04 2.614588e-04 
NaN NaN NaN NaN 
NaN NaN NaN NaN 
-1.824988e-04 1.547159e-03 3.482914e-04 -4.255717e-05 
-7.066632e-04 1.315426e-05 -1.038984e-03 -7.540360e-04 
-3.186864e-04 -1.560871e-04 -6.166898e-04 -5.798711e-04 
7.732964e-04 -2.075837e-04 -2.087593e-03 6.633677e-04 
-2.961823e-04 -7.689758e-04 -1.005672e-03 -1.172655e-04 
-1.435419e-04 -1.596220e-03 -3.347603e-04 1.642950e-03 
7.646860e-04 -7.253445e-04 -7.290990e-04 1.156874e-03 
5.043640e-06 1.068907e-03 7.738462e-04 1.079043e-03 
-3.315532e-04 8.133897e-04 1.928345e-04 -4.436063e-04 
-2.163869e-04 1.190490e-04 3.709394e-04 -2.677059e-04 
3.405036e-04 1.579885e-04 -8.409321e-05 -1.525849e-03 
1.587902e-03 7.042478e-04 -6.688920e-04 2.740595e-04 
-9.231500e-04 -1.016328e-03 1.105912e-03 1.262267e-04 
NaN NaN NaN NaN 
-8.719762e-04 1.124793e-04 -1.512708e-04 6.775868e-04 
1.907481e-03 5.618651e-04 -1.224529e-03 -1.118655e-03 
7.393053e-04 4.477755e-04 -1.545354e-03 8.571491e-04 
1.303791e-03 1.105889e-03 -1.132384e-03 -1.108826e-03 
NaN NaN NaN NaN 
NaN NaN NaN NaN 
NaN NaN NaN NaN 
-1.140613e-03 -1.167331e-03 -2.621764e-03 2.504306e-03 
2.218920e-04 1.100404e-03 -7.695229e-04 -4.247686e-04 
NaN NaN NaN NaN 
