R  C tau40        tau50        tau60        
01 3 9.307415e-05 5.624890e-05 1.103893e-08 
02 3 9.893598e-05 5.036308e-05 2.710979e-05 
03 3 1.052566e-04 6.142824e-05 3.807134e-05 
04 3 5.445639e-05 3.693281e-05 2.377558e-05 
05 3 1.026550e-04 6.713931e-05 3.664447e-05 
06 3 1.016563e-04 4.016764e-05 2.262464e-05 
07 3 1.330227e-04 4.689443e-05 3.119090e-05 
08 3 6.364567e-05 4.569565e-05 2.443523e-05 
09 3 7.599438e-05 6.528443e-05 3.307641e-05 
10 3 9.923479e-05 5.061934e-05 2.713395e-05 
11 3 5.748529e-05 4.272789e-05 2.734723e-05 
12 3 8.774717e-05 5.076548e-05 2.682766e-05 
13 3 7.006150e-05 5.311333e-05 3.068907e-05 
14 3 8.746542e-05 8.068462e-05 3.275959e-05 
15 3 1.323783e-04 6.616554e-05 3.086529e-05 
16 3 8.441655e-05 8.548470e-05 4.478266e-05 
17 3 8.957315e-05 8.083894e-05 3.568099e-05 
18 3 8.885246e-05 9.433954e-05 4.069620e-05 
19 3 2.170906e-03 8.560787e-05 3.907274e-05 
20 3 8.858178e-05 5.809663e-05 3.636702e-05 
21 3 2.107171e-04 5.821468e-05 3.640064e-05 
22 3 3.691145e-09 6.563974e-05 1.305009e-08 
23 3 7.841816e-05 1.087967e-04 3.741529e-05 
24 3 8.282959e-05 6.412588e-05 3.529283e-09 
25 3 7.827806e-05 7.029099e-05 3.342709e-05 
26 3 9.988460e-05 8.332313e-05 4.767964e-05 
27 3 9.825996e-05 7.075311e-05 4.295495e-05 
28 3 9.505955e-05 5.993762e-05 9.286777e-05 
29 3 1.044690e-04 8.405148e-05 5.634368e-05 
30 3 1.693594e-04 8.711177e-05 7.256515e-05 
31 3 1.074555e-04 9.095310e-05 6.440198e-05 
32 3 1.224543e-04 7.210817e-05 5.263431e-05 
