R  C tau40        tau50        tau60        
01 8 4.845016e-05 1.310470e-05 7.631083e-10 
02 8 4.454542e-05 2.188173e-05 3.922422e-11 
03 8 4.560434e-05 1.774160e-05 4.992594e-09 
04 8 4.929999e-05 3.741354e-05 2.123456e-08 
05 8 4.576445e-05 3.631757e-05 1.391843e-05 
06 8 5.544655e-05 1.781468e-05 1.762378e-06 
07 8 4.976330e-05 2.427257e-05 6.439697e-06 
08 8 4.473704e-05 3.144620e-05 4.713564e-06 
09 8 1.424863e-04 2.611461e-05 1.324844e-05 
10 8 4.779949e-05 3.618619e-05 1.793382e-05 
11 8 5.082510e-05 2.181450e-05 6.582503e-09 
12 8 5.717855e-05 3.526178e-05 2.103060e-05 
13 8 8.278821e-05 3.818166e-05 1.480678e-05 
14 8 1.127748e-04 4.368603e-05 5.210354e-05 
15 8 8.746144e-05 6.617568e-05 3.812406e-05 
16 8 8.284352e-05 7.002690e-05 4.416098e-05 
17 8 7.122455e-05 6.226419e-05 2.817118e-05 
18 8 8.223710e-05 4.990827e-05 3.428618e-05 
19 8 6.470777e-05 4.221071e-05 2.937274e-05 
20 8 9.148624e-05 5.282803e-05 3.173135e-05 
21 8 7.706008e-05 3.474692e-05 3.521454e-05 
22 8 5.427593e-05 4.887680e-05 2.589282e-05 
23 8 7.357115e-05 4.482960e-05 3.165388e-05 
24 8 6.053089e-05 8.418516e-05 2.255589e-05 
25 8 5.788109e-05 3.149396e-05 1.498136e-05 
26 8 7.613378e-05 4.545129e-05 2.515391e-05 
27 8 7.860394e-05 4.807042e-05 3.693834e-05 
28 8 7.980198e-05 6.095790e-05 4.259939e-05 
29 8 7.229509e-05 3.642271e-05 2.246102e-05 
30 8 1.079703e-04 4.695885e-05 6.977816e-05 
31 8 5.490328e-05 4.534273e-05 3.415291e-05 
32 8 7.795261e-05 8.158750e-06 1.347792e-08 
