f            Pxx          
0.000000e+00 2.088723e-19 
7.398201e-01 3.221512e-19 
1.479640e+00 3.378333e-19 
2.219460e+00 3.890910e-19 
2.959280e+00 3.523446e-19 
3.699100e+00 4.575585e-19 
4.438920e+00 3.184439e-19 
5.178741e+00 3.239482e-19 
5.918561e+00 4.695516e-19 
6.658381e+00 3.820023e-19 
7.398201e+00 3.906632e-19 
8.138021e+00 3.382804e-19 
8.877841e+00 3.136834e-19 
9.617661e+00 3.748456e-19 
1.035748e+01 3.695109e-19 
1.109730e+01 3.153589e-19 
1.183712e+01 3.326583e-19 
1.257694e+01 3.351859e-19 
1.331676e+01 3.589168e-19 
1.405658e+01 2.906481e-19 
1.479640e+01 2.488343e-19 
1.553622e+01 2.712090e-19 
1.627604e+01 2.043733e-19 
1.701586e+01 3.812941e-19 
1.775568e+01 3.505620e-19 
1.849550e+01 3.421567e-19 
1.923532e+01 2.617352e-19 
1.997514e+01 2.875436e-19 
2.071496e+01 3.400236e-19 
2.145478e+01 3.099656e-19 
2.219460e+01 3.160948e-19 
2.293442e+01 3.280787e-19 
2.367424e+01 3.667076e-19 
2.441406e+01 2.778425e-19 
2.515388e+01 2.488415e-19 
2.589370e+01 2.530716e-19 
2.663352e+01 2.322774e-19 
2.737334e+01 2.690991e-19 
2.811316e+01 2.051149e-19 
2.885298e+01 1.717044e-19 
2.959280e+01 2.046723e-19 
3.033262e+01 1.928971e-19 
3.107244e+01 1.534527e-19 
3.181226e+01 2.712140e-19 
3.255208e+01 2.776868e-19 
3.329190e+01 2.468601e-19 
3.403172e+01 2.065398e-19 
3.477154e+01 2.167031e-19 
3.551136e+01 2.086502e-19 
3.625118e+01 1.805577e-19 
3.699100e+01 2.142885e-19 
3.773082e+01 2.030877e-19 
3.847064e+01 1.538168e-19 
3.921046e+01 2.026029e-19 
3.995028e+01 1.995211e-19 
4.069010e+01 1.818178e-19 
4.142992e+01 1.938735e-19 
4.216974e+01 1.572903e-19 
4.290956e+01 1.465932e-19 
4.364938e+01 1.626173e-19 
4.438920e+01 1.930085e-19 
4.512902e+01 2.168074e-19 
4.586884e+01 1.545119e-19 
4.660866e+01 1.329407e-19 
4.734848e+01 1.352923e-19 
4.808830e+01 1.287165e-19 
4.882813e+01 1.313596e-19 
4.956795e+01 1.327779e-19 
5.030777e+01 1.159023e-19 
5.104759e+01 1.343409e-19 
5.178741e+01 1.497815e-19 
5.252723e+01 1.638173e-19 
5.326705e+01 1.179102e-19 
5.400687e+01 1.054536e-19 
5.474669e+01 1.355822e-19 
5.548651e+01 1.343273e-19 
5.622633e+01 1.252359e-19 
5.696615e+01 1.431385e-19 
5.770597e+01 1.462086e-19 
5.844579e+01 1.599153e-19 
5.918561e+01 1.536547e-19 
5.992543e+01 1.714375e-19 
6.066525e+01 1.289626e-19 
6.140507e+01 9.467494e-20 
6.214489e+01 1.196743e-19 
6.288471e+01 1.201424e-19 
6.362453e+01 1.504556e-19 
6.436435e+01 1.130785e-19 
6.510417e+01 9.427961e-20 
6.584399e+01 1.000601e-19 
6.658381e+01 1.028077e-19 
6.732363e+01 1.106964e-19 
6.806345e+01 1.142256e-19 
6.880327e+01 1.194980e-19 
6.954309e+01 1.078159e-19 
7.028291e+01 1.001075e-19 
7.102273e+01 8.933831e-20 
7.176255e+01 7.620802e-20 
7.250237e+01 8.958939e-20 
7.324219e+01 9.325735e-20 
7.398201e+01 7.234373e-20 
7.472183e+01 9.338339e-20 
7.546165e+01 8.518146e-20 
7.620147e+01 7.701016e-20 
7.694129e+01 6.502354e-20 
7.768111e+01 5.741266e-20 
7.842093e+01 8.633770e-20 
7.916075e+01 1.230006e-19 
7.990057e+01 9.917792e-20 
8.064039e+01 6.358782e-20 
8.138021e+01 5.070654e-20 
8.212003e+01 7.964415e-20 
8.285985e+01 1.002452e-19 
8.359967e+01 7.801614e-20 
8.433949e+01 7.929552e-20 
8.507931e+01 1.026951e-19 
8.581913e+01 1.113828e-19 
8.655895e+01 8.486998e-20 
8.729877e+01 7.688599e-20 
8.803859e+01 7.131628e-20 
8.877841e+01 7.992179e-20 
8.951823e+01 8.671375e-20 
9.025805e+01 8.126151e-20 
9.099787e+01 7.843858e-20 
9.173769e+01 8.042195e-20 
9.247751e+01 6.424968e-20 
9.321733e+01 6.952255e-20 
9.395715e+01 5.822228e-20 
9.469697e+01 5.977803e-20 
9.543679e+01 9.541762e-20 
9.617661e+01 7.459674e-20 
9.691643e+01 5.929906e-20 
9.765625e+01 7.301074e-20 
9.839607e+01 6.686917e-20 
9.913589e+01 5.989443e-20 
9.987571e+01 5.498623e-20 
1.006155e+02 6.562119e-20 
1.013554e+02 6.847510e-20 
1.020952e+02 6.015776e-20 
1.028350e+02 5.378130e-20 
1.035748e+02 5.911754e-20 
1.043146e+02 5.442320e-20 
1.050545e+02 5.608303e-20 
1.057943e+02 5.444128e-20 
1.065341e+02 6.179987e-20 
1.072739e+02 5.386282e-20 
1.080137e+02 4.807346e-20 
1.087536e+02 4.888209e-20 
1.094934e+02 5.600958e-20 
1.102332e+02 5.663735e-20 
1.109730e+02 7.129603e-20 
1.117128e+02 8.014515e-20 
1.124527e+02 6.628281e-20 
1.131925e+02 5.703952e-20 
1.139323e+02 6.125979e-20 
1.146721e+02 5.807050e-20 
1.154119e+02 4.438663e-20 
1.161518e+02 4.430635e-20 
1.168916e+02 4.194591e-20 
1.176314e+02 4.742315e-20 
1.183712e+02 5.846719e-20 
1.191110e+02 4.370607e-20 
1.198509e+02 4.806888e-20 
1.205907e+02 4.412352e-20 
1.213305e+02 5.355441e-20 
1.220703e+02 6.238398e-20 
1.228101e+02 5.688897e-20 
1.235500e+02 5.549495e-20 
1.242898e+02 4.487556e-20 
1.250296e+02 3.236384e-20 
1.257694e+02 2.349701e-20 
1.265092e+02 4.465336e-20 
1.272491e+02 6.368828e-20 
1.279889e+02 4.035099e-20 
1.287287e+02 4.189540e-20 
1.294685e+02 4.645419e-20 
1.302083e+02 4.020381e-20 
1.309482e+02 5.099421e-20 
1.316880e+02 4.974730e-20 
1.324278e+02 6.037311e-20 
1.331676e+02 5.621304e-20 
1.339074e+02 6.899093e-20 
1.346473e+02 6.053124e-20 
1.353871e+02 5.223976e-20 
1.361269e+02 5.468126e-20 
1.368667e+02 4.089917e-20 
1.376065e+02 3.508225e-20 
1.383464e+02 2.915634e-20 
1.390862e+02 3.643144e-20 
1.398260e+02 3.398070e-20 
1.405658e+02 3.785237e-20 
1.413056e+02 4.317077e-20 
1.420455e+02 4.573061e-20 
1.427853e+02 5.247801e-20 
1.435251e+02 4.654359e-20 
1.442649e+02 3.941188e-20 
1.450047e+02 4.055950e-20 
1.457446e+02 3.266192e-20 
1.464844e+02 4.151086e-20 
1.472242e+02 4.535545e-20 
1.479640e+02 4.334850e-20 
1.487038e+02 3.261920e-20 
1.494437e+02 3.313265e-20 
1.501835e+02 5.074104e-20 
1.509233e+02 4.142625e-20 
1.516631e+02 3.812701e-20 
1.524029e+02 3.411070e-20 
1.531428e+02 3.478717e-20 
1.538826e+02 3.145564e-20 
1.546224e+02 2.762347e-20 
1.553622e+02 4.078759e-20 
1.561020e+02 4.049216e-20 
1.568419e+02 4.221509e-20 
1.575817e+02 4.884152e-20 
1.583215e+02 3.654623e-20 
1.590613e+02 3.153501e-20 
1.598011e+02 3.750643e-20 
1.605410e+02 3.443234e-20 
1.612808e+02 3.199506e-20 
1.620206e+02 3.411678e-20 
1.627604e+02 3.205221e-20 
1.635002e+02 3.497907e-20 
1.642401e+02 3.637832e-20 
1.649799e+02 3.235127e-20 
1.657197e+02 3.881667e-20 
1.664595e+02 4.608837e-20 
1.671993e+02 3.428283e-20 
1.679392e+02 3.249540e-20 
1.686790e+02 4.349317e-20 
1.694188e+02 4.121061e-20 
1.701586e+02 3.472890e-20 
1.708984e+02 3.180918e-20 
1.716383e+02 2.806847e-20 
1.723781e+02 2.462118e-20 
1.731179e+02 3.854025e-20 
1.738577e+02 3.768312e-20 
1.745975e+02 3.633350e-20 
1.753374e+02 3.056305e-20 
1.760772e+02 2.590191e-20 
1.768170e+02 3.702053e-20 
1.775568e+02 3.213094e-20 
1.782966e+02 3.220938e-20 
1.790365e+02 3.999011e-20 
1.797763e+02 5.240433e-20 
1.805161e+02 4.132873e-20 
1.812559e+02 3.026456e-20 
1.819957e+02 2.879034e-20 
1.827356e+02 2.925347e-20 
1.834754e+02 3.424041e-20 
1.842152e+02 3.119860e-20 
1.849550e+02 3.001911e-20 
1.856948e+02 2.429652e-20 
1.864347e+02 2.459527e-20 
1.871745e+02 2.659194e-20 
1.879143e+02 2.264362e-20 
1.886541e+02 3.226873e-20 
1.893939e+02 2.968549e-20 
1.901338e+02 2.958380e-20 
1.908736e+02 2.933655e-20 
1.916134e+02 2.846100e-20 
1.923532e+02 2.535613e-20 
1.930930e+02 2.324338e-20 
1.938329e+02 2.428589e-20 
1.945727e+02 3.050271e-20 
1.953125e+02 3.102959e-20 
1.960523e+02 2.387449e-20 
1.967921e+02 2.349932e-20 
1.975320e+02 2.563142e-20 
1.982718e+02 2.190164e-20 
1.990116e+02 2.595780e-20 
1.997514e+02 3.424749e-20 
2.004912e+02 3.131427e-20 
2.012311e+02 2.210434e-20 
2.019709e+02 2.324314e-20 
2.027107e+02 2.556089e-20 
2.034505e+02 2.882773e-20 
2.041903e+02 2.641162e-20 
2.049302e+02 1.974072e-20 
2.056700e+02 2.459453e-20 
2.064098e+02 2.851906e-20 
2.071496e+02 3.446957e-20 
2.078894e+02 3.591641e-20 
2.086293e+02 2.698667e-20 
2.093691e+02 3.352312e-20 
2.101089e+02 3.335548e-20 
2.108487e+02 3.162176e-20 
2.115885e+02 3.488182e-20 
2.123284e+02 2.796179e-20 
2.130682e+02 1.833496e-20 
2.138080e+02 2.007680e-20 
2.145478e+02 2.403339e-20 
2.152876e+02 2.467667e-20 
2.160275e+02 2.136571e-20 
2.167673e+02 2.815331e-20 
2.175071e+02 3.326160e-20 
2.182469e+02 3.023285e-20 
2.189867e+02 3.041379e-20 
2.197266e+02 2.508531e-20 
2.204664e+02 2.307257e-20 
2.212062e+02 2.636908e-20 
2.219460e+02 2.387569e-20 
2.226858e+02 2.424605e-20 
2.234257e+02 2.627573e-20 
2.241655e+02 3.048706e-20 
2.249053e+02 2.855522e-20 
2.256451e+02 2.978339e-20 
2.263849e+02 2.476963e-20 
2.271248e+02 2.356778e-20 
2.278646e+02 3.063400e-20 
2.286044e+02 3.687077e-20 
2.293442e+02 2.910558e-20 
2.300840e+02 2.160187e-20 
2.308239e+02 2.385237e-20 
2.315637e+02 1.982462e-20 
2.323035e+02 2.031745e-20 
2.330433e+02 2.241299e-20 
2.337831e+02 2.673550e-20 
2.345230e+02 2.352417e-20 
2.352628e+02 2.137570e-20 
2.360026e+02 1.918830e-20 
2.367424e+02 2.644300e-20 
2.374822e+02 2.803293e-20 
2.382221e+02 1.899272e-20 
2.389619e+02 1.692106e-20 
2.397017e+02 1.788796e-20 
2.404415e+02 2.090920e-20 
2.411813e+02 2.164939e-20 
2.419212e+02 2.643237e-20 
2.426610e+02 2.353680e-20 
2.434008e+02 1.863458e-20 
2.441406e+02 2.261598e-20 
2.448804e+02 2.084437e-20 
2.456203e+02 1.783311e-20 
2.463601e+02 2.021054e-20 
2.470999e+02 2.652033e-20 
2.478397e+02 2.288344e-20 
2.485795e+02 2.238947e-20 
2.493194e+02 2.475376e-20 
2.500592e+02 2.419432e-20 
2.507990e+02 2.284511e-20 
2.515388e+02 2.891386e-20 
2.522786e+02 2.149587e-20 
2.530185e+02 2.232003e-20 
2.537583e+02 2.471516e-20 
2.544981e+02 2.349437e-20 
2.552379e+02 1.772408e-20 
2.559777e+02 1.760181e-20 
2.567176e+02 1.939828e-20 
2.574574e+02 2.345257e-20 
2.581972e+02 1.951538e-20 
2.589370e+02 2.058949e-20 
2.596768e+02 2.210281e-20 
2.604167e+02 2.159366e-20 
2.611565e+02 1.965506e-20 
2.618963e+02 2.621264e-20 
2.626361e+02 3.041075e-20 
2.633759e+02 2.442901e-20 
2.641158e+02 1.990118e-20 
2.648556e+02 2.416251e-20 
2.655954e+02 1.629537e-20 
2.663352e+02 1.727848e-20 
2.670750e+02 2.154211e-20 
2.678149e+02 2.481384e-20 
2.685547e+02 2.567356e-20 
2.692945e+02 2.282290e-20 
2.700343e+02 2.500175e-20 
2.707741e+02 2.279942e-20 
2.715140e+02 2.560673e-20 
2.722538e+02 2.549241e-20 
2.729936e+02 2.514513e-20 
2.737334e+02 1.899007e-20 
2.744732e+02 2.091399e-20 
2.752131e+02 3.211471e-20 
2.759529e+02 2.205553e-20 
2.766927e+02 1.903660e-20 
2.774325e+02 2.311039e-20 
2.781723e+02 1.889947e-20 
2.789122e+02 2.060374e-20 
2.796520e+02 2.698283e-20 
2.803918e+02 2.774996e-20 
2.811316e+02 2.476044e-20 
2.818714e+02 2.226298e-20 
2.826113e+02 2.317854e-20 
2.833511e+02 2.328349e-20 
2.840909e+02 1.852398e-20 
2.848307e+02 1.748784e-20 
2.855705e+02 1.649259e-20 
2.863104e+02 1.932988e-20 
2.870502e+02 2.484064e-20 
2.877900e+02 2.390980e-20 
2.885298e+02 1.568301e-20 
2.892696e+02 1.735907e-20 
2.900095e+02 2.329126e-20 
2.907493e+02 2.017525e-20 
2.914891e+02 1.871686e-20 
2.922289e+02 2.104403e-20 
2.929688e+02 2.027183e-20 
2.937086e+02 2.142061e-20 
2.944484e+02 2.293528e-20 
2.951882e+02 2.768466e-20 
2.959280e+02 2.688534e-20 
2.966679e+02 2.208028e-20 
2.974077e+02 2.613519e-20 
2.981475e+02 1.751158e-20 
2.988873e+02 2.312483e-20 
2.996271e+02 2.594534e-20 
3.003670e+02 2.100784e-20 
3.011068e+02 2.023532e-20 
3.018466e+02 2.136182e-20 
3.025864e+02 1.983171e-20 
3.033262e+02 2.218729e-20 
3.040661e+02 1.567560e-20 
3.048059e+02 1.659712e-20 
3.055457e+02 2.033219e-20 
3.062855e+02 2.017701e-20 
3.070253e+02 1.912641e-20 
3.077652e+02 2.007188e-20 
3.085050e+02 1.855903e-20 
3.092448e+02 1.970398e-20 
3.099846e+02 1.632922e-20 
3.107244e+02 1.494791e-20 
3.114643e+02 1.638313e-20 
3.122041e+02 1.657141e-20 
3.129439e+02 2.153826e-20 
3.136837e+02 1.603015e-20 
3.144235e+02 1.484107e-20 
3.151634e+02 1.877481e-20 
3.159032e+02 1.860752e-20 
3.166430e+02 1.664883e-20 
3.173828e+02 1.944611e-20 
3.181226e+02 2.318536e-20 
3.188625e+02 2.245377e-20 
3.196023e+02 2.128794e-20 
3.203421e+02 2.006387e-20 
3.210819e+02 2.239503e-20 
3.218217e+02 2.066320e-20 
3.225616e+02 1.711693e-20 
3.233014e+02 1.483959e-20 
3.240412e+02 2.059864e-20 
3.247810e+02 2.348828e-20 
3.255208e+02 2.000745e-20 
3.262607e+02 1.661491e-20 
3.270005e+02 1.716378e-20 
3.277403e+02 2.236230e-20 
3.284801e+02 2.076027e-20 
3.292199e+02 1.996895e-20 
3.299598e+02 1.924904e-20 
3.306996e+02 1.857350e-20 
3.314394e+02 2.165100e-20 
3.321792e+02 1.700922e-20 
3.329190e+02 1.963528e-20 
3.336589e+02 2.266478e-20 
3.343987e+02 2.041812e-20 
3.351385e+02 2.124074e-20 
3.358783e+02 1.925759e-20 
3.366181e+02 1.985350e-20 
3.373580e+02 2.190735e-20 
3.380978e+02 2.151591e-20 
3.388376e+02 1.901207e-20 
3.395774e+02 1.768041e-20 
3.403172e+02 2.423125e-20 
3.410571e+02 2.289267e-20 
3.417969e+02 2.197186e-20 
3.425367e+02 2.478565e-20 
3.432765e+02 1.824589e-20 
3.440163e+02 2.007315e-20 
3.447562e+02 1.843322e-20 
3.454960e+02 1.824558e-20 
3.462358e+02 1.963638e-20 
3.469756e+02 2.000732e-20 
3.477154e+02 1.929787e-20 
3.484553e+02 1.915229e-20 
3.491951e+02 2.262813e-20 
3.499349e+02 2.208115e-20 
3.506747e+02 1.668274e-20 
3.514145e+02 1.548281e-20 
3.521544e+02 1.432022e-20 
3.528942e+02 1.276888e-20 
3.536340e+02 2.032300e-20 
3.543738e+02 1.484944e-20 
3.551136e+02 1.779449e-20 
3.558535e+02 1.884923e-20 
3.565933e+02 2.026967e-20 
3.573331e+02 2.142086e-20 
3.580729e+02 1.657675e-20 
3.588127e+02 1.865829e-20 
3.595526e+02 1.588365e-20 
3.602924e+02 1.206965e-20 
3.610322e+02 1.661535e-20 
3.617720e+02 2.096123e-20 
3.625118e+02 1.960048e-20 
3.632517e+02 1.509807e-20 
3.639915e+02 1.572005e-20 
3.647313e+02 1.756453e-20 
3.654711e+02 1.851285e-20 
3.662109e+02 1.947172e-20 
3.669508e+02 1.394843e-20 
3.676906e+02 1.596996e-20 
3.684304e+02 1.614410e-20 
3.691702e+02 1.668568e-20 
3.699100e+02 1.675233e-20 
3.706499e+02 1.725630e-20 
3.713897e+02 2.020904e-20 
3.721295e+02 1.688396e-20 
3.728693e+02 1.847739e-20 
3.736091e+02 1.932647e-20 
3.743490e+02 2.301615e-20 
3.750888e+02 2.102136e-20 
3.758286e+02 1.585436e-20 
3.765684e+02 1.724838e-20 
3.773082e+02 1.826631e-20 
3.780481e+02 1.781436e-20 
3.787879e+02 2.087077e-20 
3.795277e+02 1.332848e-20 
3.802675e+02 1.406323e-20 
3.810073e+02 1.366596e-20 
3.817472e+02 1.668266e-20 
3.824870e+02 2.299423e-20 
3.832268e+02 2.366161e-20 
3.839666e+02 2.134251e-20 
3.847064e+02 1.862016e-20 
3.854463e+02 1.542614e-20 
3.861861e+02 1.634657e-20 
3.869259e+02 1.679891e-20 
3.876657e+02 2.059455e-20 
3.884055e+02 1.574238e-20 
3.891454e+02 1.644693e-20 
3.898852e+02 1.938507e-20 
3.906250e+02 1.994281e-20 
3.913648e+02 1.374627e-20 
3.921046e+02 1.886462e-20 
3.928445e+02 2.077999e-20 
3.935843e+02 1.859577e-20 
3.943241e+02 1.833441e-20 
3.950639e+02 1.595178e-20 
3.958037e+02 1.535338e-20 
3.965436e+02 1.800660e-20 
3.972834e+02 1.672237e-20 
3.980232e+02 1.920477e-20 
3.987630e+02 1.763284e-20 
3.995028e+02 2.334187e-20 
4.002427e+02 2.002796e-20 
4.009825e+02 1.999695e-20 
4.017223e+02 1.717741e-20 
4.024621e+02 1.516381e-20 
4.032019e+02 1.865479e-20 
4.039418e+02 1.815333e-20 
4.046816e+02 1.817021e-20 
4.054214e+02 1.898797e-20 
4.061612e+02 1.763897e-20 
4.069010e+02 1.762006e-20 
4.076409e+02 1.870941e-20 
4.083807e+02 2.258421e-20 
4.091205e+02 1.673155e-20 
4.098603e+02 1.969658e-20 
4.106001e+02 1.756191e-20 
4.113400e+02 1.367580e-20 
4.120798e+02 1.770215e-20 
4.128196e+02 1.913786e-20 
4.135594e+02 1.931096e-20 
4.142992e+02 1.991919e-20 
4.150391e+02 1.382114e-20 
4.157789e+02 1.553937e-20 
4.165187e+02 1.549353e-20 
4.172585e+02 1.543416e-20 
4.179983e+02 1.637316e-20 
4.187382e+02 1.587179e-20 
4.194780e+02 1.106551e-20 
4.202178e+02 1.511411e-20 
4.209576e+02 1.693720e-20 
4.216974e+02 1.605077e-20 
4.224373e+02 1.556341e-20 
4.231771e+02 2.122438e-20 
4.239169e+02 2.027998e-20 
4.246567e+02 1.991186e-20 
4.253965e+02 1.879644e-20 
4.261364e+02 1.658945e-20 
4.268762e+02 1.605279e-20 
4.276160e+02 1.845935e-20 
4.283558e+02 2.380692e-20 
4.290956e+02 2.199831e-20 
4.298355e+02 2.508695e-20 
4.305753e+02 2.300571e-20 
4.313151e+02 2.028081e-20 
4.320549e+02 1.726216e-20 
4.327947e+02 1.597832e-20 
4.335346e+02 1.748388e-20 
4.342744e+02 1.764231e-20 
4.350142e+02 1.209323e-20 
4.357540e+02 1.574479e-20 
4.364938e+02 1.965977e-20 
4.372337e+02 1.838515e-20 
4.379735e+02 1.962078e-20 
4.387133e+02 1.629124e-20 
4.394531e+02 1.460255e-20 
4.401929e+02 1.428004e-20 
4.409328e+02 1.321865e-20 
4.416726e+02 1.356896e-20 
4.424124e+02 1.973259e-20 
4.431522e+02 1.607969e-20 
4.438920e+02 1.641350e-20 
4.446319e+02 1.916629e-20 
4.453717e+02 2.289524e-20 
4.461115e+02 1.936064e-20 
4.468513e+02 1.361814e-20 
4.475911e+02 1.632682e-20 
4.483310e+02 1.802940e-20 
4.490708e+02 1.495217e-20 
4.498106e+02 1.581335e-20 
4.505504e+02 1.532856e-20 
4.512902e+02 1.753497e-20 
4.520301e+02 1.616494e-20 
4.527699e+02 1.688023e-20 
4.535097e+02 2.095790e-20 
4.542495e+02 1.700995e-20 
4.549893e+02 1.542708e-20 
4.557292e+02 1.475174e-20 
4.564690e+02 1.140512e-20 
4.572088e+02 1.199752e-20 
4.579486e+02 1.917297e-20 
4.586884e+02 1.727125e-20 
4.594283e+02 1.665394e-20 
4.601681e+02 1.375019e-20 
4.609079e+02 1.297222e-20 
4.616477e+02 1.380244e-20 
4.623875e+02 1.608127e-20 
4.631274e+02 1.714904e-20 
4.638672e+02 1.443514e-20 
4.646070e+02 1.764299e-20 
4.653468e+02 1.728783e-20 
4.660866e+02 1.652128e-20 
4.668265e+02 1.700971e-20 
4.675663e+02 1.548375e-20 
4.683061e+02 1.657261e-20 
4.690459e+02 1.417276e-20 
4.697857e+02 1.711961e-20 
4.705256e+02 1.735228e-20 
4.712654e+02 1.604204e-20 
4.720052e+02 1.747994e-20 
4.727450e+02 1.632996e-20 
4.734848e+02 1.511505e-20 
4.742247e+02 1.502340e-20 
4.749645e+02 1.726957e-20 
4.757043e+02 1.763383e-20 
4.764441e+02 1.612246e-20 
4.771839e+02 1.890706e-20 
4.779238e+02 1.383461e-20 
4.786636e+02 1.474574e-20 
4.794034e+02 1.875024e-20 
4.801432e+02 1.482807e-20 
4.808830e+02 1.537708e-20 
4.816229e+02 1.702778e-20 
4.823627e+02 1.673931e-20 
4.831025e+02 1.505682e-20 
4.838423e+02 1.278515e-20 
4.845821e+02 1.487500e-20 
4.853220e+02 1.236561e-20 
4.860618e+02 1.382424e-20 
4.868016e+02 1.427052e-20 
4.875414e+02 1.255500e-20 
4.882813e+02 1.480174e-20 
4.890211e+02 1.756632e-20 
4.897609e+02 1.621016e-20 
4.905007e+02 1.637919e-20 
4.912405e+02 1.744018e-20 
4.919804e+02 1.544995e-20 
4.927202e+02 1.456562e-20 
4.934600e+02 2.024102e-20 
4.941998e+02 2.190716e-20 
4.949396e+02 1.996716e-20 
4.956795e+02 1.353376e-20 
4.964193e+02 1.286701e-20 
4.971591e+02 1.400531e-20 
4.978989e+02 1.668925e-20 
4.986387e+02 1.599159e-20 
4.993786e+02 1.665212e-20 
5.001184e+02 1.448651e-20 
5.008582e+02 1.396657e-20 
5.015980e+02 1.654732e-20 
5.023378e+02 2.011938e-20 
5.030777e+02 2.092349e-20 
5.038175e+02 1.851624e-20 
5.045573e+02 1.502340e-20 
5.052971e+02 1.356646e-20 
5.060369e+02 1.746812e-20 
5.067768e+02 1.874323e-20 
5.075166e+02 1.392833e-20 
5.082564e+02 1.633864e-20 
5.089962e+02 1.932546e-20 
5.097360e+02 1.835555e-20 
5.104759e+02 1.501936e-20 
5.112157e+02 1.693276e-20 
5.119555e+02 1.901955e-20 
5.126953e+02 1.704492e-20 
5.134351e+02 1.593492e-20 
5.141750e+02 1.590528e-20 
5.149148e+02 1.209890e-20 
5.156546e+02 1.574558e-20 
5.163944e+02 1.542593e-20 
5.171342e+02 1.454482e-20 
5.178741e+02 1.447834e-20 
5.186139e+02 1.574278e-20 
5.193537e+02 1.488169e-20 
5.200935e+02 1.074354e-20 
5.208333e+02 1.361688e-20 
5.215732e+02 1.232019e-20 
5.223130e+02 1.384529e-20 
5.230528e+02 1.719297e-20 
5.237926e+02 1.442976e-20 
5.245324e+02 1.108419e-20 
5.252723e+02 1.104056e-20 
5.260121e+02 1.494026e-20 
5.267519e+02 1.897074e-20 
5.274917e+02 1.717601e-20 
5.282315e+02 1.573304e-20 
5.289714e+02 1.440639e-20 
5.297112e+02 1.446754e-20 
5.304510e+02 1.126843e-20 
5.311908e+02 1.239931e-20 
5.319306e+02 1.514322e-20 
5.326705e+02 1.454252e-20 
5.334103e+02 1.554875e-20 
5.341501e+02 1.406766e-20 
5.348899e+02 1.215610e-20 
5.356297e+02 1.637998e-20 
5.363696e+02 1.946533e-20 
5.371094e+02 1.530137e-20 
5.378492e+02 1.668258e-20 
5.385890e+02 1.570993e-20 
5.393288e+02 1.621172e-20 
5.400687e+02 1.586492e-20 
5.408085e+02 1.753594e-20 
5.415483e+02 1.559915e-20 
5.422881e+02 1.572228e-20 
5.430279e+02 1.533574e-20 
5.437678e+02 1.433161e-20 
5.445076e+02 1.381261e-20 
5.452474e+02 1.670746e-20 
5.459872e+02 1.666506e-20 
5.467270e+02 1.743052e-20 
5.474669e+02 1.233239e-20 
5.482067e+02 1.320992e-20 
5.489465e+02 1.662612e-20 
5.496863e+02 1.582600e-20 
5.504261e+02 1.395288e-20 
5.511660e+02 1.488432e-20 
5.519058e+02 1.720489e-20 
5.526456e+02 1.624624e-20 
5.533854e+02 1.463932e-20 
5.541252e+02 1.430061e-20 
5.548651e+02 1.541417e-20 
5.556049e+02 1.595611e-20 
5.563447e+02 1.972243e-20 
5.570845e+02 1.620689e-20 
5.578243e+02 1.477148e-20 
5.585642e+02 1.694988e-20 
5.593040e+02 2.235190e-20 
5.600438e+02 1.730050e-20 
5.607836e+02 1.390840e-20 
5.615234e+02 1.374329e-20 
5.622633e+02 1.540201e-20 
5.630031e+02 1.211228e-20 
5.637429e+02 1.439038e-20 
5.644827e+02 1.744116e-20 
5.652225e+02 1.453738e-20 
5.659624e+02 1.363628e-20 
5.667022e+02 1.666626e-20 
5.674420e+02 1.658725e-20 
5.681818e+02 1.418468e-20 
5.689216e+02 1.528533e-20 
5.696615e+02 1.924842e-20 
5.704013e+02 1.781211e-20 
5.711411e+02 1.523672e-20 
5.718809e+02 2.140157e-20 
5.726207e+02 1.981566e-20 
5.733606e+02 1.483173e-20 
5.741004e+02 1.517564e-20 
5.748402e+02 1.690093e-20 
5.755800e+02 1.734150e-20 
5.763198e+02 1.102551e-20 
5.770597e+02 8.938563e-21 
5.777995e+02 1.414231e-20 
5.785393e+02 1.465264e-20 
5.792791e+02 1.385700e-20 
5.800189e+02 1.416635e-20 
5.807588e+02 1.147833e-20 
5.814986e+02 1.211281e-20 
5.822384e+02 1.215368e-20 
5.829782e+02 1.508191e-20 
5.837180e+02 1.506584e-20 
5.844579e+02 1.203717e-20 
5.851977e+02 1.145337e-20 
5.859375e+02 1.391770e-20 
5.866773e+02 1.343246e-20 
5.874171e+02 1.459495e-20 
5.881570e+02 1.473656e-20 
5.888968e+02 1.352667e-20 
5.896366e+02 1.368883e-20 
5.903764e+02 1.639920e-20 
5.911162e+02 2.043014e-20 
5.918561e+02 1.303466e-20 
5.925959e+02 1.479876e-20 
5.933357e+02 1.193002e-20 
5.940755e+02 1.474505e-20 
5.948153e+02 1.917192e-20 
5.955552e+02 1.893341e-20 
5.962950e+02 1.562667e-20 
5.970348e+02 1.252640e-20 
5.977746e+02 1.159015e-20 
5.985144e+02 1.546606e-20 
5.992543e+02 1.652317e-20 
5.999941e+02 1.757711e-20 
6.007339e+02 1.786808e-20 
6.014737e+02 1.774463e-20 
6.022135e+02 1.561760e-20 
6.029534e+02 1.316976e-20 
6.036932e+02 1.363634e-20 
6.044330e+02 1.300080e-20 
6.051728e+02 1.356520e-20 
6.059126e+02 1.467123e-20 
6.066525e+02 1.672476e-20 
6.073923e+02 1.527212e-20 
6.081321e+02 1.436262e-20 
6.088719e+02 1.373437e-20 
6.096117e+02 1.402322e-20 
6.103516e+02 1.294397e-20 
6.110914e+02 1.457487e-20 
6.118312e+02 1.979895e-20 
6.125710e+02 2.125009e-20 
6.133108e+02 1.398818e-20 
6.140507e+02 1.414960e-20 
6.147905e+02 1.709854e-20 
6.155303e+02 1.699308e-20 
6.162701e+02 1.842556e-20 
6.170099e+02 1.689980e-20 
6.177498e+02 1.281155e-20 
6.184896e+02 1.359946e-20 
6.192294e+02 1.303327e-20 
6.199692e+02 1.107159e-20 
6.207090e+02 1.322183e-20 
6.214489e+02 1.215390e-20 
6.221887e+02 1.276931e-20 
6.229285e+02 1.473806e-20 
6.236683e+02 1.517944e-20 
6.244081e+02 1.551188e-20 
6.251480e+02 1.215147e-20 
6.258878e+02 1.206781e-20 
6.266276e+02 1.105497e-20 
6.273674e+02 1.284179e-20 
6.281072e+02 1.474090e-20 
6.288471e+02 1.394316e-20 
6.295869e+02 1.267518e-20 
6.303267e+02 1.352890e-20 
6.310665e+02 1.766205e-20 
6.318063e+02 1.576704e-20 
6.325462e+02 1.703637e-20 
6.332860e+02 1.669096e-20 
6.340258e+02 1.666260e-20 
6.347656e+02 1.421016e-20 
6.355054e+02 1.398561e-20 
6.362453e+02 1.367901e-20 
6.369851e+02 1.635485e-20 
6.377249e+02 1.990148e-20 
6.384647e+02 2.063981e-20 
6.392045e+02 1.556619e-20 
6.399444e+02 1.313550e-20 
6.406842e+02 1.553925e-20 
6.414240e+02 1.471273e-20 
6.421638e+02 1.259085e-20 
6.429036e+02 1.314086e-20 
6.436435e+02 1.290771e-20 
6.443833e+02 1.416659e-20 
6.451231e+02 1.048162e-20 
6.458629e+02 1.215669e-20 
6.466027e+02 1.217483e-20 
6.473426e+02 1.259194e-20 
6.480824e+02 1.329288e-20 
6.488222e+02 1.194521e-20 
6.495620e+02 1.604266e-20 
6.503018e+02 1.554495e-20 
6.510417e+02 1.614676e-20 
6.517815e+02 1.790275e-20 
6.525213e+02 1.566647e-20 
6.532611e+02 1.813037e-20 
6.540009e+02 1.464780e-20 
6.547408e+02 1.395133e-20 
6.554806e+02 1.367399e-20 
6.562204e+02 1.445525e-20 
6.569602e+02 1.452836e-20 
6.577000e+02 1.310215e-20 
6.584399e+02 1.567127e-20 
6.591797e+02 1.440495e-20 
6.599195e+02 1.402925e-20 
6.606593e+02 1.309142e-20 
6.613991e+02 1.394618e-20 
6.621390e+02 1.540081e-20 
6.628788e+02 1.596407e-20 
6.636186e+02 1.331365e-20 
6.643584e+02 1.595396e-20 
6.650982e+02 1.810507e-20 
6.658381e+02 1.633613e-20 
6.665779e+02 1.289687e-20 
6.673177e+02 1.231493e-20 
6.680575e+02 1.414097e-20 
6.687973e+02 1.853133e-20 
6.695372e+02 1.529287e-20 
6.702770e+02 1.719419e-20 
6.710168e+02 1.535577e-20 
6.717566e+02 1.238578e-20 
6.724964e+02 1.757409e-20 
6.732363e+02 1.730717e-20 
6.739761e+02 1.459477e-20 
6.747159e+02 1.293695e-20 
6.754557e+02 1.479304e-20 
6.761955e+02 1.850544e-20 
6.769354e+02 1.659820e-20 
6.776752e+02 1.412784e-20 
6.784150e+02 1.749123e-20 
6.791548e+02 1.261074e-20 
6.798946e+02 1.357215e-20 
6.806345e+02 1.257209e-20 
6.813743e+02 1.303202e-20 
6.821141e+02 1.307528e-20 
6.828539e+02 1.516948e-20 
6.835938e+02 1.271468e-20 
6.843336e+02 1.559384e-20 
6.850734e+02 1.541096e-20 
6.858132e+02 1.280076e-20 
6.865530e+02 1.363073e-20 
6.872929e+02 1.652330e-20 
6.880327e+02 1.523836e-20 
6.887725e+02 1.366268e-20 
6.895123e+02 1.122473e-20 
6.902521e+02 1.056990e-20 
6.909920e+02 1.198152e-20 
6.917318e+02 1.276222e-20 
6.924716e+02 1.121051e-20 
6.932114e+02 1.250784e-20 
6.939512e+02 1.200857e-20 
6.946911e+02 1.376617e-20 
6.954309e+02 1.335010e-20 
6.961707e+02 1.408768e-20 
6.969105e+02 1.453480e-20 
6.976503e+02 1.488778e-20 
6.983902e+02 1.824980e-20 
6.991300e+02 1.949656e-20 
6.998698e+02 1.768039e-20 
7.006096e+02 1.311421e-20 
7.013494e+02 1.630347e-20 
7.020893e+02 1.790157e-20 
7.028291e+02 1.788670e-20 
7.035689e+02 1.490480e-20 
7.043087e+02 1.256687e-20 
7.050485e+02 1.251115e-20 
7.057884e+02 1.593197e-20 
7.065282e+02 1.739233e-20 
7.072680e+02 1.640395e-20 
7.080078e+02 1.245294e-20 
7.087476e+02 1.310888e-20 
7.094875e+02 1.188060e-20 
7.102273e+02 1.609267e-20 
7.109671e+02 1.525844e-20 
7.117069e+02 1.358124e-20 
7.124467e+02 1.391535e-20 
7.131866e+02 1.621416e-20 
7.139264e+02 1.598752e-20 
7.146662e+02 1.393137e-20 
7.154060e+02 1.265728e-20 
7.161458e+02 1.316779e-20 
7.168857e+02 1.336882e-20 
7.176255e+02 1.503864e-20 
7.183653e+02 1.329932e-20 
7.191051e+02 1.360615e-20 
7.198449e+02 1.212247e-20 
7.205848e+02 1.704727e-20 
7.213246e+02 1.501043e-20 
7.220644e+02 1.325812e-20 
7.228042e+02 1.191580e-20 
7.235440e+02 1.626495e-20 
7.242839e+02 1.915773e-20 
7.250237e+02 1.639312e-20 
7.257635e+02 1.547836e-20 
7.265033e+02 1.313982e-20 
7.272431e+02 1.511866e-20 
7.279830e+02 1.593450e-20 
7.287228e+02 1.373870e-20 
7.294626e+02 1.402040e-20 
7.302024e+02 1.177102e-20 
7.309422e+02 1.249202e-20 
7.316821e+02 1.105633e-20 
7.324219e+02 1.393126e-20 
7.331617e+02 1.391328e-20 
7.339015e+02 1.364407e-20 
7.346413e+02 1.371709e-20 
7.353812e+02 1.436728e-20 
7.361210e+02 1.246742e-20 
7.368608e+02 9.935503e-21 
7.376006e+02 1.370376e-20 
7.383404e+02 1.800144e-20 
7.390803e+02 1.658008e-20 
7.398201e+02 1.669065e-20 
7.405599e+02 1.538625e-20 
7.412997e+02 1.520515e-20 
7.420395e+02 1.350631e-20 
7.427794e+02 1.223552e-20 
7.435192e+02 1.072455e-20 
7.442590e+02 1.565912e-20 
7.449988e+02 1.448857e-20 
7.457386e+02 1.425489e-20 
7.464785e+02 1.373472e-20 
7.472183e+02 1.165927e-20 
7.479581e+02 1.242445e-20 
7.486979e+02 1.525590e-20 
7.494377e+02 1.880036e-20 
7.501776e+02 1.779955e-20 
7.509174e+02 1.443305e-20 
7.516572e+02 1.721551e-20 
7.523970e+02 1.419255e-20 
7.531368e+02 1.540693e-20 
7.538767e+02 1.762641e-20 
7.546165e+02 1.625864e-20 
7.553563e+02 1.600837e-20 
7.560961e+02 1.921473e-20 
7.568359e+02 1.499433e-20 
7.575758e+02 1.581120e-20 
7.583156e+02 1.501755e-20 
7.590554e+02 1.076336e-20 
7.597952e+02 1.388769e-20 
7.605350e+02 1.396211e-20 
7.612749e+02 1.342387e-20 
7.620147e+02 1.559290e-20 
7.627545e+02 1.305434e-20 
7.634943e+02 1.687621e-20 
7.642341e+02 1.615406e-20 
7.649740e+02 1.619477e-20 
7.657138e+02 1.467285e-20 
7.664536e+02 1.133964e-20 
7.671934e+02 1.425483e-20 
7.679332e+02 1.354076e-20 
7.686731e+02 1.184884e-20 
7.694129e+02 1.188590e-20 
7.701527e+02 1.227979e-20 
7.708925e+02 1.217012e-20 
7.716323e+02 1.514401e-20 
7.723722e+02 1.414191e-20 
7.731120e+02 1.241391e-20 
7.738518e+02 1.408510e-20 
7.745916e+02 1.258276e-20 
7.753314e+02 1.112897e-20 
7.760713e+02 1.118683e-20 
7.768111e+02 1.386318e-20 
7.775509e+02 1.803363e-20 
7.782907e+02 1.789749e-20 
7.790305e+02 1.800562e-20 
7.797704e+02 1.443555e-20 
7.805102e+02 1.920476e-20 
7.812500e+02 1.899610e-20 
7.819898e+02 1.806835e-20 
7.827296e+02 1.459206e-20 
7.834695e+02 1.679614e-20 
7.842093e+02 1.557304e-20 
7.849491e+02 1.375218e-20 
7.856889e+02 1.372938e-20 
7.864287e+02 1.454934e-20 
7.871686e+02 1.413659e-20 
7.879084e+02 1.335368e-20 
7.886482e+02 1.176242e-20 
7.893880e+02 1.187388e-20 
7.901278e+02 1.475043e-20 
7.908677e+02 1.716118e-20 
7.916075e+02 1.690138e-20 
7.923473e+02 1.705114e-20 
7.930871e+02 1.544340e-20 
7.938269e+02 1.313457e-20 
7.945668e+02 1.313986e-20 
7.953066e+02 1.509967e-20 
7.960464e+02 1.597150e-20 
7.967862e+02 1.455400e-20 
7.975260e+02 1.162644e-20 
7.982659e+02 1.421087e-20 
7.990057e+02 1.647305e-20 
7.997455e+02 1.561870e-20 
8.004853e+02 1.760798e-20 
8.012251e+02 1.601852e-20 
8.019650e+02 1.436043e-20 
8.027048e+02 1.736014e-20 
8.034446e+02 1.572237e-20 
8.041844e+02 9.710377e-21 
8.049242e+02 1.056382e-20 
8.056641e+02 1.279641e-20 
8.064039e+02 1.445110e-20 
8.071437e+02 1.217035e-20 
8.078835e+02 1.371068e-20 
8.086233e+02 1.096956e-20 
8.093632e+02 9.448000e-21 
8.101030e+02 1.171190e-20 
8.108428e+02 1.157348e-20 
8.115826e+02 1.395677e-20 
8.123224e+02 1.179396e-20 
8.130623e+02 1.640799e-20 
8.138021e+02 1.565177e-20 
8.145419e+02 1.317943e-20 
8.152817e+02 1.310366e-20 
8.160215e+02 1.529020e-20 
8.167614e+02 1.338333e-20 
8.175012e+02 1.605392e-20 
8.182410e+02 1.869210e-20 
8.189808e+02 1.574938e-20 
8.197206e+02 1.202342e-20 
8.204605e+02 1.008345e-20 
8.212003e+02 1.296649e-20 
8.219401e+02 1.360441e-20 
8.226799e+02 1.431895e-20 
8.234197e+02 1.385749e-20 
8.241596e+02 1.159583e-20 
8.248994e+02 1.407676e-20 
8.256392e+02 1.562739e-20 
8.263790e+02 1.592416e-20 
8.271188e+02 1.443725e-20 
8.278587e+02 1.484505e-20 
8.285985e+02 1.715948e-20 
8.293383e+02 1.455674e-20 
8.300781e+02 1.197426e-20 
8.308179e+02 1.111800e-20 
8.315578e+02 1.589305e-20 
8.322976e+02 1.466186e-20 
8.330374e+02 1.743816e-20 
8.337772e+02 1.519100e-20 
8.345170e+02 1.247470e-20 
8.352569e+02 1.734386e-20 
8.359967e+02 1.454033e-20 
8.367365e+02 1.233772e-20 
8.374763e+02 1.769466e-20 
8.382161e+02 2.051217e-20 
8.389560e+02 1.451674e-20 
8.396958e+02 1.143565e-20 
8.404356e+02 1.240473e-20 
8.411754e+02 1.604101e-20 
8.419152e+02 1.578584e-20 
8.426551e+02 1.432496e-20 
8.433949e+02 1.452541e-20 
8.441347e+02 1.480028e-20 
8.448745e+02 1.556767e-20 
8.456143e+02 1.020658e-20 
8.463542e+02 1.256446e-20 
8.470940e+02 1.621816e-20 
8.478338e+02 1.689118e-20 
8.485736e+02 1.346452e-20 
8.493134e+02 1.319769e-20 
8.500533e+02 1.554126e-20 
8.507931e+02 1.150756e-20 
8.515329e+02 1.022171e-20 
8.522727e+02 1.171506e-20 
8.530125e+02 1.035816e-20 
8.537524e+02 9.887764e-21 
8.544922e+02 1.390479e-20 
8.552320e+02 1.248812e-20 
8.559718e+02 1.402488e-20 
8.567116e+02 1.147038e-20 
8.574515e+02 1.330712e-20 
8.581913e+02 1.403608e-20 
8.589311e+02 1.496467e-20 
8.596709e+02 1.339555e-20 
8.604107e+02 1.276602e-20 
8.611506e+02 1.373286e-20 
8.618904e+02 1.609578e-20 
8.626302e+02 1.660612e-20 
8.633700e+02 2.004391e-20 
8.641098e+02 1.565214e-20 
8.648497e+02 1.443657e-20 
8.655895e+02 1.386473e-20 
8.663293e+02 1.464128e-20 
8.670691e+02 1.482230e-20 
8.678089e+02 1.376660e-20 
8.685488e+02 1.341293e-20 
8.692886e+02 1.231015e-20 
8.700284e+02 1.123277e-20 
8.707682e+02 1.215117e-20 
8.715080e+02 1.152929e-20 
8.722479e+02 1.333973e-20 
8.729877e+02 1.184115e-20 
8.737275e+02 1.422581e-20 
8.744673e+02 1.723654e-20 
8.752071e+02 1.166246e-20 
8.759470e+02 9.680436e-21 
8.766868e+02 1.284349e-20 
8.774266e+02 1.310636e-20 
8.781664e+02 1.291535e-20 
8.789063e+02 1.104685e-20 
8.796461e+02 1.624129e-20 
8.803859e+02 1.569335e-20 
8.811257e+02 1.204657e-20 
8.818655e+02 1.127595e-20 
8.826054e+02 1.247247e-20 
8.833452e+02 1.197531e-20 
8.840850e+02 1.381618e-20 
8.848248e+02 1.263125e-20 
8.855646e+02 1.219989e-20 
8.863045e+02 1.501303e-20 
8.870443e+02 1.374634e-20 
8.877841e+02 1.301195e-20 
8.885239e+02 1.545955e-20 
8.892637e+02 1.479255e-20 
8.900036e+02 1.700041e-20 
8.907434e+02 1.352299e-20 
8.914832e+02 1.494403e-20 
8.922230e+02 1.166516e-20 
8.929628e+02 1.298259e-20 
8.937027e+02 1.431356e-20 
8.944425e+02 1.852145e-20 
8.951823e+02 1.693654e-20 
8.959221e+02 1.416112e-20 
8.966619e+02 1.416517e-20 
8.974018e+02 1.744410e-20 
8.981416e+02 1.694188e-20 
8.988814e+02 1.464804e-20 
8.996212e+02 1.182293e-20 
9.003610e+02 1.353579e-20 
9.011009e+02 1.233657e-20 
9.018407e+02 1.311935e-20 
9.025805e+02 1.401235e-20 
9.033203e+02 1.344649e-20 
9.040601e+02 1.003893e-20 
9.048000e+02 1.024354e-20 
9.055398e+02 1.305876e-20 
9.062796e+02 1.517369e-20 
9.070194e+02 1.133022e-20 
9.077592e+02 9.156757e-21 
9.084991e+02 1.127407e-20 
9.092389e+02 1.365314e-20 
9.099787e+02 1.273035e-20 
9.107185e+02 1.130473e-20 
9.114583e+02 1.270096e-20 
9.121982e+02 1.151105e-20 
9.129380e+02 1.434966e-20 
9.136778e+02 1.403043e-20 
9.144176e+02 1.193804e-20 
9.151574e+02 1.323451e-20 
9.158973e+02 1.473963e-20 
9.166371e+02 1.437853e-20 
9.173769e+02 1.290481e-20 
9.181167e+02 1.123714e-20 
9.188565e+02 1.593579e-20 
9.195964e+02 1.611566e-20 
9.203362e+02 1.734202e-20 
9.210760e+02 1.775519e-20 
9.218158e+02 1.317700e-20 
9.225556e+02 1.329024e-20 
9.232955e+02 1.395105e-20 
9.240353e+02 1.237633e-20 
9.247751e+02 1.168603e-20 
9.255149e+02 9.706524e-21 
9.262547e+02 1.148279e-20 
9.269946e+02 1.344274e-20 
9.277344e+02 1.728043e-20 
9.284742e+02 1.677213e-20 
9.292140e+02 1.637794e-20 
9.299538e+02 1.194266e-20 
9.306937e+02 1.069274e-20 
9.314335e+02 1.255108e-20 
9.321733e+02 1.197720e-20 
9.329131e+02 1.248599e-20 
9.336529e+02 1.351524e-20 
9.343928e+02 1.315595e-20 
9.351326e+02 1.469948e-20 
9.358724e+02 1.536429e-20 
9.366122e+02 1.399130e-20 
9.373520e+02 1.032052e-20 
9.380919e+02 9.454646e-21 
9.388317e+02 1.051968e-20 
9.395715e+02 1.108411e-20 
9.403113e+02 1.316540e-20 
9.410511e+02 1.186848e-20 
9.417910e+02 1.246374e-20 
9.425308e+02 1.456711e-20 
9.432706e+02 1.383475e-20 
9.440104e+02 1.356796e-20 
9.447502e+02 1.319404e-20 
9.454901e+02 1.403501e-20 
9.462299e+02 1.102664e-20 
9.469697e+02 1.313360e-20 
9.477095e+02 1.601628e-20 
9.484493e+02 1.320400e-20 
9.491892e+02 1.345040e-20 
9.499290e+02 1.563545e-20 
9.506688e+02 1.605434e-20 
9.514086e+02 1.390821e-20 
9.521484e+02 1.489685e-20 
9.528883e+02 1.308802e-20 
9.536281e+02 1.189390e-20 
9.543679e+02 1.172646e-20 
9.551077e+02 1.160599e-20 
9.558475e+02 1.086472e-20 
9.565874e+02 1.396051e-20 
9.573272e+02 1.271468e-20 
9.580670e+02 1.264303e-20 
9.588068e+02 1.148916e-20 
9.595466e+02 1.061856e-20 
9.602865e+02 1.362005e-20 
9.610263e+02 1.317169e-20 
9.617661e+02 1.351921e-20 
9.625059e+02 1.265813e-20 
9.632457e+02 1.218801e-20 
9.639856e+02 1.292368e-20 
9.647254e+02 1.140368e-20 
9.654652e+02 1.381706e-20 
9.662050e+02 1.514997e-20 
9.669448e+02 1.507348e-20 
9.676847e+02 1.342298e-20 
9.684245e+02 1.294516e-20 
9.691643e+02 1.504717e-20 
9.699041e+02 1.378062e-20 
9.706439e+02 1.159470e-20 
9.713838e+02 1.676435e-20 
9.721236e+02 1.732294e-20 
9.728634e+02 1.440252e-20 
9.736032e+02 1.166473e-20 
9.743430e+02 1.308214e-20 
9.750829e+02 1.248353e-20 
9.758227e+02 1.231398e-20 
9.765625e+02 1.134774e-20 
9.773023e+02 1.005930e-20 
9.780421e+02 1.342774e-20 
9.787820e+02 1.534049e-20 
9.795218e+02 1.278671e-20 
9.802616e+02 1.549430e-20 
9.810014e+02 1.962572e-20 
9.817412e+02 1.337145e-20 
9.824811e+02 1.273928e-20 
9.832209e+02 1.479774e-20 
9.839607e+02 1.108233e-20 
9.847005e+02 9.222073e-21 
9.854403e+02 1.231702e-20 
9.861802e+02 9.039883e-21 
9.869200e+02 1.157729e-20 
9.876598e+02 1.443265e-20 
9.883996e+02 1.532694e-20 
9.891394e+02 1.177254e-20 
9.898793e+02 1.750643e-20 
9.906191e+02 1.191226e-20 
9.913589e+02 1.259576e-20 
9.920987e+02 1.526952e-20 
9.928385e+02 1.552045e-20 
9.935784e+02 1.470357e-20 
9.943182e+02 1.204818e-20 
9.950580e+02 1.278890e-20 
9.957978e+02 1.384995e-20 
9.965376e+02 1.299242e-20 
9.972775e+02 1.155277e-20 
9.980173e+02 1.318524e-20 
9.987571e+02 1.512214e-20 
9.994969e+02 1.356562e-20 
1.000237e+03 1.163835e-20 
1.000977e+03 1.023082e-20 
1.001716e+03 1.101538e-20 
1.002456e+03 1.265520e-20 
1.003196e+03 1.825830e-20 
1.003936e+03 1.814314e-20 
1.004676e+03 1.301762e-20 
1.005415e+03 1.188494e-20 
1.006155e+03 1.135146e-20 
1.006895e+03 1.075615e-20 
1.007635e+03 1.426807e-20 
1.008375e+03 1.327172e-20 
1.009115e+03 1.216140e-20 
1.009854e+03 1.373285e-20 
1.010594e+03 1.494948e-20 
1.011334e+03 1.488225e-20 
1.012074e+03 1.406702e-20 
1.012814e+03 1.166866e-20 
1.013554e+03 1.358194e-20 
1.014293e+03 1.435948e-20 
1.015033e+03 1.036285e-20 
1.015773e+03 1.534800e-20 
1.016513e+03 1.684203e-20 
1.017253e+03 1.714652e-20 
1.017992e+03 1.508701e-20 
1.018732e+03 1.489412e-20 
1.019472e+03 1.685065e-20 
1.020212e+03 1.382231e-20 
1.020952e+03 1.440290e-20 
1.021692e+03 1.297274e-20 
1.022431e+03 1.276092e-20 
1.023171e+03 1.421193e-20 
1.023911e+03 1.352068e-20 
1.024651e+03 1.245308e-20 
1.025391e+03 1.266874e-20 
1.026130e+03 1.069290e-20 
1.026870e+03 1.303627e-20 
1.027610e+03 1.328697e-20 
1.028350e+03 1.267867e-20 
1.029090e+03 1.370544e-20 
1.029830e+03 1.209981e-20 
1.030569e+03 1.660362e-20 
1.031309e+03 1.832885e-20 
1.032049e+03 1.549533e-20 
1.032789e+03 1.414635e-20 
1.033529e+03 1.251877e-20 
1.034268e+03 1.367880e-20 
1.035008e+03 1.320885e-20 
1.035748e+03 1.541612e-20 
1.036488e+03 1.446367e-20 
1.037228e+03 1.247472e-20 
1.037968e+03 1.544319e-20 
1.038707e+03 1.173818e-20 
1.039447e+03 1.307006e-20 
1.040187e+03 9.721302e-21 
1.040927e+03 1.193567e-20 
1.041667e+03 1.725397e-20 
1.042406e+03 1.211286e-20 
1.043146e+03 8.506707e-21 
1.043886e+03 1.444946e-20 
1.044626e+03 1.298563e-20 
1.045366e+03 1.020836e-20 
1.046106e+03 1.135340e-20 
1.046845e+03 1.411840e-20 
1.047585e+03 1.734850e-20 
1.048325e+03 1.496018e-20 
1.049065e+03 1.238362e-20 
1.049805e+03 1.227376e-20 
1.050545e+03 1.508729e-20 
1.051284e+03 1.769382e-20 
1.052024e+03 1.142267e-20 
1.052764e+03 1.313539e-20 
1.053504e+03 1.176760e-20 
1.054244e+03 1.313644e-20 
1.054983e+03 1.118703e-20 
1.055723e+03 1.239480e-20 
1.056463e+03 1.372034e-20 
1.057203e+03 1.331264e-20 
1.057943e+03 1.256329e-20 
1.058683e+03 1.422554e-20 
1.059422e+03 1.388775e-20 
1.060162e+03 1.190898e-20 
1.060902e+03 1.427220e-20 
1.061642e+03 1.364558e-20 
1.062382e+03 1.434983e-20 
1.063121e+03 1.354709e-20 
1.063861e+03 1.550918e-20 
1.064601e+03 1.546463e-20 
1.065341e+03 1.267731e-20 
1.066081e+03 1.212585e-20 
1.066821e+03 1.256145e-20 
1.067560e+03 1.467563e-20 
1.068300e+03 1.262008e-20 
1.069040e+03 1.358803e-20 
1.069780e+03 1.712969e-20 
1.070520e+03 1.422550e-20 
1.071259e+03 1.631710e-20 
1.071999e+03 1.589764e-20 
1.072739e+03 1.749052e-20 
1.073479e+03 1.300051e-20 
1.074219e+03 1.188956e-20 
1.074959e+03 1.103809e-20 
1.075698e+03 1.153709e-20 
1.076438e+03 1.529570e-20 
1.077178e+03 1.640413e-20 
1.077918e+03 1.523122e-20 
1.078658e+03 1.373488e-20 
1.079397e+03 1.187597e-20 
1.080137e+03 1.318411e-20 
1.080877e+03 1.477192e-20 
1.081617e+03 1.438230e-20 
1.082357e+03 1.592017e-20 
1.083097e+03 1.225131e-20 
1.083836e+03 1.180767e-20 
1.084576e+03 1.209558e-20 
1.085316e+03 1.202346e-20 
1.086056e+03 1.280838e-20 
1.086796e+03 1.199950e-20 
1.087536e+03 1.098133e-20 
1.088275e+03 1.217100e-20 
1.089015e+03 1.162702e-20 
1.089755e+03 1.240018e-20 
1.090495e+03 1.527940e-20 
1.091235e+03 1.227979e-20 
1.091974e+03 1.448887e-20 
1.092714e+03 1.734739e-20 
1.093454e+03 1.546772e-20 
1.094194e+03 1.567674e-20 
1.094934e+03 1.521580e-20 
1.095674e+03 1.586831e-20 
1.096413e+03 1.231013e-20 
1.097153e+03 1.446872e-20 
1.097893e+03 1.221383e-20 
1.098633e+03 1.299010e-20 
1.099373e+03 1.306698e-20 
1.100112e+03 1.546575e-20 
1.100852e+03 1.538698e-20 
1.101592e+03 1.455835e-20 
1.102332e+03 1.154395e-20 
1.103072e+03 1.033691e-20 
1.103812e+03 1.073342e-20 
1.104551e+03 1.350116e-20 
1.105291e+03 1.033282e-20 
1.106031e+03 1.105384e-20 
1.106771e+03 1.262924e-20 
1.107511e+03 1.403619e-20 
1.108250e+03 1.456306e-20 
1.108990e+03 1.378766e-20 
1.109730e+03 1.046259e-20 
1.110470e+03 1.117261e-20 
1.111210e+03 1.711826e-20 
1.111950e+03 1.262097e-20 
1.112689e+03 1.394497e-20 
1.113429e+03 1.299501e-20 
1.114169e+03 1.298572e-20 
1.114909e+03 1.333885e-20 
1.115649e+03 1.329574e-20 
1.116388e+03 1.378488e-20 
1.117128e+03 1.318010e-20 
1.117868e+03 1.448910e-20 
1.118608e+03 1.460854e-20 
1.119348e+03 1.678746e-20 
1.120088e+03 1.478052e-20 
1.120827e+03 1.260093e-20 
1.121567e+03 1.215468e-20 
1.122307e+03 1.245939e-20 
1.123047e+03 1.173007e-20 
1.123787e+03 1.137045e-20 
1.124527e+03 1.043639e-20 
1.125266e+03 1.280632e-20 
1.126006e+03 1.467230e-20 
1.126746e+03 1.516370e-20 
1.127486e+03 1.168185e-20 
1.128226e+03 1.313818e-20 
1.128965e+03 1.309713e-20 
1.129705e+03 1.257654e-20 
1.130445e+03 1.526695e-20 
1.131185e+03 1.827359e-20 
1.131925e+03 1.496929e-20 
1.132665e+03 1.616071e-20 
1.133404e+03 1.344605e-20 
1.134144e+03 1.450863e-20 
1.134884e+03 1.570658e-20 
1.135624e+03 1.171182e-20 
1.136364e+03 1.185052e-20 
1.137103e+03 8.012645e-21 
1.137843e+03 8.749228e-21 
1.138583e+03 1.250311e-20 
1.139323e+03 1.423955e-20 
1.140063e+03 1.394589e-20 
1.140803e+03 1.536247e-20 
1.141542e+03 1.340097e-20 
1.142282e+03 1.530509e-20 
1.143022e+03 1.216268e-20 
1.143762e+03 1.213001e-20 
1.144502e+03 1.441845e-20 
1.145241e+03 1.352243e-20 
1.145981e+03 1.157150e-20 
1.146721e+03 1.471647e-20 
1.147461e+03 1.316599e-20 
1.148201e+03 1.436816e-20 
1.148941e+03 1.334449e-20 
1.149680e+03 1.602293e-20 
1.150420e+03 1.744070e-20 
1.151160e+03 1.191705e-20 
1.151900e+03 1.308472e-20 
1.152640e+03 1.818692e-20 
1.153379e+03 1.667298e-20 
1.154119e+03 1.370527e-20 
1.154859e+03 1.748637e-20 
1.155599e+03 1.387559e-20 
1.156339e+03 1.417708e-20 
1.157079e+03 1.322098e-20 
1.157818e+03 1.078763e-20 
1.158558e+03 1.406997e-20 
1.159298e+03 1.545715e-20 
1.160038e+03 1.869879e-20 
1.160778e+03 1.476726e-20 
1.161518e+03 1.450609e-20 
1.162257e+03 1.602271e-20 
1.162997e+03 1.293178e-20 
1.163737e+03 1.346010e-20 
1.164477e+03 1.160272e-20 
1.165217e+03 1.084437e-20 
1.165956e+03 1.578516e-20 
1.166696e+03 1.592717e-20 
1.167436e+03 1.468016e-20 
1.168176e+03 1.553184e-20 
1.168916e+03 1.284136e-20 
1.169656e+03 1.316743e-20 
1.170395e+03 1.349274e-20 
1.171135e+03 1.258276e-20 
1.171875e+03 1.021798e-20 
1.172615e+03 1.218651e-20 
1.173355e+03 1.560161e-20 
1.174094e+03 1.606346e-20 
1.174834e+03 1.499186e-20 
1.175574e+03 1.457306e-20 
1.176314e+03 1.185937e-20 
1.177054e+03 1.322523e-20 
1.177794e+03 1.480749e-20 
1.178533e+03 1.274053e-20 
1.179273e+03 1.082755e-20 
1.180013e+03 1.473234e-20 
1.180753e+03 1.464233e-20 
1.181493e+03 1.133152e-20 
1.182232e+03 1.175877e-20 
1.182972e+03 1.296248e-20 
1.183712e+03 1.665789e-20 
1.184452e+03 1.367543e-20 
1.185192e+03 1.075012e-20 
1.185932e+03 1.475674e-20 
1.186671e+03 1.484493e-20 
1.187411e+03 1.531214e-20 
1.188151e+03 1.860324e-20 
1.188891e+03 1.324835e-20 
1.189631e+03 1.084991e-20 
1.190371e+03 1.452602e-20 
1.191110e+03 1.103844e-20 
1.191850e+03 1.123172e-20 
1.192590e+03 1.207242e-20 
1.193330e+03 1.094280e-20 
1.194070e+03 1.405462e-20 
1.194809e+03 1.445816e-20 
1.195549e+03 1.070355e-20 
1.196289e+03 1.044176e-20 
1.197029e+03 1.201556e-20 
1.197769e+03 1.453605e-20 
1.198509e+03 1.338317e-20 
1.199248e+03 1.533826e-20 
1.199988e+03 1.601163e-20 
1.200728e+03 1.382180e-20 
1.201468e+03 1.187926e-20 
1.202208e+03 1.581872e-20 
1.202947e+03 1.198742e-20 
1.203687e+03 1.359069e-20 
1.204427e+03 1.473501e-20 
1.205167e+03 1.252154e-20 
1.205907e+03 1.150332e-20 
1.206647e+03 1.247964e-20 
1.207386e+03 1.227491e-20 
1.208126e+03 1.432193e-20 
1.208866e+03 1.214677e-20 
1.209606e+03 1.010930e-20 
1.210346e+03 1.162619e-20 
1.211085e+03 1.195530e-20 
1.211825e+03 1.340796e-20 
1.212565e+03 9.890336e-21 
1.213305e+03 1.103242e-20 
1.214045e+03 1.282127e-20 
1.214785e+03 1.523857e-20 
1.215524e+03 9.913672e-21 
1.216264e+03 1.076610e-20 
1.217004e+03 1.458219e-20 
1.217744e+03 1.458778e-20 
1.218484e+03 1.202724e-20 
1.219223e+03 8.645646e-21 
1.219963e+03 1.417563e-20 
1.220703e+03 1.637140e-20 
1.221443e+03 1.194079e-20 
1.222183e+03 1.324820e-20 
1.222923e+03 1.441882e-20 
1.223662e+03 1.213024e-20 
1.224402e+03 1.405013e-20 
1.225142e+03 1.367438e-20 
1.225882e+03 1.325619e-20 
1.226622e+03 1.187731e-20 
1.227362e+03 1.274505e-20 
1.228101e+03 1.048974e-20 
1.228841e+03 1.355238e-20 
1.229581e+03 1.483435e-20 
1.230321e+03 1.252980e-20 
1.231061e+03 1.472740e-20 
1.231800e+03 1.180976e-20 
1.232540e+03 1.333362e-20 
1.233280e+03 1.130254e-20 
1.234020e+03 1.112083e-20 
1.234760e+03 1.277376e-20 
1.235500e+03 1.370973e-20 
1.236239e+03 1.333060e-20 
1.236979e+03 1.028945e-20 
1.237719e+03 9.881825e-21 
1.238459e+03 1.069925e-20 
1.239199e+03 1.635046e-20 
1.239938e+03 1.729512e-20 
1.240678e+03 1.187839e-20 
1.241418e+03 1.023639e-20 
1.242158e+03 1.624897e-20 
1.242898e+03 1.259833e-20 
1.243638e+03 1.081978e-20 
1.244377e+03 1.208048e-20 
1.245117e+03 1.125607e-20 
1.245857e+03 1.430326e-20 
1.246597e+03 1.694037e-20 
1.247337e+03 1.878167e-20 
1.248076e+03 1.543720e-20 
1.248816e+03 1.447099e-20 
1.249556e+03 1.152876e-20 
1.250296e+03 1.133364e-20 
1.251036e+03 1.190866e-20 
1.251776e+03 1.335774e-20 
1.252515e+03 1.467147e-20 
1.253255e+03 1.604169e-20 
1.253995e+03 1.610029e-20 
1.254735e+03 1.601196e-20 
1.255475e+03 1.167667e-20 
1.256214e+03 1.193180e-20 
1.256954e+03 1.191507e-20 
1.257694e+03 1.650904e-20 
1.258434e+03 1.644156e-20 
1.259174e+03 1.402065e-20 
1.259914e+03 1.703098e-20 
1.260653e+03 1.552969e-20 
1.261393e+03 1.359823e-20 
1.262133e+03 1.486009e-20 
1.262873e+03 1.650255e-20 
1.263613e+03 1.646610e-20 
1.264353e+03 1.437092e-20 
1.265092e+03 1.624272e-20 
1.265832e+03 1.221151e-20 
1.266572e+03 9.679409e-21 
1.267312e+03 1.294634e-20 
1.268052e+03 1.278298e-20 
1.268791e+03 1.469495e-20 
1.269531e+03 1.575445e-20 
1.270271e+03 1.322087e-20 
1.271011e+03 1.027805e-20 
1.271751e+03 1.115491e-20 
1.272491e+03 1.494965e-20 
1.273230e+03 1.562985e-20 
1.273970e+03 1.502809e-20 
1.274710e+03 1.500534e-20 
1.275450e+03 1.607539e-20 
1.276190e+03 1.292986e-20 
1.276929e+03 1.163740e-20 
1.277669e+03 1.407638e-20 
1.278409e+03 1.270358e-20 
1.279149e+03 1.339548e-20 
1.279889e+03 1.388320e-20 
1.280629e+03 1.217252e-20 
1.281368e+03 9.613443e-21 
1.282108e+03 1.097500e-20 
1.282848e+03 1.220899e-20 
1.283588e+03 1.131496e-20 
1.284328e+03 1.439823e-20 
1.285067e+03 1.525191e-20 
1.285807e+03 1.234153e-20 
1.286547e+03 1.113063e-20 
1.287287e+03 1.225905e-20 
1.288027e+03 1.259910e-20 
1.288767e+03 1.430690e-20 
1.289506e+03 1.219827e-20 
1.290246e+03 1.014442e-20 
1.290986e+03 1.638450e-20 
1.291726e+03 1.641748e-20 
1.292466e+03 1.299682e-20 
1.293205e+03 1.288337e-20 
1.293945e+03 1.100537e-20 
1.294685e+03 1.172466e-20 
1.295425e+03 1.222823e-20 
1.296165e+03 1.299526e-20 
1.296905e+03 1.273457e-20 
1.297644e+03 1.246751e-20 
1.298384e+03 1.508951e-20 
1.299124e+03 1.775988e-20 
1.299864e+03 1.513316e-20 
1.300604e+03 1.448415e-20 
1.301344e+03 1.228300e-20 
1.302083e+03 1.325632e-20 
1.302823e+03 1.133498e-20 
1.303563e+03 1.146300e-20 
1.304303e+03 1.370830e-20 
1.305043e+03 1.381740e-20 
1.305782e+03 1.173202e-20 
1.306522e+03 1.518091e-20 
1.307262e+03 1.849081e-20 
1.308002e+03 1.548496e-20 
1.308742e+03 1.237902e-20 
1.309482e+03 1.474148e-20 
1.310221e+03 1.705056e-20 
1.310961e+03 1.394819e-20 
1.311701e+03 1.496879e-20 
1.312441e+03 1.315107e-20 
1.313181e+03 1.155830e-20 
1.313920e+03 1.327898e-20 
1.314660e+03 1.575220e-20 
1.315400e+03 1.392707e-20 
1.316140e+03 1.396695e-20 
1.316880e+03 1.492794e-20 
1.317620e+03 1.194350e-20 
1.318359e+03 1.388035e-20 
1.319099e+03 1.165910e-20 
1.319839e+03 1.239742e-20 
1.320579e+03 1.357921e-20 
1.321319e+03 1.348928e-20 
1.322058e+03 1.469962e-20 
1.322798e+03 1.513286e-20 
1.323538e+03 1.578634e-20 
1.324278e+03 1.517090e-20 
1.325018e+03 1.285416e-20 
1.325758e+03 1.257071e-20 
1.326497e+03 1.450329e-20 
1.327237e+03 1.450434e-20 
1.327977e+03 1.311370e-20 
1.328717e+03 1.619704e-20 
1.329457e+03 1.629291e-20 
1.330196e+03 1.337978e-20 
1.330936e+03 1.072422e-20 
1.331676e+03 1.179583e-20 
1.332416e+03 1.388751e-20 
1.333156e+03 1.490977e-20 
1.333896e+03 1.235537e-20 
1.334635e+03 1.247866e-20 
1.335375e+03 1.119137e-20 
1.336115e+03 8.694754e-21 
1.336855e+03 1.312920e-20 
1.337595e+03 1.368918e-20 
1.338335e+03 1.374697e-20 
1.339074e+03 1.246482e-20 
1.339814e+03 1.152500e-20 
1.340554e+03 1.202939e-20 
1.341294e+03 1.749357e-20 
1.342034e+03 1.729780e-20 
1.342773e+03 1.381621e-20 
1.343513e+03 1.297153e-20 
1.344253e+03 1.340866e-20 
1.344993e+03 1.114668e-20 
1.345733e+03 1.101107e-20 
1.346473e+03 1.225812e-20 
1.347212e+03 1.155452e-20 
1.347952e+03 1.176992e-20 
1.348692e+03 1.309304e-20 
1.349432e+03 1.382290e-20 
1.350172e+03 1.285206e-20 
1.350911e+03 1.248653e-20 
1.351651e+03 1.287314e-20 
1.352391e+03 1.120731e-20 
1.353131e+03 1.417454e-20 
1.353871e+03 1.646921e-20 
1.354611e+03 1.144047e-20 
1.355350e+03 1.132367e-20 
1.356090e+03 1.127773e-20 
1.356830e+03 1.352492e-20 
1.357570e+03 1.293579e-20 
1.358310e+03 9.773304e-21 
1.359049e+03 1.157654e-20 
1.359789e+03 1.274040e-20 
1.360529e+03 1.178132e-20 
1.361269e+03 1.194063e-20 
1.362009e+03 1.043890e-20 
1.362749e+03 1.361175e-20 
1.363488e+03 1.514745e-20 
1.364228e+03 1.430422e-20 
1.364968e+03 1.676520e-20 
1.365708e+03 1.609179e-20 
1.366448e+03 1.220145e-20 
1.367188e+03 1.274776e-20 
1.367927e+03 1.133029e-20 
1.368667e+03 1.147030e-20 
1.369407e+03 1.245501e-20 
1.370147e+03 1.357310e-20 
1.370887e+03 1.258008e-20 
1.371626e+03 1.400518e-20 
1.372366e+03 1.490346e-20 
1.373106e+03 1.120066e-20 
1.373846e+03 1.127943e-20 
1.374586e+03 9.969087e-21 
1.375326e+03 1.016851e-20 
1.376065e+03 1.437925e-20 
1.376805e+03 1.352967e-20 
1.377545e+03 1.270973e-20 
1.378285e+03 1.374560e-20 
1.379025e+03 1.129302e-20 
1.379764e+03 1.312255e-20 
1.380504e+03 1.255332e-20 
1.381244e+03 1.620129e-20 
1.381984e+03 1.290824e-20 
1.382724e+03 1.276120e-20 
1.383464e+03 1.545689e-20 
1.384203e+03 1.635437e-20 
1.384943e+03 1.369601e-20 
1.385683e+03 1.276089e-20 
1.386423e+03 1.305121e-20 
1.387163e+03 1.025314e-20 
1.387902e+03 9.729027e-21 
1.388642e+03 1.178718e-20 
1.389382e+03 1.018418e-20 
1.390122e+03 9.787592e-21 
1.390862e+03 1.527611e-20 
1.391602e+03 1.355814e-20 
1.392341e+03 1.105427e-20 
1.393081e+03 1.431384e-20 
1.393821e+03 1.240405e-20 
1.394561e+03 1.147891e-20 
1.395301e+03 1.182869e-20 
1.396040e+03 1.291245e-20 
1.396780e+03 1.166126e-20 
1.397520e+03 1.301079e-20 
1.398260e+03 1.288265e-20 
1.399000e+03 1.291260e-20 
1.399740e+03 1.000992e-20 
1.400479e+03 1.012778e-20 
1.401219e+03 1.366540e-20 
1.401959e+03 1.657310e-20 
1.402699e+03 1.690772e-20 
1.403439e+03 1.452393e-20 
1.404179e+03 1.445687e-20 
1.404918e+03 1.288058e-20 
1.405658e+03 1.259497e-20 
1.406398e+03 1.282648e-20 
1.407138e+03 1.172603e-20 
1.407878e+03 1.145789e-20 
1.408617e+03 1.190901e-20 
1.409357e+03 1.290001e-20 
1.410097e+03 1.423676e-20 
1.410837e+03 1.167084e-20 
1.411577e+03 1.666702e-20 
1.412317e+03 1.505587e-20 
1.413056e+03 1.376666e-20 
1.413796e+03 1.587139e-20 
1.414536e+03 1.596970e-20 
1.415276e+03 1.150002e-20 
1.416016e+03 1.053048e-20 
1.416755e+03 1.032528e-20 
1.417495e+03 1.453778e-20 
1.418235e+03 1.468786e-20 
1.418975e+03 1.413742e-20 
1.419715e+03 1.249279e-20 
1.420455e+03 1.683299e-20 
1.421194e+03 1.583179e-20 
1.421934e+03 1.144986e-20 
1.422674e+03 1.219543e-20 
1.423414e+03 1.109296e-20 
1.424154e+03 7.642957e-21 
1.424893e+03 1.113609e-20 
1.425633e+03 1.545042e-20 
1.426373e+03 1.249577e-20 
1.427113e+03 1.027870e-20 
1.427853e+03 1.282487e-20 
1.428593e+03 1.143390e-20 
1.429332e+03 1.501621e-20 
1.430072e+03 1.260873e-20 
1.430812e+03 1.355883e-20 
1.431552e+03 1.678725e-20 
1.432292e+03 1.333120e-20 
1.433031e+03 1.154983e-20 
1.433771e+03 1.128688e-20 
1.434511e+03 1.017747e-20 
1.435251e+03 1.388172e-20 
1.435991e+03 1.211463e-20 
1.436731e+03 1.422420e-20 
1.437470e+03 1.400923e-20 
1.438210e+03 1.473537e-20 
1.438950e+03 1.515151e-20 
1.439690e+03 1.117196e-20 
1.440430e+03 1.328635e-20 
1.441170e+03 1.378805e-20 
1.441909e+03 1.384149e-20 
1.442649e+03 1.200446e-20 
1.443389e+03 1.193555e-20 
1.444129e+03 1.098015e-20 
1.444869e+03 1.169957e-20 
1.445608e+03 1.402434e-20 
1.446348e+03 1.138926e-20 
1.447088e+03 1.124112e-20 
1.447828e+03 1.693785e-20 
1.448568e+03 1.925452e-20 
1.449308e+03 1.651643e-20 
1.450047e+03 1.363198e-20 
1.450787e+03 1.434596e-20 
1.451527e+03 1.771722e-20 
1.452267e+03 1.540073e-20 
1.453007e+03 1.554411e-20 
1.453746e+03 1.485731e-20 
1.454486e+03 1.499011e-20 
1.455226e+03 1.399610e-20 
1.455966e+03 1.132963e-20 
1.456706e+03 1.017233e-20 
1.457446e+03 1.015010e-20 
1.458185e+03 1.197173e-20 
1.458925e+03 1.282674e-20 
1.459665e+03 1.491441e-20 
1.460405e+03 1.459043e-20 
1.461145e+03 1.297636e-20 
1.461884e+03 1.453503e-20 
1.462624e+03 1.470834e-20 
1.463364e+03 1.302108e-20 
1.464104e+03 1.138423e-20 
1.464844e+03 1.419052e-20 
1.465584e+03 1.306234e-20 
1.466323e+03 1.526349e-20 
1.467063e+03 1.350586e-20 
1.467803e+03 1.468188e-20 
1.468543e+03 1.307774e-20 
1.469283e+03 1.506351e-20 
1.470022e+03 1.711975e-20 
1.470762e+03 1.294796e-20 
1.471502e+03 1.175811e-20 
1.472242e+03 1.468782e-20 
1.472982e+03 1.518789e-20 
1.473722e+03 1.696269e-20 
1.474461e+03 1.296952e-20 
1.475201e+03 1.392626e-20 
1.475941e+03 1.762316e-20 
1.476681e+03 1.610333e-20 
1.477421e+03 1.111403e-20 
1.478161e+03 1.277007e-20 
1.478900e+03 1.207528e-20 
1.479640e+03 1.430880e-20 
1.480380e+03 1.196429e-20 
1.481120e+03 1.158108e-20 
1.481860e+03 1.432218e-20 
1.482599e+03 1.406853e-20 
1.483339e+03 1.434646e-20 
1.484079e+03 1.211417e-20 
1.484819e+03 1.355321e-20 
1.485559e+03 1.619000e-20 
1.486299e+03 1.669412e-20 
1.487038e+03 1.670312e-20 
1.487778e+03 1.753363e-20 
1.488518e+03 1.482373e-20 
1.489258e+03 1.219597e-20 
1.489998e+03 1.201435e-20 
1.490737e+03 1.091211e-20 
1.491477e+03 1.079626e-20 
1.492217e+03 1.053392e-20 
1.492957e+03 1.382992e-20 
1.493697e+03 1.499852e-20 
1.494437e+03 1.601375e-20 
1.495176e+03 1.549675e-20 
1.495916e+03 1.658289e-20 
1.496656e+03 1.683367e-20 
1.497396e+03 1.046129e-20 
1.498136e+03 1.056506e-20 
1.498875e+03 1.332360e-20 
1.499615e+03 1.247821e-20 
1.500355e+03 1.133121e-20 
1.501095e+03 1.313164e-20 
1.501835e+03 1.338571e-20 
1.502575e+03 1.541579e-20 
1.503314e+03 1.506718e-20 
1.504054e+03 1.279829e-20 
1.504794e+03 1.429441e-20 
1.505534e+03 1.313711e-20 
1.506274e+03 1.480601e-20 
1.507013e+03 1.917691e-20 
1.507753e+03 2.049276e-20 
1.508493e+03 1.580277e-20 
1.509233e+03 1.225205e-20 
1.509973e+03 1.350644e-20 
1.510713e+03 1.088142e-20 
1.511452e+03 1.344290e-20 
1.512192e+03 1.257822e-20 
1.512932e+03 1.187961e-20 
1.513672e+03 1.477396e-20 
1.514412e+03 1.670031e-20 
1.515152e+03 5.909038e-21 
