f            Pxx32k       Pxx31k       Pxx30k       Pxx29k       Pxx28k       Pxx27k       Pxx26k       Pxx25k       Pxx_pow32k   Pxx_pow31k   Pxx_pow30k   Pxx_pow29k   Pxx_pow28k   Pxx_pow27k   Pxx_pow26k   Pxx_pow25k   
4.768372e-01 3.605787e-10 3.899023e-10 4.318631e-10 4.583949e-10 5.024134e-10 5.628100e-10 5.712269e-10 6.300677e-10 8.911023e-16 8.883964e-16 8.850671e-16 8.834387e-16 8.819658e-16 8.806603e-16 8.805694e-16 8.798461e-16 
7.152557e-01 3.605481e-10 3.898730e-10 4.318360e-10 4.583674e-10 5.023881e-10 5.627909e-10 5.712035e-10 6.300481e-10 8.910265e-16 8.883297e-16 8.850115e-16 8.833856e-16 8.819212e-16 8.806304e-16 8.805333e-16 8.798187e-16 
9.536743e-01 3.605052e-10 3.898321e-10 4.317980e-10 4.583288e-10 5.023526e-10 5.627642e-10 5.711706e-10 6.300207e-10 8.909206e-16 8.882364e-16 8.849336e-16 8.833113e-16 8.818589e-16 8.805887e-16 8.804826e-16 8.797803e-16 
1.192093e+00 3.604501e-10 3.897795e-10 4.317492e-10 4.582792e-10 5.023069e-10 5.627299e-10 5.711284e-10 6.299854e-10 8.907844e-16 8.881165e-16 8.848336e-16 8.832158e-16 8.817788e-16 8.805349e-16 8.804175e-16 8.797310e-16 
1.430511e+00 3.603827e-10 3.897152e-10 4.316895e-10 4.582187e-10 5.022512e-10 5.626880e-10 5.710768e-10 6.299422e-10 8.906180e-16 8.879701e-16 8.847113e-16 8.830990e-16 8.816809e-16 8.804693e-16 8.803380e-16 8.796708e-16 
1.668930e+00 3.603032e-10 3.896393e-10 4.316191e-10 4.581471e-10 5.021853e-10 5.626384e-10 5.710158e-10 6.298913e-10 8.904215e-16 8.877971e-16 8.845669e-16 8.829612e-16 8.815653e-16 8.803918e-16 8.802440e-16 8.795996e-16 
1.907349e+00 3.602116e-10 3.895518e-10 4.315378e-10 4.580646e-10 5.021093e-10 5.625813e-10 5.709455e-10 6.298325e-10 8.901950e-16 8.875976e-16 8.844004e-16 8.828022e-16 8.814319e-16 8.803023e-16 8.801356e-16 8.795175e-16 
2.145767e+00 3.601078e-10 3.894526e-10 4.314458e-10 4.579712e-10 5.020233e-10 5.625165e-10 5.708658e-10 6.297659e-10 8.899385e-16 8.873718e-16 8.842118e-16 8.826221e-16 8.812809e-16 8.802010e-16 8.800128e-16 8.794245e-16 
2.384186e+00 3.599919e-10 3.893419e-10 4.313430e-10 4.578668e-10 5.019272e-10 5.624441e-10 5.707769e-10 6.296914e-10 8.896522e-16 8.871196e-16 8.840011e-16 8.824209e-16 8.811121e-16 8.800878e-16 8.798756e-16 8.793206e-16 
2.622604e+00 3.598640e-10 3.892197e-10 4.312295e-10 4.577515e-10 5.018210e-10 5.623642e-10 5.706786e-10 6.296092e-10 8.893360e-16 8.868411e-16 8.837685e-16 8.821988e-16 8.809257e-16 8.799627e-16 8.797241e-16 8.792058e-16 
2.861023e+00 3.597241e-10 3.890860e-10 4.311053e-10 4.576254e-10 5.017048e-10 5.622767e-10 5.705709e-10 6.295192e-10 8.889902e-16 8.865364e-16 8.835139e-16 8.819556e-16 8.807217e-16 8.798258e-16 8.795582e-16 8.790801e-16 
3.099442e+00 3.595722e-10 3.889408e-10 4.309704e-10 4.574884e-10 5.015786e-10 5.621817e-10 5.704540e-10 6.294214e-10 8.886149e-16 8.862057e-16 8.832375e-16 8.816916e-16 8.805002e-16 8.796771e-16 8.793780e-16 8.789435e-16 
3.337860e+00 3.594084e-10 3.887843e-10 4.308249e-10 4.573406e-10 5.014424e-10 5.620790e-10 5.703279e-10 6.293158e-10 8.882101e-16 8.858489e-16 8.829393e-16 8.814068e-16 8.802611e-16 8.795165e-16 8.791835e-16 8.787961e-16 
3.576279e+00 3.592328e-10 3.886163e-10 4.306688e-10 4.571820e-10 5.012962e-10 5.619689e-10 5.701925e-10 6.292025e-10 8.877760e-16 8.854663e-16 8.826194e-16 8.811012e-16 8.800045e-16 8.793442e-16 8.789748e-16 8.786378e-16 
3.814697e+00 3.590453e-10 3.884371e-10 4.305021e-10 4.570127e-10 5.011401e-10 5.618512e-10 5.700478e-10 6.290814e-10 8.873129e-16 8.850579e-16 8.822778e-16 8.807749e-16 8.797305e-16 8.791600e-16 8.787518e-16 8.784687e-16 
4.053116e+00 3.588462e-10 3.882466e-10 4.303249e-10 4.568327e-10 5.009741e-10 5.617261e-10 5.698940e-10 6.289526e-10 8.868207e-16 8.846239e-16 8.819147e-16 8.804279e-16 8.794391e-16 8.789642e-16 8.785146e-16 8.782889e-16 
4.291534e+00 3.586354e-10 3.880449e-10 4.301373e-10 4.566420e-10 5.007982e-10 5.615934e-10 5.697310e-10 6.288161e-10 8.862997e-16 8.841643e-16 8.815301e-16 8.800605e-16 8.791304e-16 8.787566e-16 8.782633e-16 8.780982e-16 
4.529953e+00 3.584130e-10 3.878321e-10 4.299392e-10 4.564407e-10 5.006125e-10 5.614533e-10 5.695588e-10 6.286719e-10 8.857502e-16 8.836793e-16 8.811241e-16 8.796725e-16 8.788044e-16 8.785373e-16 8.779979e-16 8.778968e-16 
4.768372e+00 3.581791e-10 3.876081e-10 4.297307e-10 4.562288e-10 5.004170e-10 5.613057e-10 5.693774e-10 6.285199e-10 8.851721e-16 8.831691e-16 8.806968e-16 8.792642e-16 8.784612e-16 8.783064e-16 8.777184e-16 8.776847e-16 
5.006790e+00 3.579338e-10 3.873732e-10 4.295118e-10 4.560064e-10 5.002118e-10 5.611506e-10 5.691870e-10 6.283604e-10 8.845658e-16 8.826338e-16 8.802483e-16 8.788355e-16 8.781008e-16 8.780638e-16 8.774248e-16 8.774618e-16 
5.245209e+00 3.576771e-10 3.871273e-10 4.292827e-10 4.557736e-10 4.999968e-10 5.609882e-10 5.689875e-10 6.281931e-10 8.839315e-16 8.820736e-16 8.797788e-16 8.783867e-16 8.777234e-16 8.778096e-16 8.771173e-16 8.772283e-16 
5.483627e+00 3.574092e-10 3.868706e-10 4.290434e-10 4.555303e-10 4.997721e-10 5.608183e-10 5.687789e-10 6.280183e-10 8.832693e-16 8.814886e-16 8.792883e-16 8.779178e-16 8.773290e-16 8.775438e-16 8.767958e-16 8.769841e-16 
5.722046e+00 3.571300e-10 3.866030e-10 4.287939e-10 4.552766e-10 4.995377e-10 5.606411e-10 5.685614e-10 6.278358e-10 8.825796e-16 8.808790e-16 8.787770e-16 8.774289e-16 8.769176e-16 8.772665e-16 8.764604e-16 8.767293e-16 
5.960464e+00 3.568398e-10 3.863248e-10 4.285343e-10 4.550126e-10 4.992938e-10 5.604565e-10 5.683348e-10 6.276457e-10 8.818624e-16 8.802449e-16 8.782449e-16 8.769202e-16 8.764893e-16 8.769777e-16 8.761111e-16 8.764639e-16 
6.437302e+00 3.562266e-10 3.857364e-10 4.279850e-10 4.544539e-10 4.987773e-10 5.600654e-10 5.678549e-10 6.272429e-10 8.803468e-16 8.789043e-16 8.771191e-16 8.758434e-16 8.755826e-16 8.763656e-16 8.753713e-16 8.759013e-16 
6.675720e+00 3.559037e-10 3.854264e-10 4.276954e-10 4.541593e-10 4.985048e-10 5.598589e-10 5.676016e-10 6.270302e-10 8.795490e-16 8.781981e-16 8.765257e-16 8.752757e-16 8.751043e-16 8.760425e-16 8.749808e-16 8.756043e-16 
6.914139e+00 3.555702e-10 3.851061e-10 4.273960e-10 4.538547e-10 4.982229e-10 5.596451e-10 5.673394e-10 6.268099e-10 8.787247e-16 8.774682e-16 8.759120e-16 8.746886e-16 8.746094e-16 8.757080e-16 8.745767e-16 8.752968e-16 
7.152557e+00 3.552261e-10 3.847755e-10 4.270868e-10 4.535401e-10 4.979316e-10 5.594241e-10 5.670685e-10 6.265822e-10 8.778743e-16 8.767149e-16 8.752783e-16 8.740822e-16 8.740981e-16 8.753622e-16 8.741590e-16 8.749788e-16 
7.629395e+00 3.545066e-10 3.840838e-10 4.264393e-10 4.528810e-10 4.973212e-10 5.589606e-10 5.665003e-10 6.261045e-10 8.760961e-16 8.751388e-16 8.739514e-16 8.728121e-16 8.730266e-16 8.746369e-16 8.732832e-16 8.743117e-16 
7.867813e+00 3.541314e-10 3.837228e-10 4.261012e-10 4.525368e-10 4.970022e-10 5.587180e-10 5.662032e-10 6.258546e-10 8.751690e-16 8.743164e-16 8.732584e-16 8.721487e-16 8.724666e-16 8.742574e-16 8.728252e-16 8.739627e-16 
8.344650e+00 3.533508e-10 3.829714e-10 4.253965e-10 4.518193e-10 4.963368e-10 5.582117e-10 5.655831e-10 6.253325e-10 8.732400e-16 8.726041e-16 8.718144e-16 8.707659e-16 8.712985e-16 8.734650e-16 8.718693e-16 8.732337e-16 
8.821487e+00 3.525308e-10 3.821811e-10 4.246546e-10 4.510635e-10 4.956353e-10 5.576771e-10 5.649288e-10 6.247813e-10 8.712134e-16 8.708035e-16 8.702939e-16 8.693093e-16 8.700670e-16 8.726286e-16 8.708607e-16 8.724639e-16 
9.059906e+00 3.521063e-10 3.817717e-10 4.242699e-10 4.506715e-10 4.952712e-10 5.573993e-10 5.645890e-10 6.244947e-10 8.701642e-16 8.698706e-16 8.695054e-16 8.685538e-16 8.694278e-16 8.721939e-16 8.703368e-16 8.720638e-16 
9.536743e+00 3.512289e-10 3.809248e-10 4.234733e-10 4.498595e-10 4.945165e-10 5.568229e-10 5.638841e-10 6.239001e-10 8.679959e-16 8.679410e-16 8.678729e-16 8.669890e-16 8.681030e-16 8.712919e-16 8.692502e-16 8.712333e-16 
1.001358e+01 3.503146e-10 3.800413e-10 4.226411e-10 4.490110e-10 4.937269e-10 5.562189e-10 5.631461e-10 6.232767e-10 8.657364e-16 8.659281e-16 8.661674e-16 8.653536e-16 8.667170e-16 8.703469e-16 8.681125e-16 8.703629e-16 
1.049042e+01 3.493644e-10 3.791222e-10 4.217741e-10 4.481265e-10 4.929032e-10 5.555877e-10 5.623752e-10 6.226251e-10 8.633883e-16 8.638338e-16 8.643905e-16 8.636490e-16 8.652709e-16 8.693592e-16 8.669242e-16 8.694529e-16 
1.096725e+01 3.483796e-10 3.781684e-10 4.208730e-10 4.472069e-10 4.920457e-10 5.549296e-10 5.615720e-10 6.219453e-10 8.609544e-16 8.616605e-16 8.625437e-16 8.618767e-16 8.637656e-16 8.683293e-16 8.656860e-16 8.685037e-16 
1.144409e+01 3.473611e-10 3.771808e-10 4.199385e-10 4.462528e-10 4.911551e-10 5.542447e-10 5.607368e-10 6.212378e-10 8.584374e-16 8.594102e-16 8.606287e-16 8.600379e-16 8.622023e-16 8.672577e-16 8.643986e-16 8.675157e-16 
1.192093e+01 3.463102e-10 3.761604e-10 4.189716e-10 4.452650e-10 4.902320e-10 5.535336e-10 5.598703e-10 6.205028e-10 8.558403e-16 8.570854e-16 8.586469e-16 8.581342e-16 8.605818e-16 8.661450e-16 8.630627e-16 8.664893e-16 
1.263618e+01 3.446755e-10 3.745707e-10 4.174619e-10 4.437219e-10 4.887878e-10 5.524182e-10 5.585124e-10 6.193495e-10 8.518005e-16 8.534632e-16 8.555529e-16 8.551603e-16 8.580466e-16 8.643997e-16 8.609695e-16 8.648787e-16 
1.311302e+01 3.435486e-10 3.734729e-10 4.164171e-10 4.426534e-10 4.877862e-10 5.516428e-10 5.575693e-10 6.185472e-10 8.490156e-16 8.509619e-16 8.534118e-16 8.531010e-16 8.562883e-16 8.631863e-16 8.595157e-16 8.637584e-16 
1.382828e+01 3.418054e-10 3.717719e-10 4.147947e-10 4.409929e-10 4.862272e-10 5.504325e-10 5.560991e-10 6.172944e-10 8.447077e-16 8.470861e-16 8.500867e-16 8.499009e-16 8.535515e-16 8.612926e-16 8.572492e-16 8.620090e-16 
1.430511e+01 3.406099e-10 3.706032e-10 4.136774e-10 4.398487e-10 4.851511e-10 5.495949e-10 5.550826e-10 6.164268e-10 8.417532e-16 8.444232e-16 8.477970e-16 8.476957e-16 8.516624e-16 8.599819e-16 8.556823e-16 8.607975e-16 
1.502037e+01 3.387694e-10 3.688007e-10 4.119502e-10 4.380786e-10 4.834835e-10 5.482933e-10 5.535048e-10 6.150779e-10 8.372048e-16 8.403162e-16 8.442572e-16 8.442843e-16 8.487351e-16 8.579452e-16 8.532500e-16 8.589137e-16 
1.573563e+01 3.368759e-10 3.669421e-10 4.101641e-10 4.362466e-10 4.817539e-10 5.469385e-10 5.518648e-10 6.136728e-10 8.325253e-16 8.360814e-16 8.405967e-16 8.407535e-16 8.456988e-16 8.558252e-16 8.507220e-16 8.569517e-16 
1.645088e+01 3.349334e-10 3.650310e-10 4.083220e-10 4.343554e-10 4.799646e-10 5.455319e-10 5.501647e-10 6.122129e-10 8.277247e-16 8.317269e-16 8.368216e-16 8.371088e-16 8.425578e-16 8.536243e-16 8.481011e-16 8.549130e-16 
1.716614e+01 3.329457e-10 3.630709e-10 4.064270e-10 4.324082e-10 4.781180e-10 5.440748e-10 5.484062e-10 6.106995e-10 8.228126e-16 8.272608e-16 8.329378e-16 8.333560e-16 8.393162e-16 8.513443e-16 8.453903e-16 8.527996e-16 
1.811981e+01 3.302321e-10 3.603874e-10 4.038230e-10 4.297295e-10 4.755710e-10 5.420561e-10 5.459742e-10 6.086006e-10 8.161064e-16 8.211463e-16 8.276013e-16 8.281936e-16 8.348450e-16 8.481854e-16 8.416413e-16 8.498687e-16 
1.883507e+01 3.281542e-10 3.583267e-10 4.018160e-10 4.276626e-10 4.736002e-10 5.404868e-10 5.440872e-10 6.069674e-10 8.109713e-16 8.164510e-16 8.234881e-16 8.242102e-16 8.313853e-16 8.457299e-16 8.387325e-16 8.475881e-16 
1.978874e+01 3.253339e-10 3.555215e-10 3.990735e-10 4.248351e-10 4.708964e-10 5.383236e-10 5.414911e-10 6.047139e-10 8.040013e-16 8.100594e-16 8.178676e-16 8.187608e-16 8.266389e-16 8.423450e-16 8.347305e-16 8.444412e-16 
2.074242e+01 3.224643e-10 3.526578e-10 3.962614e-10 4.219318e-10 4.681110e-10 5.360826e-10 5.388077e-10 6.023766e-10 7.969097e-16 8.035344e-16 8.121044e-16 8.131655e-16 8.217492e-16 8.388384e-16 8.305940e-16 8.411772e-16 
2.169609e+01 3.195537e-10 3.497432e-10 3.933865e-10 4.189597e-10 4.652497e-10 5.337673e-10 5.360419e-10 5.999588e-10 7.897166e-16 7.968934e-16 8.062124e-16 8.074374e-16 8.167264e-16 8.352156e-16 8.263304e-16 8.378010e-16 
2.264977e+01 3.166097e-10 3.467851e-10 3.904553e-10 4.159252e-10 4.623183e-10 5.313813e-10 5.331985e-10 5.974640e-10 7.824411e-16 7.901533e-16 8.002053e-16 8.015891e-16 8.115804e-16 8.314821e-16 8.219470e-16 8.343172e-16 
2.384186e+01 3.128940e-10 3.430370e-10 3.867222e-10 4.120542e-10 4.585640e-10 5.283049e-10 5.295422e-10 5.942425e-10 7.732585e-16 7.816134e-16 7.925545e-16 7.941288e-16 8.049899e-16 8.266682e-16 8.163108e-16 8.298186e-16 
2.479553e+01 3.099012e-10 3.400064e-10 3.836878e-10 4.089027e-10 4.554952e-10 5.257728e-10 5.265415e-10 5.915871e-10 7.658624e-16 7.747081e-16 7.863359e-16 7.880552e-16 7.996028e-16 8.227061e-16 8.116850e-16 8.261105e-16 
2.598763e+01 3.061455e-10 3.361884e-10 3.798449e-10 4.049050e-10 4.515865e-10 5.225249e-10 5.227035e-10 5.881757e-10 7.565808e-16 7.660086e-16 7.784602e-16 7.803506e-16 7.927412e-16 8.176240e-16 8.057686e-16 8.213468e-16 
2.717972e+01 3.023840e-10 3.323479e-10 3.759569e-10 4.008528e-10 4.476065e-10 5.191916e-10 5.187773e-10 5.846684e-10 7.472850e-16 7.572582e-16 7.704919e-16 7.725411e-16 7.857544e-16 8.124081e-16 7.997162e-16 8.164491e-16 
2.861023e+01 2.978774e-10 3.277250e-10 3.712463e-10 3.959334e-10 4.427502e-10 5.150882e-10 5.139617e-10 5.803425e-10 7.361478e-16 7.467246e-16 7.608380e-16 7.630602e-16 7.772294e-16 8.059873e-16 7.922928e-16 8.104081e-16 
2.980232e+01 2.941388e-10 3.238718e-10 3.672949e-10 3.917985e-10 4.386475e-10 5.115905e-10 5.098720e-10 5.766476e-10 7.269087e-16 7.379453e-16 7.527400e-16 7.550911e-16 7.700273e-16 8.005143e-16 7.859883e-16 8.052485e-16 
3.123283e+01 2.896853e-10 3.192605e-10 3.625357e-10 3.868079e-10 4.336707e-10 5.073092e-10 5.048847e-10 5.721156e-10 7.159026e-16 7.274383e-16 7.429864e-16 7.454731e-16 7.612907e-16 7.938150e-16 7.783002e-16 7.989199e-16 
3.266335e+01 2.852792e-10 3.146756e-10 3.577709e-10 3.818003e-10 4.286492e-10 5.029465e-10 4.998235e-10 5.674871e-10 7.050138e-16 7.169915e-16 7.332214e-16 7.358222e-16 7.524757e-16 7.869885e-16 7.704982e-16 7.924565e-16 
3.433228e+01 2.802131e-10 3.093757e-10 3.522224e-10 3.759549e-10 4.227525e-10 4.977680e-10 4.938427e-10 5.619794e-10 6.924938e-16 7.049158e-16 7.218500e-16 7.245567e-16 7.421243e-16 7.788855e-16 7.612786e-16 7.847654e-16 
3.600121e+01 2.752403e-10 3.041445e-10 3.467025e-10 3.701247e-10 4.168336e-10 4.925096e-10 4.877988e-10 5.563715e-10 6.802045e-16 6.929964e-16 7.105375e-16 7.133205e-16 7.317339e-16 7.706573e-16 7.519616e-16 7.769343e-16 
3.767014e+01 2.703724e-10 2.989956e-10 3.412275e-10 3.643271e-10 4.109106e-10 4.871864e-10 4.817100e-10 5.506790e-10 6.681744e-16 6.812646e-16 6.993171e-16 7.021471e-16 7.213363e-16 7.623278e-16 7.425754e-16 7.689852e-16 
3.933907e+01 2.656183e-10 2.939405e-10 3.358115e-10 3.585773e-10 4.049999e-10 4.818131e-10 4.755933e-10 5.449172e-10 6.564255e-16 6.697463e-16 6.882174e-16 6.910659e-16 7.109604e-16 7.539200e-16 7.331463e-16 7.609392e-16 
4.124641e+01 2.603330e-10 2.882895e-10 3.297093e-10 3.520817e-10 3.982788e-10 4.756283e-10 4.685886e-10 5.382655e-10 6.433640e-16 6.568706e-16 6.757115e-16 6.785473e-16 6.991619e-16 7.442422e-16 7.223483e-16 7.516505e-16 
4.315376e+01 2.552124e-10 2.827835e-10 3.237147e-10 3.456827e-10 3.916124e-10 4.694146e-10 4.615892e-10 5.315617e-10 6.307094e-16 6.443250e-16 6.634260e-16 6.662148e-16 6.874592e-16 7.345193e-16 7.115584e-16 7.422892e-16 
4.529953e+01 2.496541e-10 2.767719e-10 3.171143e-10 3.386164e-10 3.841986e-10 4.624112e-10 4.537446e-10 5.239808e-10 6.169729e-16 6.306276e-16 6.498991e-16 6.525963e-16 6.744445e-16 7.235607e-16 6.994657e-16 7.317030e-16 
4.720688e+01 2.448955e-10 2.715965e-10 3.113854e-10 3.324653e-10 3.777006e-10 4.561919e-10 4.468168e-10 5.172263e-10 6.052129e-16 6.188354e-16 6.381581e-16 6.407417e-16 6.630375e-16 7.138290e-16 6.887862e-16 7.222707e-16 
4.959106e+01 2.391885e-10 2.653545e-10 3.044180e-10 3.249623e-10 3.697183e-10 4.484478e-10 4.382399e-10 5.087864e-10 5.911094e-16 6.046129e-16 6.238790e-16 6.262816e-16 6.490250e-16 7.017113e-16 6.755645e-16 7.104851e-16 
5.197525e+01 2.337471e-10 2.593668e-10 2.976747e-10 3.176772e-10 3.619091e-10 4.407597e-10 4.297776e-10 5.003756e-10 5.776618e-16 5.909700e-16 6.100592e-16 6.122414e-16 6.353162e-16 6.896813e-16 6.625196e-16 6.987400e-16 
5.435944e+01 2.285657e-10 2.536325e-10 2.911612e-10 3.106182e-10 3.542870e-10 4.331486e-10 4.214505e-10 4.920178e-10 5.648569e-16 5.779043e-16 5.967104e-16 5.986371e-16 6.219360e-16 6.777719e-16 6.496830e-16 6.870689e-16 
5.698204e+01 2.231576e-10 2.476130e-10 2.842649e-10 3.031203e-10 3.461315e-10 4.248870e-10 4.124665e-10 4.829104e-10 5.514919e-16 5.641888e-16 5.825769e-16 5.841868e-16 6.076193e-16 6.648445e-16 6.358337e-16 6.743510e-16 
5.960464e+01 2.180436e-10 2.418882e-10 2.776494e-10 2.959044e-10 3.382247e-10 4.167605e-10 4.036835e-10 4.739163e-10 5.388537e-16 5.511448e-16 5.690190e-16 5.702798e-16 5.937393e-16 6.521285e-16 6.222944e-16 6.617913e-16 
6.246567e+01 2.127849e-10 2.359680e-10 2.707491e-10 2.883529e-10 3.298894e-10 4.080684e-10 3.943467e-10 4.642571e-10 5.258578e-16 5.376556e-16 5.548775e-16 5.557262e-16 5.791070e-16 6.385275e-16 6.079014e-16 6.483030e-16 
6.532669e+01 2.078431e-10 2.303733e-10 2.641723e-10 2.811312e-10 3.218598e-10 3.995732e-10 3.852770e-10 4.547778e-10 5.136450e-16 5.249080e-16 5.413989e-16 5.418083e-16 5.650114e-16 6.252346e-16 5.939201e-16 6.350658e-16 
6.842613e+01 2.028260e-10 2.246621e-10 2.574014e-10 2.736713e-10 3.135053e-10 3.906069e-10 3.757618e-10 4.447310e-10 5.012463e-16 5.118948e-16 5.275226e-16 5.274313e-16 5.503454e-16 6.112044e-16 5.792520e-16 6.210361e-16 
7.176399e+01 1.977890e-10 2.188958e-10 2.505057e-10 2.660470e-10 3.049034e-10 3.812386e-10 3.658810e-10 4.341880e-10 4.887983e-16 4.987562e-16 5.133904e-16 5.127374e-16 5.352451e-16 5.965454e-16 5.640203e-16 6.063135e-16 
7.486343e+01 1.934280e-10 2.138767e-10 2.444538e-10 2.593327e-10 2.972748e-10 3.728144e-10 3.570471e-10 4.246674e-10 4.780207e-16 4.873202e-16 5.009874e-16 4.997973e-16 5.218535e-16 5.833635e-16 5.504025e-16 5.930187e-16 
7.867813e+01 1.884463e-10 2.081126e-10 2.374449e-10 2.515291e-10 2.883455e-10 3.628147e-10 3.466218e-10 4.133170e-10 4.657096e-16 4.741866e-16 4.866234e-16 4.847579e-16 5.061785e-16 5.677165e-16 5.343315e-16 5.771687e-16 
8.225441e+01 1.841317e-10 2.030931e-10 2.312892e-10 2.446501e-10 2.804174e-10 3.538102e-10 3.372881e-10 4.030502e-10 4.550469e-16 4.627497e-16 4.740078e-16 4.715004e-16 4.922610e-16 5.536265e-16 5.199432e-16 5.628317e-16 
8.630753e+01 1.796212e-10 1.978181e-10 2.247661e-10 2.373337e-10 2.719261e-10 3.440340e-10 3.272103e-10 3.918539e-10 4.438998e-16 4.507306e-16 4.606393e-16 4.573999e-16 4.773548e-16 5.383293e-16 5.044079e-16 5.471969e-16 
9.036064e+01 1.754770e-10 1.929462e-10 2.186908e-10 2.304937e-10 2.639317e-10 3.347050e-10 3.176453e-10 3.811210e-10 4.336583e-16 4.396298e-16 4.481884e-16 4.442175e-16 4.633211e-16 5.237316e-16 4.896631e-16 5.322092e-16 
9.441376e+01 1.716645e-10 1.884421e-10 2.130295e-10 2.240965e-10 2.564052e-10 3.258106e-10 3.085711e-10 3.708436e-10 4.242365e-16 4.293673e-16 4.365860e-16 4.318885e-16 4.501087e-16 5.098140e-16 4.756748e-16 5.178575e-16 
9.894371e+01 1.677577e-10 1.838040e-10 2.071533e-10 2.174314e-10 2.485116e-10 3.163658e-10 2.989816e-10 3.598820e-10 4.145815e-16 4.187993e-16 4.245432e-16 4.190432e-16 4.362517e-16 4.950353e-16 4.608922e-16 5.025503e-16 
1.037121e+02 1.640076e-10 1.793300e-10 2.014387e-10 2.109240e-10 2.407524e-10 3.069651e-10 2.894820e-10 3.489212e-10 4.053138e-16 4.086051e-16 4.128316e-16 4.065019e-16 4.226307e-16 4.803255e-16 4.462482e-16 4.872444e-16 
1.084805e+02 1.605894e-10 1.752326e-10 1.961638e-10 2.048938e-10 2.335148e-10 2.980915e-10 2.805544e-10 3.385282e-10 3.968664e-16 3.992692e-16 4.020212e-16 3.948804e-16 4.099255e-16 4.664404e-16 4.324859e-16 4.727312e-16 
1.137257e+02 1.571703e-10 1.711151e-10 1.908217e-10 1.987626e-10 2.261079e-10 2.889044e-10 2.713498e-10 3.277191e-10 3.884167e-16 3.898874e-16 3.910730e-16 3.830640e-16 3.969229e-16 4.520649e-16 4.182967e-16 4.576370e-16 
1.189709e+02 1.540680e-10 1.673623e-10 1.859153e-10 1.931088e-10 2.192334e-10 2.802814e-10 2.627442e-10 3.175270e-10 3.807499e-16 3.813367e-16 3.810178e-16 3.721677e-16 3.848551e-16 4.385720e-16 4.050307e-16 4.434045e-16 
1.244545e+02 1.511242e-10 1.637861e-10 1.812052e-10 1.876597e-10 2.125664e-10 2.718288e-10 2.543387e-10 3.074914e-10 3.734749e-16 3.731883e-16 3.713647e-16 3.616660e-16 3.731514e-16 4.253457e-16 3.920734e-16 4.293905e-16 
1.304150e+02 1.482304e-10 1.602560e-10 1.765214e-10 1.822193e-10 2.058676e-10 2.632461e-10 2.458328e-10 2.972542e-10 3.663234e-16 3.651449e-16 3.617658e-16 3.511809e-16 3.613920e-16 4.119159e-16 3.789612e-16 4.150950e-16 
1.366138e+02 1.455175e-10 1.569332e-10 1.720804e-10 1.770395e-10 1.994491e-10 2.549366e-10 2.376239e-10 2.872960e-10 3.596191e-16 3.575738e-16 3.526643e-16 3.411982e-16 3.501246e-16 3.989136e-16 3.663069e-16 4.011890e-16 
1.430511e+02 1.429800e-10 1.538132e-10 1.678811e-10 1.721216e-10 1.933169e-10 2.469180e-10 2.297254e-10 2.776406e-10 3.533482e-16 3.504649e-16 3.440582e-16 3.317202e-16 3.393597e-16 3.863664e-16 3.541310e-16 3.877060e-16 
1.497269e+02 1.406110e-10 1.508899e-10 1.639199e-10 1.674639e-10 1.874731e-10 2.392027e-10 2.221458e-10 2.683064e-10 3.474935e-16 3.438041e-16 3.359400e-16 3.227437e-16 3.291012e-16 3.742939e-16 3.424468e-16 3.746714e-16 
1.568794e+02 1.383304e-10 1.480662e-10 1.600687e-10 1.629174e-10 1.817338e-10 2.315537e-10 2.146496e-10 2.590075e-10 3.418574e-16 3.373703e-16 3.280473e-16 3.139815e-16 3.190261e-16 3.623250e-16 3.308911e-16 3.616861e-16 
1.642704e+02 1.362164e-10 1.454406e-10 1.564652e-10 1.586467e-10 1.763096e-10 2.242578e-10 2.075153e-10 2.500940e-10 3.366331e-16 3.313880e-16 3.206623e-16 3.057508e-16 3.095041e-16 3.509087e-16 3.198933e-16 3.492390e-16 
1.718998e+02 1.342578e-10 1.430012e-10 1.530978e-10 1.546406e-10 1.711911e-10 2.173120e-10 2.007369e-10 2.415665e-10 3.317927e-16 3.258298e-16 3.137610e-16 2.980301e-16 3.005189e-16 3.400403e-16 3.094441e-16 3.373309e-16 
1.800060e+02 1.323913e-10 1.406709e-10 1.498634e-10 1.507788e-10 1.662281e-10 2.105190e-10 1.941194e-10 2.331846e-10 3.271800e-16 3.205200e-16 3.071325e-16 2.905875e-16 2.918065e-16 3.294108e-16 2.992429e-16 3.256262e-16 
1.885891e+02 1.306221e-10 1.384573e-10 1.467757e-10 1.470792e-10 1.614458e-10 2.039174e-10 1.876989e-10 2.249973e-10 3.228079e-16 3.154764e-16 3.008044e-16 2.834575e-16 2.834113e-16 3.190810e-16 2.893454e-16 3.141932e-16 
1.974106e+02 1.289940e-10 1.364167e-10 1.439165e-10 1.436423e-10 1.569779e-10 1.976990e-10 1.816597e-10 2.172450e-10 3.187843e-16 3.108269e-16 2.949447e-16 2.768338e-16 2.755681e-16 3.093506e-16 2.800358e-16 3.033677e-16 
2.067089e+02 1.274563e-10 1.344870e-10 1.412022e-10 1.403700e-10 1.527008e-10 1.916984e-10 1.758398e-10 2.097255e-10 3.149842e-16 3.064300e-16 2.893819e-16 2.705273e-16 2.680599e-16 2.999612e-16 2.710641e-16 2.928672e-16 
2.164841e+02 1.260082e-10 1.326683e-10 1.386357e-10 1.372679e-10 1.486248e-10 1.859351e-10 1.702566e-10 2.024653e-10 3.114054e-16 3.022860e-16 2.841221e-16 2.645487e-16 2.609047e-16 2.909431e-16 2.624575e-16 2.827289e-16 
2.264977e+02 1.246770e-10 1.309961e-10 1.362702e-10 1.344026e-10 1.448413e-10 1.805451e-10 1.650406e-10 1.956398e-10 3.081158e-16 2.984758e-16 2.792744e-16 2.590266e-16 2.542629e-16 2.825090e-16 2.544168e-16 2.731974e-16 
2.372265e+02 1.233961e-10 1.293874e-10 1.339910e-10 1.316371e-10 1.411726e-10 1.752804e-10 1.599510e-10 1.889380e-10 3.049501e-16 2.948105e-16 2.746034e-16 2.536967e-16 2.478225e-16 2.742711e-16 2.465710e-16 2.638388e-16 
2.484322e+02 1.221940e-10 1.278793e-10 1.318529e-10 1.290396e-10 1.377119e-10 1.702790e-10 1.551206e-10 1.825379e-10 3.019793e-16 2.913743e-16 2.702213e-16 2.486908e-16 2.417475e-16 2.664451e-16 2.391246e-16 2.549015e-16 
2.601147e+02 1.210654e-10 1.264658e-10 1.298495e-10 1.266048e-10 1.344554e-10 1.655405e-10 1.505483e-10 1.764429e-10 2.991902e-16 2.881536e-16 2.661157e-16 2.439984e-16 2.360308e-16 2.590305e-16 2.320763e-16 2.463903e-16 
2.722740e+02 1.200045e-10 1.251404e-10 1.279738e-10 1.243257e-10 1.313968e-10 1.610613e-10 1.462304e-10 1.706527e-10 2.965686e-16 2.851336e-16 2.622716e-16 2.396059e-16 2.306616e-16 2.520216e-16 2.254201e-16 2.383046e-16 
2.851486e+02 1.189876e-10 1.238739e-10 1.261864e-10 1.221561e-10 1.284772e-10 1.567592e-10 1.420874e-10 1.650646e-10 2.940553e-16 2.822479e-16 2.586083e-16 2.354245e-16 2.255363e-16 2.452899e-16 2.190335e-16 2.305013e-16 
2.987385e+02 1.180133e-10 1.226655e-10 1.244880e-10 1.200988e-10 1.257028e-10 1.526474e-10 1.381322e-10 1.596991e-10 2.916476e-16 2.794946e-16 2.551277e-16 2.314596e-16 2.206659e-16 2.388560e-16 2.129363e-16 2.230087e-16 
3.128052e+02 1.170943e-10 1.215314e-10 1.229028e-10 1.181844e-10 1.231176e-10 1.487956e-10 1.344316e-10 1.546514e-10 2.893765e-16 2.769105e-16 2.518789e-16 2.277701e-16 2.161279e-16 2.328288e-16 2.072318e-16 2.159601e-16 
3.273487e+02 1.162238e-10 1.204632e-10 1.214202e-10 1.164013e-10 1.207087e-10 1.451891e-10 1.309718e-10 1.499075e-10 2.872252e-16 2.744767e-16 2.488405e-16 2.243338e-16 2.118992e-16 2.271855e-16 2.018983e-16 2.093354e-16 
3.428459e+02 1.153700e-10 1.194226e-10 1.199881e-10 1.146882e-10 1.183955e-10 1.417110e-10 1.276407e-10 1.453175e-10 2.851153e-16 2.721056e-16 2.459056e-16 2.210322e-16 2.078383e-16 2.217431e-16 1.967633e-16 2.029258e-16 
3.590584e+02 1.145443e-10 1.184236e-10 1.186273e-10 1.130713e-10 1.162153e-10 1.384209e-10 1.244961e-10 1.409644e-10 2.830746e-16 2.698294e-16 2.431167e-16 2.179159e-16 2.040112e-16 2.165950e-16 1.919157e-16 1.968470e-16 
3.759861e+02 1.137426e-10 1.174616e-10 1.173323e-10 1.115447e-10 1.141627e-10 1.353141e-10 1.215335e-10 1.368461e-10 2.810933e-16 2.676375e-16 2.404626e-16 2.149738e-16 2.004079e-16 2.117335e-16 1.873488e-16 1.910962e-16 
3.936291e+02 1.129607e-10 1.165318e-10 1.160969e-10 1.101022e-10 1.122308e-10 1.323834e-10 1.187465e-10 1.329579e-10 2.791612e-16 2.655189e-16 2.379309e-16 2.121938e-16 1.970165e-16 2.071477e-16 1.830526e-16 1.856665e-16 
4.122257e+02 1.121851e-10 1.156179e-10 1.149005e-10 1.087201e-10 1.103895e-10 1.295863e-10 1.160952e-10 1.292473e-10 2.772444e-16 2.634367e-16 2.354788e-16 2.095301e-16 1.937841e-16 2.027709e-16 1.789654e-16 1.804849e-16 
4.315376e+02 1.114223e-10 1.147279e-10 1.137535e-10 1.074111e-10 1.086573e-10 1.269536e-10 1.136091e-10 1.257596e-10 2.753593e-16 2.614088e-16 2.331283e-16 2.070074e-16 1.907433e-16 1.986514e-16 1.751330e-16 1.756146e-16 
4.520416e+02 1.106508e-10 1.138367e-10 1.126242e-10 1.061395e-10 1.069881e-10 1.244179e-10 1.112250e-10 1.224094e-10 2.734526e-16 2.593780e-16 2.308139e-16 2.045567e-16 1.878131e-16 1.946837e-16 1.714578e-16 1.709363e-16 
4.732609e+02 1.098857e-10 1.129616e-10 1.115350e-10 1.049308e-10 1.054165e-10 1.220342e-10 1.089948e-10 1.192731e-10 2.715617e-16 2.573841e-16 2.285815e-16 2.022271e-16 1.850543e-16 1.909537e-16 1.680200e-16 1.665567e-16 
4.954338e+02 1.091149e-10 1.120888e-10 1.104680e-10 1.037649e-10 1.039172e-10 1.197659e-10 1.068845e-10 1.163060e-10 2.696569e-16 2.553954e-16 2.263948e-16 1.999803e-16 1.824223e-16 1.874043e-16 1.647669e-16 1.624133e-16 
5.187988e+02 1.083279e-10 1.112061e-10 1.094086e-10 1.026260e-10 1.024704e-10 1.175851e-10 1.048684e-10 1.134748e-10 2.677120e-16 2.533841e-16 2.242236e-16 1.977854e-16 1.798826e-16 1.839919e-16 1.616589e-16 1.584597e-16 
5.433559e+02 1.075226e-10 1.103112e-10 1.083541e-10 1.015115e-10 1.010736e-10 1.154897e-10 1.029448e-10 1.107800e-10 2.657219e-16 2.513451e-16 2.220627e-16 1.956373e-16 1.774305e-16 1.807132e-16 1.586936e-16 1.546966e-16 
5.688667e+02 1.067046e-10 1.094100e-10 1.073114e-10 1.004279e-10 9.973531e-11 1.134940e-10 1.011266e-10 1.082423e-10 2.637003e-16 2.492919e-16 2.199256e-16 1.935490e-16 1.750812e-16 1.775904e-16 1.558908e-16 1.511529e-16 
5.958080e+02 1.058566e-10 1.084835e-10 1.062579e-10 9.935163e-11 9.842651e-11 1.115559e-10 9.937558e-11 1.058103e-10 2.616047e-16 2.471809e-16 2.177665e-16 1.914748e-16 1.727836e-16 1.745578e-16 1.531915e-16 1.477568e-16 
6.237030e+02 1.049921e-10 1.075460e-10 1.052095e-10 9.829843e-11 9.716623e-11 1.097045e-10 9.771755e-11 1.035221e-10 2.594682e-16 2.450446e-16 2.156179e-16 1.894450e-16 1.705712e-16 1.716607e-16 1.506356e-16 1.445614e-16 
6.532669e+02 1.040876e-10 1.065717e-10 1.041371e-10 9.723852e-11 9.591873e-11 1.078880e-10 9.610597e-11 1.013149e-10 2.572328e-16 2.428248e-16 2.134203e-16 1.874023e-16 1.683813e-16 1.688184e-16 1.481512e-16 1.414792e-16 
6.840229e+02 1.031568e-10 1.055753e-10 1.030566e-10 9.618696e-11 9.470165e-11 1.061330e-10 9.456393e-11 9.922197e-11 2.549325e-16 2.405545e-16 2.112059e-16 1.853757e-16 1.662448e-16 1.660722e-16 1.457741e-16 1.385566e-16 
7.162094e+02 1.021918e-10 1.045480e-10 1.019578e-10 9.513301e-11 9.350193e-11 1.044207e-10 9.307431e-11 9.722098e-11 2.525477e-16 2.382138e-16 2.089539e-16 1.833445e-16 1.641387e-16 1.633930e-16 1.434778e-16 1.357624e-16 
7.500648e+02 1.011854e-10 1.034819e-10 1.008318e-10 9.406747e-11 9.230869e-11 1.027361e-10 9.162331e-11 9.529426e-11 2.500607e-16 2.357846e-16 2.066462e-16 1.812909e-16 1.620440e-16 1.607569e-16 1.412410e-16 1.330719e-16 
7.853508e+02 1.001451e-10 1.023845e-10 9.968605e-11 9.299661e-11 9.112837e-11 1.010882e-10 9.021797e-11 9.345168e-11 2.474898e-16 2.332842e-16 2.042982e-16 1.792271e-16 1.599720e-16 1.581784e-16 1.390746e-16 1.304988e-16 
8.223057e+02 9.906469e-11 1.012490e-10 9.851285e-11 9.191222e-11 8.995110e-11 9.946319e-11 8.884540e-11 9.167636e-11 2.448197e-16 2.306969e-16 2.018938e-16 1.771372e-16 1.579054e-16 1.556356e-16 1.369588e-16 1.280197e-16 
8.611679e+02 9.793858e-11 1.000693e-10 9.730547e-11 9.080730e-11 8.876868e-11 9.784957e-11 8.749507e-11 8.995479e-11 2.420367e-16 2.280088e-16 1.994194e-16 1.750078e-16 1.558297e-16 1.531107e-16 1.348772e-16 1.256156e-16 
9.016991e+02 9.677568e-11 9.885433e-11 9.607266e-11 8.968897e-11 8.758794e-11 9.625639e-11 8.617348e-11 8.829490e-11 2.391628e-16 2.252406e-16 1.968928e-16 1.728525e-16 1.537570e-16 1.506178e-16 1.328399e-16 1.232977e-16 
9.441376e+02 9.557168e-11 9.759936e-11 9.480896e-11 8.855133e-11 8.640173e-11 9.467351e-11 8.487100e-11 8.668394e-11 2.361874e-16 2.223811e-16 1.943030e-16 1.706600e-16 1.516746e-16 1.481409e-16 1.308321e-16 1.210481e-16 
9.887218e+02 9.432308e-11 9.630044e-11 9.350999e-11 8.738960e-11 8.520431e-11 9.309287e-11 8.357990e-11 8.511165e-11 2.331017e-16 2.194215e-16 1.916408e-16 1.684211e-16 1.495726e-16 1.456676e-16 1.288418e-16 1.188525e-16 
1.035213e+03 9.304038e-11 9.496819e-11 9.218591e-11 8.621200e-11 8.400327e-11 9.152393e-11 8.230671e-11 8.358504e-11 2.299318e-16 2.163860e-16 1.889273e-16 1.661515e-16 1.474642e-16 1.432126e-16 1.268791e-16 1.167207e-16 
1.084089e+03 9.171490e-11 9.359333e-11 9.082705e-11 8.500908e-11 8.278817e-11 8.995239e-11 8.103867e-11 8.208766e-11 2.266561e-16 2.132533e-16 1.861424e-16 1.638332e-16 1.453312e-16 1.407535e-16 1.249244e-16 1.146297e-16 
1.135111e+03 9.035822e-11 9.218760e-11 8.944464e-11 8.378999e-11 8.156740e-11 8.838852e-11 7.978291e-11 8.062673e-11 2.233033e-16 2.100504e-16 1.833092e-16 1.614837e-16 1.431882e-16 1.383065e-16 1.229886e-16 1.125897e-16 
1.188517e+03 8.896957e-11 9.074992e-11 8.803717e-11 8.255266e-11 8.033805e-11 8.682778e-11 7.853464e-11 7.919527e-11 2.198715e-16 2.067746e-16 1.804248e-16 1.590991e-16 1.410301e-16 1.358643e-16 1.210643e-16 1.105907e-16 
1.244545e+03 8.754908e-11 8.928021e-11 8.660422e-11 8.129600e-11 7.909830e-11 8.526716e-11 7.729042e-11 7.778796e-11 2.163610e-16 2.034259e-16 1.774881e-16 1.566772e-16 1.388538e-16 1.334223e-16 1.191463e-16 1.086255e-16 
1.303196e+03 8.610364e-11 8.778536e-11 8.515217e-11 8.002501e-11 7.785232e-11 8.371122e-11 7.605289e-11 7.640641e-11 2.127889e-16 2.000198e-16 1.745122e-16 1.542277e-16 1.366665e-16 1.309876e-16 1.172386e-16 1.066963e-16 
1.364708e+03 8.463472e-11 8.626669e-11 8.368198e-11 7.873995e-11 7.659970e-11 8.215867e-11 7.482013e-11 7.504706e-11 2.091587e-16 1.965595e-16 1.714992e-16 1.517511e-16 1.344676e-16 1.285583e-16 1.153383e-16 1.047980e-16 
1.428843e+03 8.315547e-11 8.473758e-11 8.220629e-11 7.745137e-11 7.535003e-11 8.062057e-11 7.360011e-11 7.371716e-11 2.055031e-16 1.930754e-16 1.684749e-16 1.492677e-16 1.322738e-16 1.261515e-16 1.134575e-16 1.029409e-16 
1.496315e+03 8.165743e-11 8.318910e-11 8.071620e-11 7.615105e-11 7.409473e-11 7.908558e-11 7.238310e-11 7.240471e-11 2.018009e-16 1.895472e-16 1.654211e-16 1.467616e-16 1.300702e-16 1.237496e-16 1.115815e-16 1.011082e-16 
1.566887e+03 8.015441e-11 8.163538e-11 7.922506e-11 7.485029e-11 7.284414e-11 7.756561e-11 7.117795e-11 7.111790e-11 1.980865e-16 1.860071e-16 1.623651e-16 1.442547e-16 1.278748e-16 1.213712e-16 1.097237e-16 9.931123e-17 
1.640558e+03 7.865436e-11 8.008450e-11 7.774034e-11 7.355530e-11 7.160370e-11 7.606639e-11 6.998870e-11 6.985965e-11 1.943794e-16 1.824734e-16 1.593223e-16 1.417590e-16 1.256973e-16 1.190253e-16 1.078904e-16 9.755418e-17 
1.718044e+03 7.715131e-11 7.853015e-11 7.625577e-11 7.226038e-11 7.036745e-11 7.457999e-11 6.880865e-11 6.862160e-11 1.906649e-16 1.789317e-16 1.562798e-16 1.392634e-16 1.235271e-16 1.166995e-16 1.060713e-16 9.582533e-17 
1.798868e+03 7.566294e-11 7.699051e-11 7.478849e-11 7.098031e-11 6.914906e-11 7.312206e-11 6.764993e-11 6.741529e-11 1.869867e-16 1.754237e-16 1.532727e-16 1.367964e-16 1.213883e-16 1.144182e-16 1.042851e-16 9.414080e-17 
1.883745e+03 7.418424e-11 7.546032e-11 7.333327e-11 6.971040e-11 6.794366e-11 7.168602e-11 6.650708e-11 6.623389e-11 1.833323e-16 1.719371e-16 1.502904e-16 1.343489e-16 1.192722e-16 1.121711e-16 1.025234e-16 9.249105e-17 
1.972437e+03 7.272752e-11 7.395225e-11 7.190194e-11 6.846092e-11 6.676061e-11 7.028230e-11 6.538831e-11 6.508481e-11 1.797323e-16 1.685009e-16 1.473570e-16 1.319409e-16 1.171955e-16 1.099746e-16 1.007987e-16 9.088645e-17 
2.065420e+03 7.129263e-11 7.246608e-11 7.049410e-11 6.723147e-11 6.559921e-11 6.890935e-11 6.429233e-11 6.396576e-11 1.761863e-16 1.651147e-16 1.444717e-16 1.295714e-16 1.151567e-16 1.078263e-16 9.910924e-17 8.932376e-17 
2.162695e+03 6.988704e-11 7.100953e-11 6.911686e-11 6.602827e-11 6.446502e-11 6.757309e-11 6.322388e-11 6.288066e-11 1.727126e-16 1.617959e-16 1.416492e-16 1.272526e-16 1.131656e-16 1.057354e-16 9.746217e-17 8.780849e-17 
2.264738e+03 6.851103e-11 6.958287e-11 6.777027e-11 6.485140e-11 6.335784e-11 6.627264e-11 6.218233e-11 6.182805e-11 1.693121e-16 1.585453e-16 1.388895e-16 1.249844e-16 1.112220e-16 1.037005e-16 9.585657e-17 8.633860e-17 
2.371311e+03 6.717428e-11 6.819611e-11 6.646360e-11 6.370901e-11 6.228508e-11 6.501611e-11 6.117429e-11 6.081386e-11 1.660086e-16 1.553855e-16 1.362116e-16 1.227828e-16 1.093389e-16 1.017343e-16 9.430264e-17 8.492235e-17 
2.483130e+03 6.587382e-11 6.684621e-11 6.519379e-11 6.259849e-11 6.124404e-11 6.379977e-11 6.019693e-11 5.983453e-11 1.627947e-16 1.523098e-16 1.336092e-16 1.206426e-16 1.075113e-16 9.983107e-17 9.279600e-17 8.355479e-17 
2.600193e+03 6.461549e-11 6.553923e-11 6.396636e-11 6.152476e-11 6.023911e-11 6.262827e-11 5.925414e-11 5.889336e-11 1.596850e-16 1.493318e-16 1.310937e-16 1.185732e-16 1.057472e-16 9.799795e-17 9.134266e-17 8.224051e-17 
2.722740e+03 6.340171e-11 6.427774e-11 6.278353e-11 6.048980e-11 5.927197e-11 6.150306e-11 5.834729e-11 5.799116e-11 1.566854e-16 1.464575e-16 1.286696e-16 1.165786e-16 1.040495e-16 9.623729e-17 8.994471e-17 8.098064e-17 
2.851009e+03 6.223451e-11 6.306387e-11 6.164712e-11 5.949531e-11 5.834400e-11 6.042535e-11 5.747754e-11 5.712854e-11 1.538009e-16 1.436917e-16 1.263406e-16 1.146620e-16 1.024205e-16 9.455093e-17 8.860395e-17 7.977606e-17 
2.985239e+03 6.111553e-11 6.189940e-11 6.055860e-11 5.854264e-11 5.745629e-11 5.939601e-11 5.664577e-11 5.630596e-11 1.510355e-16 1.410384e-16 1.241098e-16 1.128259e-16 1.008621e-16 9.294025e-17 8.732175e-17 7.862738e-17 
3.125906e+03 6.004426e-11 6.078385e-11 5.951735e-11 5.763131e-11 5.660821e-11 5.841398e-11 5.585134e-11 5.552234e-11 1.483881e-16 1.384966e-16 1.219758e-16 1.110696e-16 9.937335e-17 9.140363e-17 8.609710e-17 7.753312e-17 
3.273249e+03 5.902199e-11 5.971861e-11 5.852450e-11 5.676235e-11 5.580060e-11 5.747994e-11 5.509493e-11 5.477803e-11 1.458617e-16 1.360695e-16 1.199410e-16 1.093949e-16 9.795562e-17 8.994207e-17 8.493107e-17 7.649373e-17 
3.427505e+03 5.804950e-11 5.870459e-11 5.758071e-11 5.593641e-11 5.503389e-11 5.659412e-11 5.437693e-11 5.407306e-11 1.434584e-16 1.337590e-16 1.180068e-16 1.078031e-16 9.660969e-17 8.855598e-17 8.382423e-17 7.550929e-17 
3.589153e+03 5.712587e-11 5.774087e-11 5.668497e-11 5.515261e-11 5.430715e-11 5.575523e-11 5.369641e-11 5.340625e-11 1.411758e-16 1.315632e-16 1.161711e-16 1.062925e-16 9.533393e-17 8.724333e-17 8.277518e-17 7.457813e-17 
3.758192e+03 5.625254e-11 5.682905e-11 5.583860e-11 5.441215e-11 5.362136e-11 5.496421e-11 5.305426e-11 5.277821e-11 1.390175e-16 1.294856e-16 1.144365e-16 1.048655e-16 9.413005e-17 8.600558e-17 8.178529e-17 7.370112e-17 
3.935337e+03 5.542691e-11 5.596648e-11 5.503898e-11 5.371275e-11 5.297428e-11 5.421833e-11 5.244838e-11 5.218666e-11 1.369772e-16 1.275202e-16 1.127978e-16 1.035176e-16 9.299413e-17 8.483845e-17 8.085131e-17 7.287507e-17 
4.120827e+03 5.464877e-11 5.515302e-11 5.428582e-11 5.305415e-11 5.236558e-11 5.351705e-11 5.187845e-11 5.163109e-11 1.350541e-16 1.256667e-16 1.112542e-16 1.022483e-16 9.192558e-17 8.374113e-17 7.997273e-17 7.209926e-17 
4.315138e+03 5.391663e-11 5.438718e-11 5.357762e-11 5.243505e-11 5.179393e-11 5.285876e-11 5.134322e-11 5.111011e-11 1.332448e-16 1.239217e-16 1.098028e-16 1.010551e-16 9.092207e-17 8.271106e-17 7.914765e-17 7.137174e-17 
4.518509e+03 5.322978e-11 5.366828e-11 5.291359e-11 5.185475e-11 5.125861e-11 5.224253e-11 5.084201e-11 5.062289e-11 1.315474e-16 1.222837e-16 1.084420e-16 9.993675e-17 8.998235e-17 8.174681e-17 7.837501e-17 7.069137e-17 
4.731417e+03 5.258646e-11 5.299455e-11 5.229199e-11 5.131172e-11 5.075811e-11 5.166654e-11 5.037339e-11 5.016793e-11 1.299575e-16 1.207486e-16 1.071680e-16 9.889018e-17 8.910374e-17 8.084552e-17 7.765262e-17 7.005605e-17 
4.954338e+03 5.198492e-11 5.236423e-11 5.171106e-11 5.080439e-11 5.029091e-11 5.112900e-11 4.993595e-11 4.974372e-11 1.284709e-16 1.193124e-16 1.059775e-16 9.791244e-17 8.828360e-17 8.000440e-17 7.697829e-17 6.946367e-17 
5.187750e+03 5.142341e-11 5.177552e-11 5.116905e-11 5.033122e-11 4.985552e-11 5.062813e-11 4.952829e-11 4.934881e-11 1.270833e-16 1.179711e-16 1.048667e-16 9.700053e-17 8.751928e-17 7.922067e-17 7.634987e-17 6.891221e-17 
5.432367e+03 5.089966e-11 5.122612e-11 5.066372e-11 4.989025e-11 4.945006e-11 5.016175e-11 4.914865e-11 4.898140e-11 1.257889e-16 1.167192e-16 1.038310e-16 9.615066e-17 8.680751e-17 7.849090e-17 7.576464e-17 6.839914e-17 
5.688429e+03 5.041247e-11 5.071482e-11 5.019388e-11 4.948039e-11 4.907348e-11 4.972863e-11 4.879606e-11 4.864047e-11 1.245849e-16 1.155542e-16 1.028681e-16 9.536077e-17 8.614644e-17 7.781317e-17 7.522110e-17 6.792306e-17 
5.956411e+03 4.996003e-11 5.023976e-11 4.975772e-11 4.910006e-11 4.872427e-11 4.932701e-11 4.846909e-11 4.832458e-11 1.234668e-16 1.144718e-16 1.019743e-16 9.462779e-17 8.553341e-17 7.718473e-17 7.471706e-17 6.748193e-17 
6.237030e+03 4.954017e-11 4.979872e-11 4.935314e-11 4.874740e-11 4.840066e-11 4.895484e-11 4.816609e-11 4.803207e-11 1.224292e-16 1.134669e-16 1.011451e-16 9.394811e-17 8.496533e-17 7.660238e-17 7.424998e-17 6.707347e-17 
6.531000e+03 4.915091e-11 4.938964e-11 4.897818e-11 4.842067e-11 4.810103e-11 4.861025e-11 4.788554e-11 4.776143e-11 1.214672e-16 1.125348e-16 1.003767e-16 9.331843e-17 8.443935e-17 7.606318e-17 7.381751e-17 6.669553e-17 
6.838799e+03 4.879065e-11 4.901088e-11 4.863127e-11 4.811849e-11 4.782407e-11 4.829172e-11 4.762622e-11 4.751142e-11 1.205769e-16 1.116718e-16 9.966569e-17 9.273605e-17 8.395315e-17 7.556476e-17 7.341775e-17 6.634642e-17 
7.161140e+03 4.845752e-11 4.866052e-11 4.831060e-11 4.783926e-11 4.756828e-11 4.799753e-11 4.738673e-11 4.728066e-11 1.197536e-16 1.108735e-16 9.900850e-17 9.219791e-17 8.350412e-17 7.510443e-17 7.304856e-17 6.602418e-17 
7.498741e+03 4.814980e-11 4.833676e-11 4.801447e-11 4.758148e-11 4.733226e-11 4.772607e-11 4.716574e-11 4.706786e-11 1.189931e-16 1.101358e-16 9.840161e-17 9.170112e-17 8.308980e-17 7.467965e-17 7.270790e-17 6.572701e-17 
