temp         
NaN 
NaN 
NaN 
NaN 
NaN 
NaN 
NaN 
NaN 
NaN 
NaN 
NaN 
NaN 
NaN 
NaN 
NaN 
NaN 
NaN 
NaN 
NaN 
NaN 
NaN 
NaN 
NaN 
NaN 
NaN 
NaN 
NaN 
NaN 
NaN 
NaN 
NaN 
NaN 
NaN 
NaN 
NaN 
NaN 
NaN 
NaN 
NaN 
NaN 
NaN 
NaN 
NaN 
NaN 
NaN 
NaN 
NaN 
NaN 
NaN 
NaN 
NaN 
NaN 
NaN 
NaN 
NaN 
NaN 
NaN 
NaN 
NaN 
NaN 
NaN 
NaN 
NaN 
NaN 
NaN 
NaN 
NaN 
NaN 
NaN 
NaN 
-1.435873e+02 
-1.054551e+02 
4.843221e+00 
-1.962359e+02 
-4.063883e+02 
-2.264818e+02 
-1.422935e+02 
-4.944562e+01 
-3.575241e+02 
-1.711547e+02 
4.094548e+01 
-3.210634e+01 
9.493624e+01 
-1.117451e+02 
-1.219831e+02 
-8.124568e+01 
1.960943e+02 
-8.057066e+01 
-5.480484e+01 
-1.626503e+02 
-1.297236e+02 
5.632618e+01 
1.343387e+02 
NaN 
-1.819549e+02 
-1.635974e+02 
-2.530450e+02 
-6.155150e+01 
-1.368711e+02 
NaN 
NaN 
NaN 
NaN 
NaN 
NaN 
NaN 
NaN 
NaN 
NaN 
NaN 
NaN 
NaN 
NaN 
NaN 
NaN 
NaN 
NaN 
NaN 
NaN 
NaN 
NaN 
NaN 
NaN 
NaN 
NaN 
NaN 
-7.350300e+01 
9.610470e+01 
NaN 
NaN 
2.764219e+02 
9.155680e+01 
2.146661e+01 
3.660948e+02 
4.710019e+02 
3.707103e+02 
1.724954e+02 
1.706831e+02 
-1.690439e+02 
-3.098524e+02 
-2.570939e+02 
-2.429562e+02 
3.861077e+01 
-2.578930e+01 
1.135900e+02 
9.380283e+01 
-5.996057e+01 
-2.433431e+02 
-2.101379e+02 
3.028681e+02 
1.019821e+02 
-6.425112e+01 
NaN 
NaN 
NaN 
-1.231030e+02 
1.155440e+02 
NaN 
NaN 
NaN 
NaN 
NaN 
NaN 
NaN 
NaN 
NaN 
NaN 
NaN 
NaN 
NaN 
NaN 
NaN 
NaN 
NaN 
NaN 
NaN 
NaN 
NaN 
NaN 
NaN 
NaN 
NaN 
8.281779e+02 
3.281160e+02 
-2.013372e+02 
-7.350004e+01 
6.303126e+01 
3.900619e+01 
-6.948617e+01 
1.324597e+02 
7.113419e+01 
1.341213e+02 
1.782373e+01 
5.855082e+01 
1.296802e+02 
-2.548967e+01 
-8.867167e+01 
-1.512151e+02 
2.327474e+01 
1.864114e+02 
4.021775e+01 
-1.250481e+02 
1.084704e+02 
1.129635e+01 
4.986399e+00 
-2.925079e+01 
6.906136e+01 
-3.908399e+00 
2.007121e+02 
1.704182e+02 
-7.237003e+01 
-8.751600e+01 
-4.774942e+01 
3.638710e+01 
1.252933e+02 
2.036876e+02 
4.640983e+01 
NaN 
NaN 
NaN 
NaN 
NaN 
NaN 
NaN 
NaN 
NaN 
NaN 
NaN 
NaN 
NaN 
NaN 
NaN 
NaN 
NaN 
NaN 
NaN 
NaN 
NaN 
-2.412280e+02 
7.522509e+01 
2.389004e+02 
-1.912031e+02 
1.205930e+02 
-4.941696e+01 
4.964763e+02 
-5.732325e+01 
2.760596e+01 
2.535300e+01 
-6.130141e+01 
-4.940971e+01 
8.594351e+01 
1.208033e+02 
-4.277918e+01 
-1.909839e+02 
1.522511e+02 
-9.131620e+01 
-1.307952e+02 
4.108217e+01 
1.594231e+02 
-6.331539e+00 
3.845349e+01 
-1.297294e+01 
4.983479e+01 
-3.187862e+01 
-1.317912e+02 
1.575815e+01 
-6.239100e+01 
-8.657194e+01 
-4.637191e+01 
-2.707240e+01 
NaN 
-1.333461e+02 
7.178350e+01 
-9.024134e+01 
-6.639184e+01 
NaN 
NaN 
NaN 
NaN 
NaN 
NaN 
NaN 
NaN 
NaN 
NaN 
NaN 
NaN 
NaN 
NaN 
NaN 
NaN 
NaN 
NaN 
NaN 
-6.727197e+01 
-1.082685e+01 
-1.595946e+01 
1.281578e+02 
-8.742648e+01 
1.604784e+02 
-1.050834e+02 
2.785847e+01 
-2.745612e+01 
5.027903e+01 
4.154978e+01 
1.222885e+02 
6.973215e+01 
7.399119e+01 
1.821296e+00 
4.194831e+01 
-9.754960e+01 
1.225073e+01 
-1.369986e+02 
-8.503148e+01 
-6.648141e+00 
-9.064715e+00 
-5.137240e+01 
-1.035641e+01 
-1.235082e+02 
4.718818e+00 
5.466473e+01 
-6.142673e+01 
-1.844345e+02 
-1.166148e+02 
7.432349e+01 
1.282903e+02 
-1.369030e+01 
4.865803e+01 
-6.264796e+01 
-7.049748e+01 
-5.164682e+01 
6.936821e+01 
5.801229e+01 
NaN 
NaN 
NaN 
NaN 
NaN 
NaN 
NaN 
NaN 
NaN 
NaN 
NaN 
NaN 
NaN 
NaN 
NaN 
NaN 
NaN 
-7.870295e+02 
1.805428e+02 
-2.339195e+02 
3.899843e+02 
1.508371e+02 
1.478697e+02 
1.014249e+02 
-4.438756e+01 
-1.327354e+02 
-1.990198e+02 
8.096768e+00 
6.717957e+01 
-4.381419e+01 
9.078427e+01 
8.940107e+01 
1.031816e+01 
-3.918448e-01 
1.126082e+02 
-9.639991e+01 
7.040961e+01 
3.103001e+01 
4.579213e+00 
-8.141133e+01 
3.457844e+01 
-1.006542e+02 
1.820860e+01 
-1.514264e+02 
1.890157e+01 
2.688154e+01 
2.856918e+01 
-5.911683e+01 
1.216180e+02 
-7.239640e+01 
-9.737913e+01 
NaN 
NaN 
1.425403e+01 
1.096816e+02 
-1.714438e+02 
-1.418078e+02 
NaN 
NaN 
NaN 
NaN 
NaN 
NaN 
NaN 
NaN 
NaN 
NaN 
NaN 
NaN 
NaN 
NaN 
NaN 
NaN 
7.028987e+02 
-1.072995e+02 
4.408830e+01 
6.615886e+01 
1.734823e+02 
-1.289510e+01 
3.520219e+01 
1.098866e+02 
-1.040925e+00 
9.062790e+01 
-1.499364e+02 
-1.115692e+02 
9.799202e+01 
1.751727e+02 
-2.735528e+01 
-4.150317e+01 
1.862108e+01 
1.146403e+02 
-6.993041e+00 
3.410335e+01 
-1.505985e+01 
-2.723125e+00 
-3.147995e+01 
-6.622814e+01 
1.072894e+02 
4.180874e+01 
-8.821449e+01 
1.417793e+01 
-1.369299e+02 
6.555104e+01 
-1.263682e+01 
5.887977e+01 
-1.433034e+01 
-4.691466e+01 
-8.586929e+01 
1.294363e+01 
1.233182e+02 
7.182418e+01 
1.186925e+02 
-1.534396e+02 
-2.203449e+02 
-1.203218e+01 
NaN 
NaN 
NaN 
NaN 
NaN 
NaN 
NaN 
NaN 
NaN 
NaN 
NaN 
NaN 
NaN 
NaN 
NaN 
-7.628763e+02 
-1.846553e+02 
-1.011368e+02 
2.062753e+01 
1.106054e+02 
2.343075e+01 
4.900671e+01 
8.277781e+01 
-2.419531e+01 
8.321108e+01 
6.475408e+01 
-7.082383e+00 
4.785550e+01 
1.066637e+02 
8.149032e+01 
-1.063440e+02 
1.044457e+02 
1.459075e+01 
2.910023e+01 
7.016685e+01 
1.771445e+02 
5.354688e+01 
3.424109e+01 
-1.328617e+01 
-1.872044e+01 
1.334232e+02 
-2.876942e+01 
1.627277e+01 
-5.402562e+00 
1.840279e+02 
3.182257e+01 
5.812136e+01 
-7.867064e+01 
3.496960e+01 
-3.834846e+01 
1.061199e+02 
1.502197e+02 
-1.003365e+02 
2.222583e+02 
-2.419321e+01 
-1.891806e+02 
-1.082896e+02 
-4.125318e+01 
NaN 
NaN 
NaN 
NaN 
NaN 
NaN 
NaN 
NaN 
NaN 
NaN 
NaN 
NaN 
NaN 
7.508442e+02 
1.137981e+01 
-3.395148e+02 
-1.262888e+02 
-1.108546e+02 
-9.311937e+01 
1.457151e+01 
1.706649e+02 
-1.632578e+01 
-1.981633e+01 
3.879879e+01 
-3.550695e+01 
1.247383e+01 
-2.304824e+01 
1.193401e+01 
-2.762243e+01 
6.378383e+01 
7.092892e+01 
9.585929e+01 
-4.171377e+00 
-6.368069e+01 
-6.535896e+01 
-5.403554e+01 
-4.520819e+01 
6.973383e+01 
-4.172053e+01 
-6.941869e+01 
-1.124110e+01 
1.195726e+00 
-5.313309e+01 
-3.931562e+01 
-3.233073e+01 
5.472739e+00 
-3.328547e+01 
2.834072e+00 
-3.244318e+01 
2.458854e+01 
-7.702218e+01 
-1.233129e+02 
2.402369e+01 
-1.157550e+01 
-7.954942e+01 
-2.065857e+02 
-1.254784e+02 
NaN 
NaN 
NaN 
NaN 
NaN 
NaN 
NaN 
NaN 
NaN 
NaN 
NaN 
NaN 
1.457361e+03 
8.725291e+02 
-1.304812e+02 
-3.088650e+00 
-1.599131e+01 
4.037858e+01 
5.332107e+01 
2.487818e+02 
-2.121736e+01 
4.304624e+00 
9.148089e+01 
8.765571e+01 
-4.470131e+01 
8.517243e+01 
2.787456e+01 
1.460747e+02 
-6.045726e+01 
7.961747e+01 
4.649625e+01 
5.119941e+01 
-4.852670e+01 
-6.284710e+01 
-1.232881e+02 
-4.933896e+01 
2.901327e+01 
4.674432e+01 
3.502645e+01 
5.970312e+01 
-9.024470e+01 
2.565683e+01 
-6.204382e+01 
5.070406e-01 
-7.887867e+01 
6.100869e+01 
-3.582671e+01 
1.581009e+02 
1.452253e+01 
1.015927e+02 
-1.664600e+01 
-1.232547e+01 
7.809681e+01 
-4.398214e+01 
-5.361534e+00 
5.460159e+01 
-4.936118e+01 
-2.733023e+02 
NaN 
NaN 
NaN 
NaN 
NaN 
NaN 
NaN 
NaN 
NaN 
NaN 
-1.099127e+03 
8.548768e+01 
1.715328e+02 
1.665102e+02 
7.011026e+00 
6.088229e+01 
-3.329574e+01 
-1.647343e+01 
1.196957e+02 
3.898825e+01 
-1.080052e+00 
5.299242e+01 
6.948767e+01 
-8.745588e+01 
-4.042339e+01 
4.172751e+01 
2.907493e+01 
2.552725e+01 
1.019083e+02 
5.335845e+01 
7.006383e+01 
2.991038e+01 
7.455084e+01 
-2.562916e+01 
4.249868e+01 
7.264296e+01 
-4.577650e+00 
-8.680628e+01 
-2.572530e+01 
-1.652039e+02 
-2.271256e+02 
-2.793014e+01 
5.835468e+01 
-3.686892e+01 
-3.129104e+01 
-8.052669e+00 
-2.900312e+01 
-9.091862e+01 
-1.450674e+01 
4.385478e-01 
-2.045194e+01 
3.969826e+01 
-1.426001e+02 
5.196797e+01 
6.390116e+01 
1.105512e+02 
-3.429171e+02 
-3.661220e+02 
NaN 
NaN 
NaN 
NaN 
NaN 
NaN 
NaN 
NaN 
NaN 
-6.947570e+02 
-5.290627e+02 
1.347267e+02 
8.129275e+01 
-1.707468e+01 
1.256629e+01 
5.948839e+01 
1.092292e+02 
5.768290e+01 
-6.539223e+01 
-1.066157e+02 
7.784928e+00 
-1.162348e+02 
-1.361998e+02 
-1.842763e+02 
-1.345724e+02 
1.531537e+02 
1.367766e+02 
1.431420e+02 
4.775608e+01 
-4.128281e+01 
8.107925e+01 
-3.959911e+01 
5.808665e+01 
-4.192105e+01 
7.257086e+01 
-7.898239e+01 
-8.557730e+01 
-9.804202e+01 
-6.475553e+01 
-1.007332e+02 
1.147310e+02 
9.487861e+01 
-7.718402e+01 
6.140968e+01 
4.496631e+00 
-1.212274e+02 
-8.048455e+01 
8.222961e+01 
1.079580e+02 
7.342256e+01 
1.331529e+02 
5.847606e+01 
-1.035768e+01 
2.221199e+02 
3.657900e+01 
2.559469e+01 
-1.753260e+02 
NaN 
NaN 
NaN 
NaN 
NaN 
NaN 
NaN 
NaN 
NaN 
5.328931e+01 
1.729340e+01 
2.377179e+02 
9.048551e+01 
-5.233352e+00 
8.767702e+01 
-1.679929e+01 
1.309156e+02 
8.801049e+01 
6.518506e+01 
-2.179784e+01 
1.433752e+02 
-7.819269e+01 
-4.196640e+00 
3.440819e+01 
1.055534e+02 
8.003426e+01 
1.125315e+02 
1.235394e+01 
-2.135706e+01 
-1.027944e+02 
7.457969e+01 
-9.608930e+00 
-3.864778e+01 
8.283077e+01 
1.252206e+01 
1.317770e+02 
6.006149e+01 
5.535748e+01 
1.273609e+01 
3.450801e+01 
-6.968811e+01 
-3.400295e+01 
4.844875e+01 
-1.809687e+01 
-6.126964e+00 
-2.673564e+01 
-4.276715e+01 
8.182529e+00 
1.121894e+02 
-3.344372e+01 
9.142013e+01 
-4.873124e+01 
1.161401e+02 
7.145060e+01 
4.436624e+01 
2.925107e+01 
-2.308276e+01 
2.681457e+02 
NaN 
NaN 
NaN 
NaN 
NaN 
NaN 
NaN 
6.151495e+02 
2.414708e+02 
1.366564e+02 
1.354730e+02 
3.446836e+01 
-2.435360e+02 
-7.996990e+01 
-1.686432e+01 
7.325747e+01 
-9.770017e+01 
-1.237999e+02 
-8.241256e+00 
-8.269350e+01 
-2.541255e+01 
-5.577557e+01 
1.370051e+02 
9.905783e+01 
3.876036e+01 
1.558554e+02 
-3.811459e+00 
4.372142e+01 
-4.010735e+01 
-4.880350e+00 
9.301581e+00 
-1.067552e+02 
-2.709081e+01 
-2.753556e+00 
2.369901e+01 
6.773507e+01 
-5.468872e+01 
1.330992e+01 
-1.824312e+01 
4.773332e+01 
3.248940e+01 
3.224956e+01 
-3.190711e+01 
1.398497e+01 
-5.989074e+01 
4.300887e+01 
-7.425705e+01 
-5.885634e+01 
-2.899486e+01 
-8.014310e+01 
1.789015e+02 
1.229300e+02 
-2.327468e+02 
8.171337e+01 
-2.723121e+01 
9.433471e+01 
-3.867486e+00 
NaN 
NaN 
NaN 
NaN 
NaN 
NaN 
1.017711e+03 
1.179640e+03 
3.900281e+02 
9.608391e+01 
-7.281728e+01 
8.126429e+01 
-1.637075e+02 
-2.489969e+01 
-5.483986e+01 
1.216438e+02 
-9.473050e+01 
8.836036e+00 
-7.943325e+00 
-1.386357e+02 
-1.016295e+01 
9.598213e+01 
5.023130e+01 
5.179407e+01 
1.378672e+02 
6.126743e+01 
3.629312e+01 
-3.562975e+01 
-1.893647e+01 
-1.940449e+01 
4.015346e+00 
2.073647e+01 
-8.933230e+01 
-7.282810e+00 
-4.056090e+00 
1.810017e+01 
1.362371e+01 
-4.141898e+01 
-2.715373e+01 
-5.300311e+00 
-1.622643e+00 
-4.251251e+01 
1.275676e+01 
-4.660947e+00 
-5.326678e+01 
-4.633396e+00 
-6.295894e+00 
-6.548468e-01 
-3.771084e+01 
-1.066596e+02 
4.841650e+01 
8.109102e+01 
-7.604803e+01 
-4.361087e+01 
1.417967e+02 
2.641641e+01 
7.795843e+01 
1.495428e+02 
NaN 
NaN 
NaN 
NaN 
NaN 
NaN 
-4.713634e+02 
-4.558325e+01 
3.938441e+01 
NaN 
1.307803e+02 
5.015296e+01 
-6.017506e+01 
5.958540e+00 
-1.958885e+01 
2.637728e+01 
-8.917776e+01 
1.046297e+02 
-1.069599e+02 
-3.786525e+01 
-4.335947e+01 
-2.584905e+00 
-7.284471e+00 
1.811966e+02 
-8.978681e+01 
6.054155e+01 
-1.499715e+01 
-1.096048e+02 
-1.542330e+01 
4.125274e+01 
5.902701e+01 
-5.956575e+00 
1.760107e+02 
1.408492e+01 
-7.204281e+01 
-6.231058e+01 
3.955630e+01 
2.692840e+01 
-4.318268e+01 
2.763837e+01 
-6.071647e+01 
-3.296062e+01 
-8.033289e+01 
-2.332541e+01 
-6.592391e+01 
5.225241e+01 
-3.965681e+01 
5.437750e+01 
-8.819733e+01 
-1.609196e+02 
5.217357e+01 
-1.259738e+02 
1.741639e+01 
1.187518e+02 
6.985686e+01 
6.855720e+01 
4.984760e+01 
NaN 
NaN 
NaN 
NaN 
NaN 
-4.456955e+02 
-2.126054e+01 
2.491004e+02 
5.334718e+01 
1.422693e+01 
9.550478e+01 
8.882706e+00 
-6.232926e+01 
-5.698616e+01 
-8.700382e+01 
1.009650e+02 
-8.369222e+01 
1.968197e+01 
-8.726403e+00 
1.741961e+00 
-9.716422e+01 
-2.210481e+01 
4.782719e+00 
3.634596e+01 
-5.549997e+01 
5.200339e+01 
5.282627e+01 
-6.030427e+01 
1.289515e+01 
3.828371e+01 
9.339674e+00 
1.960143e+01 
1.492383e+01 
-3.669552e+00 
-6.062638e+01 
8.799828e+00 
1.517362e+01 
1.370896e+01 
6.222963e+01 
-5.683263e+00 
-1.325924e+01 
-1.410698e+00 
-2.513743e+01 
-9.281305e+01 
-6.653187e+01 
-1.748116e+01 
-7.205832e+00 
6.111235e+01 
-2.448280e+01 
-9.412974e+00 
4.632450e+01 
9.120210e+01 
-3.745754e+01 
-8.035457e+01 
1.231594e+01 
8.695664e+01 
-4.391758e+01 
NaN 
NaN 
NaN 
NaN 
NaN 
9.220457e+02 
9.389480e+01 
2.110203e+02 
1.496201e+01 
-1.517268e+01 
1.683177e+01 
-1.227513e+02 
2.407030e+01 
-1.413050e+02 
-1.594476e+01 
1.315746e+02 
4.321148e+01 
-3.575439e+01 
2.642783e+01 
1.693312e+02 
8.103290e+01 
-1.176284e+01 
1.746236e+01 
-4.422308e+01 
5.735116e+01 
-1.573563e+01 
-1.172580e+01 
-2.551084e+01 
-5.021508e+01 
-1.521070e+01 
-1.802532e+01 
-1.019925e+02 
4.497979e+01 
3.268885e+01 
1.975036e+01 
-2.271464e+01 
1.703124e+01 
1.532333e+02 
-1.626221e+01 
-3.505469e+01 
7.753624e+00 
1.345885e+01 
-1.867793e+01 
-8.116488e+01 
3.544939e+01 
9.168709e+01 
3.480681e+01 
-4.149668e+01 
-4.162966e+00 
-3.990446e+01 
-3.070703e+01 
1.333273e+02 
1.115347e+02 
9.063443e+01 
7.645802e+01 
4.032142e+01 
-1.365814e+01 
NaN 
NaN 
NaN 
NaN 
-1.926865e+02 
-3.650188e+02 
5.552141e+01 
1.260359e+02 
-4.991218e+01 
8.719909e+01 
-8.171929e+00 
-6.100296e+01 
6.626692e+00 
5.364611e+01 
1.000590e+01 
-3.275136e+00 
3.561149e+00 
-2.025761e+01 
1.042044e+02 
4.920622e+01 
1.948134e+01 
4.813144e+01 
3.029156e+00 
-1.164098e+01 
2.030990e+01 
3.134817e+00 
4.040553e+00 
3.568133e+01 
-7.412617e+01 
4.407875e+01 
1.332859e+02 
4.907052e+00 
4.107898e+01 
1.266286e+00 
-4.589637e+01 
3.135441e+01 
-7.788660e+00 
2.143765e+01 
5.779960e+00 
-8.299436e+01 
9.517770e+00 
-8.073094e+01 
6.180578e+01 
-1.918318e+01 
-2.302270e+01 
7.199474e+01 
-6.364256e+01 
-1.597249e+01 
-7.709377e+01 
-5.261632e+01 
-1.571854e+01 
6.623211e+01 
1.941501e+02 
1.506681e+02 
1.199383e+02 
1.242493e+02 
-1.164605e+01 
-2.578324e+01 
NaN 
NaN 
NaN 
2.354304e+02 
3.138060e+02 
-5.935021e+01 
1.024398e+01 
1.210813e+02 
1.100235e+02 
3.234853e+01 
5.540930e+01 
1.129082e+02 
-8.105421e+01 
-1.233805e+01 
8.900212e+01 
-5.065363e+01 
7.524513e+00 
1.096970e+02 
1.188645e+02 
3.573110e+01 
4.961185e+00 
5.201583e+01 
2.613173e+01 
-6.992539e+01 
-8.349061e+01 
-2.730887e+01 
-8.676661e+01 
1.283518e+01 
4.220730e+01 
5.517483e+01 
1.082497e+02 
-4.117986e+01 
-1.804430e+02 
-5.451325e+01 
-5.673450e+01 
-1.915126e+01 
7.851879e+01 
-8.109853e+01 
1.336505e+01 
6.289078e+01 
-6.977064e+01 
8.785645e+01 
2.167635e+02 
1.088725e+02 
4.216538e+01 
3.521984e+01 
2.108053e+01 
-8.529334e+01 
-5.742162e+01 
-5.819156e+01 
2.180126e+01 
-1.178269e+02 
3.889783e+01 
1.728573e+02 
8.264106e+01 
-4.671900e+01 
-1.211812e+02 
NaN 
NaN 
NaN 
-4.422904e+02 
-7.658795e+01 
-5.218813e+01 
1.729918e+02 
9.005419e+01 
5.076619e+01 
-4.341196e+01 
3.120273e+01 
-4.834007e+01 
-6.544361e+01 
9.869976e+01 
4.659526e+01 
2.690498e+01 
1.603843e+01 
5.169497e+01 
6.636550e+01 
-2.702987e+01 
3.455636e-01 
2.507246e+01 
9.880357e+01 
-7.228005e+01 
3.281300e+01 
-3.521219e+01 
2.200026e+01 
4.621488e+01 
-2.006153e-01 
1.260611e+01 
1.070360e+02 
-3.091215e+01 
-8.500294e+01 
-1.406944e+02 
-4.394576e+01 
-8.273478e+01 
4.459487e+01 
-7.653018e+00 
2.650366e+00 
3.856712e+01 
4.598817e+01 
8.302035e+01 
1.275155e+02 
5.148083e+01 
7.661342e+01 
1.635240e+01 
-9.491388e+01 
-9.977985e+01 
-6.094344e+01 
-5.608993e+01 
-4.320147e+01 
-1.182571e+02 
-1.279696e+02 
-7.311728e+01 
9.536597e+01 
-1.386794e+02 
-5.808265e+01 
NaN 
NaN 
NaN 
-5.105941e+02 
1.084188e+02 
-8.844416e+01 
-2.231727e+01 
1.197411e+01 
-4.605081e+01 
-7.513790e+01 
9.889132e+00 
-8.612853e+01 
3.848807e+01 
8.669366e+01 
-9.376651e+01 
6.079441e+00 
1.066580e+02 
1.060921e+02 
-4.323456e+01 
5.115273e+00 
1.505017e+01 
6.328849e+01 
2.523076e+01 
4.637119e+00 
5.305637e+01 
-3.640590e+00 
-1.244630e+01 
3.834646e+01 
1.449045e+01 
-4.827734e+01 
6.762094e+01 
4.168211e+00 
1.697453e+01 
-5.620270e+01 
-8.009007e+01 
-9.800601e+01 
-7.732619e+01 
-1.623680e+02 
4.882169e+01 
2.950314e+01 
1.288628e+02 
5.402229e+01 
1.981567e+02 
1.840585e+02 
2.497383e+01 
-1.850712e+00 
-6.470273e+01 
8.351214e+01 
-1.568687e+02 
-5.728862e+01 
-1.217224e+01 
-8.249918e+01 
-3.257983e+00 
6.492948e+00 
-5.580392e+01 
-3.568526e+01 
-9.242752e+01 
NaN 
NaN 
2.686756e+02 
5.710423e+02 
1.856465e+02 
1.183664e+02 
8.361863e+01 
6.828798e+01 
-6.449497e+01 
4.080501e+01 
-2.349714e+01 
2.987930e+01 
5.872496e+01 
-1.795388e+01 
5.442177e+01 
-3.587001e+01 
-5.386678e+01 
1.373275e+01 
7.683354e+01 
2.956564e+01 
-1.516333e+01 
-3.305986e+01 
-7.241712e+01 
-6.077439e+01 
-7.174183e+00 
8.721252e+00 
-3.219480e+01 
5.011018e+01 
-7.320958e+00 
1.887828e+01 
-9.347916e+01 
-7.954241e-01 
8.263289e+01 
3.664955e+00 
-7.292423e+01 
-6.178517e+01 
-4.316933e+00 
4.964665e+01 
-4.185255e+01 
5.167823e+01 
1.403706e+02 
1.643829e+02 
1.107930e+02 
2.762900e+01 
-3.953333e+01 
-6.717666e+00 
-3.081098e+01 
8.575839e+01 
-3.869203e+01 
-6.565464e+01 
1.487121e+01 
-7.213197e+01 
1.030320e+01 
-1.144599e+02 
-7.603628e+01 
-4.578651e+01 
-5.838645e+01 
NaN 
NaN 
-2.456075e+02 
-7.149995e+00 
-1.979161e+01 
1.039390e+02 
1.994468e+01 
-1.547513e+01 
-5.115001e+01 
-2.311076e+01 
-1.158837e+02 
-3.360770e+01 
3.370384e+01 
8.518289e+01 
4.309329e+00 
2.909552e+01 
3.955128e+01 
-4.901997e+01 
-3.021794e+01 
2.123606e+01 
7.500278e+01 
-5.734685e+01 
-1.366853e+01 
-2.630561e+01 
-5.452106e+01 
1.428606e+01 
-5.744620e+00 
-4.641295e+01 
3.000575e+01 
7.545487e+01 
-1.885095e+01 
-5.618796e+01 
2.290279e+01 
8.270959e+01 
-8.189470e+00 
2.315834e+01 
1.007829e+01 
-4.354382e+01 
6.268350e+01 
9.843194e+01 
2.215906e+02 
9.358225e+01 
1.064640e+02 
-3.896939e+01 
2.523776e+01 
-1.695438e+02 
9.657098e+00 
3.742694e+01 
-1.788770e+01 
-1.266532e+02 
1.493582e+01 
-6.958915e+00 
-1.517337e+01 
1.599689e+00 
8.342953e+01 
-2.339628e+01 
-1.171414e+02 
-2.182981e+02 
NaN 
-2.995938e+02 
2.781908e+02 
1.870972e+02 
5.268559e+01 
1.567214e+01 
9.020727e+01 
-1.237318e+02 
4.265857e+00 
-1.740394e+00 
-3.305468e+01 
2.286839e+01 
1.028486e+02 
-3.013718e+01 
-6.146041e+01 
-4.767459e+01 
2.063511e+01 
-4.913228e+01 
-1.121962e+01 
4.973087e+01 
3.556660e+01 
7.315492e+01 
-3.856125e+01 
-4.316678e+01 
2.138650e+01 
4.559320e+01 
3.541837e+01 
-2.357536e+01 
-3.660263e+01 
4.161877e+00 
-2.862244e+01 
1.472283e+01 
4.983523e+01 
2.974654e+01 
-4.018527e+01 
7.272774e+01 
2.682092e+01 
8.977080e+01 
1.039005e+01 
6.639974e+01 
9.361276e+01 
-5.636609e+00 
2.140885e+01 
6.924145e+01 
-5.272253e+01 
-6.833493e+01 
-1.106795e+02 
1.838876e+01 
-6.734421e+01 
-1.784649e+01 
-6.790770e+00 
-3.218820e+00 
1.295078e+02 
6.862292e+01 
-2.470366e+01 
-1.003895e+02 
-1.582903e+02 
NaN 
-7.709666e+02 
1.525944e+02 
3.718233e+00 
4.978303e+01 
8.164004e+01 
1.086879e+01 
-1.780681e+01 
2.686421e-01 
9.804498e+00 
-9.318532e-01 
7.590620e+01 
4.148833e+01 
-2.455624e+01 
1.576971e+01 
4.311783e+01 
3.872015e+01 
-1.038073e+01 
2.354109e+01 
5.885118e+00 
3.661507e+01 
3.856993e+01 
-4.524626e+01 
-5.515326e+01 
2.216948e+01 
6.271434e+01 
-6.714166e+01 
-1.590666e+01 
5.854773e+01 
4.574438e+01 
1.559193e+01 
7.919439e+01 
-4.991371e+01 
-1.257149e+01 
-1.065575e+01 
-3.295005e+01 
3.325410e+01 
1.355137e+02 
1.682119e+02 
-1.023351e+01 
6.612308e+00 
1.266237e+02 
2.052200e+01 
-4.684663e+01 
-9.444231e+01 
-6.485414e+01 
-1.092041e+02 
-5.897686e+01 
-1.065729e+02 
-6.649351e+01 
-6.865130e+00 
9.542426e+01 
2.507720e+02 
6.380158e+01 
3.129271e+01 
1.574624e+02 
-1.113932e+02 
NaN 
-4.010664e+01 
-1.506037e+02 
4.998015e+01 
9.367023e+01 
1.995268e+01 
8.354189e+01 
7.717511e+01 
-7.890945e+01 
-2.946461e+01 
5.001379e+00 
1.734240e+01 
1.315259e+02 
1.329193e+02 
9.991604e+01 
6.464932e+01 
1.248568e+02 
1.042999e+02 
4.164354e+00 
-4.775349e+01 
1.600805e+02 
4.581070e+01 
-3.862185e+01 
6.030950e+01 
4.688880e+00 
8.719482e+01 
-6.999075e+01 
-3.921367e+01 
-6.471942e+01 
1.106410e+00 
7.924438e+01 
4.454912e+01 
-2.744480e+01 
-4.302525e+01 
2.830606e+01 
6.286195e+01 
5.008727e+01 
8.295038e+01 
5.414538e+01 
4.644488e+01 
1.578915e+01 
-4.228653e+00 
-7.053423e+01 
5.555202e+01 
-2.598610e+01 
-8.460192e+01 
-4.943512e+01 
-6.657336e+01 
-8.400221e+01 
-1.341819e+00 
5.356198e+01 
1.816017e+01 
1.529555e+02 
-4.936348e+01 
-2.845562e+01 
-9.904890e+01 
-2.345125e+01 
NaN 
-5.295624e+02 
-1.531894e+02 
1.185891e+02 
-1.110643e+01 
-2.646220e+01 
9.430091e+01 
-1.045941e+02 
-5.449447e+01 
-1.675833e+01 
-1.995772e+01 
5.017973e+01 
9.328404e+01 
1.079492e+02 
5.094268e+01 
6.736385e+01 
1.551349e+02 
1.681317e+02 
3.209579e+01 
4.009796e+01 
1.076380e+02 
1.045118e+02 
5.731256e+01 
5.948340e+01 
4.485957e+01 
-3.578988e+01 
-4.067424e+01 
3.178069e+01 
-6.547496e+01 
-9.928972e+01 
-2.598859e+01 
-1.639526e+01 
2.598219e+01 
-1.851948e+00 
1.311123e+02 
3.391479e+00 
1.018624e+02 
9.795643e+01 
1.022416e+02 
1.546654e+02 
1.397605e+01 
-6.753137e+00 
1.151860e+01 
7.631187e+00 
-1.007270e+02 
-1.118428e-01 
-3.994768e+01 
-3.850511e+01 
-8.005748e+01 
6.712401e+01 
6.057756e+00 
-3.266351e+01 
3.654101e+01 
1.217122e+02 
2.291073e+00 
-1.249432e+02 
-2.501637e+01 
NaN 
NaN 
1.203960e+01 
-1.881531e+02 
6.648495e+01 
-5.269586e+01 
7.488913e+00 
1.200748e+02 
-1.217458e+02 
-6.265938e+01 
7.542102e+01 
4.904051e+01 
1.901082e+01 
2.610117e+01 
-7.470176e+01 
7.636853e+01 
5.663514e+01 
6.596337e+01 
-3.952207e+01 
-5.947911e+01 
7.086656e+01 
9.035573e+01 
2.927464e+01 
1.472487e+01 
3.048782e+01 
-1.563204e+01 
-5.152153e+01 
1.637942e+01 
4.435140e+01 
-7.634869e+01 
-3.493492e+01 
-5.226104e+00 
-1.556656e+01 
2.846557e+01 
7.317667e+01 
8.399465e+01 
4.672795e+01 
3.731224e+00 
1.347510e+01 
3.003327e+01 
7.173493e+01 
2.234536e+01 
4.901045e+01 
-9.841917e+00 
-3.088378e+00 
9.401503e+01 
1.962378e+01 
-4.160373e+01 
-1.047498e+01 
-5.606626e+00 
-4.259902e+01 
-3.908989e+01 
1.447350e+02 
1.557345e+02 
6.138838e+01 
8.476998e+00 
1.095071e+02 
NaN 
-6.388361e+02 
7.214499e+01 
9.501088e+01 
7.057741e-01 
-7.280338e+01 
1.282549e+01 
9.260348e+01 
1.412111e+01 
-2.238176e+01 
-1.369946e+01 
-2.685084e+01 
7.043120e+01 
-2.166230e+01 
7.884417e+00 
6.322422e+01 
-1.945350e+01 
-1.611041e+01 
-1.357647e+02 
-2.585133e+01 
-9.283851e+01 
3.273803e+00 
3.305771e+01 
-5.796881e+01 
1.893700e+01 
-9.930344e+00 
-9.906863e+01 
-5.921672e+01 
-3.501936e+01 
1.651407e+01 
1.631317e+01 
7.322768e+00 
4.623124e+01 
4.240949e+01 
3.819150e+01 
-9.405458e+00 
-7.888751e+00 
-6.303394e+01 
1.135257e+02 
-6.931324e+00 
9.123307e+01 
8.593377e+01 
1.257310e+02 
-1.603382e+01 
-1.636677e+01 
4.548596e+00 
6.865942e+01 
-9.587523e+01 
-2.153106e+01 
-7.830087e+00 
-7.200504e+01 
-6.993318e+01 
6.430154e+01 
4.731091e+01 
5.902598e+01 
-1.212974e+02 
9.229833e+01 
NaN 
NaN 
-1.508380e+02 
1.798039e+02 
-5.653842e+00 
1.067521e+01 
-6.978518e+01 
2.811104e+02 
6.290286e+01 
2.982855e+01 
9.410019e+00 
6.313579e+01 
2.982214e+00 
-4.322980e+01 
1.499959e+02 
9.017191e+01 
-1.106156e+01 
1.710124e+01 
-5.085188e+01 
-1.327125e+01 
-5.923004e+00 
-3.511317e+01 
-1.869956e+01 
-6.909133e+01 
-4.691918e+01 
7.821776e+00 
1.355906e+01 
-3.356889e+01 
-1.325194e+01 
-1.001847e+01 
-6.990150e+00 
4.567391e+00 
-2.455018e-01 
1.625882e+01 
1.933650e+01 
-3.336244e+01 
-3.381491e+01 
-1.421967e+01 
-1.353981e+01 
-2.144310e+01 
-4.528004e+01 
-7.060302e+00 
9.445727e+00 
3.413532e+01 
4.903737e+01 
7.236340e+01 
1.022944e+02 
-2.145833e+01 
-7.210774e+01 
2.572504e+01 
-4.077579e+01 
1.960523e+01 
4.094175e+01 
4.093380e+01 
1.206984e+02 
-4.928451e+01 
1.216540e+01 
NaN 
NaN 
-1.555354e+02 
4.668617e+01 
1.316932e+01 
-1.215169e+02 
-8.446389e+01 
5.349418e+01 
-1.546754e+01 
-2.513470e+01 
2.632305e+01 
-2.314192e+01 
3.244138e+01 
6.726917e+01 
1.678659e+02 
-1.063780e+02 
-5.672866e+01 
-6.589365e+01 
-3.165673e+01 
8.197698e+01 
-2.969089e+01 
-1.148576e+02 
7.793899e+00 
-5.825134e+01 
-5.118182e+00 
-1.620926e+01 
-6.095635e+01 
-1.113946e+02 
7.142551e+00 
1.994538e+00 
-1.544851e+01 
1.944669e+01 
3.580119e+01 
-4.535664e+01 
1.424831e+01 
3.327935e+01 
-8.059476e+00 
9.093925e+00 
6.925812e+01 
8.705082e+00 
1.478509e+01 
6.856054e+01 
2.419940e+01 
5.517659e+01 
-1.379994e+02 
7.454404e+01 
1.298176e+02 
5.474289e+01 
-1.091530e+02 
-8.159270e+01 
-8.984909e+01 
2.579745e+01 
-3.951277e-01 
1.293716e+02 
-2.804312e+01 
-1.137431e+02 
-2.054954e+00 
NaN 
1.840789e+01 
1.123158e+02 
-3.324549e+00 
2.546890e+01 
4.195344e+00 
-1.277725e+02 
3.551007e+01 
-2.286247e+01 
3.753015e+01 
5.772845e+01 
4.123397e+01 
-7.080859e+01 
2.671820e+02 
3.693346e+01 
-6.221818e+01 
-1.431302e+02 
-9.650798e+01 
-6.120438e+01 
1.162183e+02 
3.516988e+01 
-6.144646e+01 
6.354092e+00 
-8.263858e+00 
-3.037617e+01 
-3.291464e+01 
-1.665207e+00 
-2.751523e+01 
4.841608e+01 
8.517782e+00 
-2.371536e+01 
-1.213244e+01 
-1.075671e+01 
3.138942e+01 
4.753880e+01 
6.433053e+01 
1.996067e+01 
-2.753064e+01 
6.227682e+01 
-9.326516e-01 
-9.759015e+01 
5.310782e+01 
4.678935e+01 
-7.117262e+01 
-2.047228e+01 
6.151168e+01 
3.845690e+01 
3.213274e+01 
-8.664343e+01 
-8.564834e+01 
-1.525986e+01 
-1.403330e+01 
-2.867955e+01 
9.389690e+01 
1.816002e+02 
-3.310891e+01 
-8.391832e+01 
NaN 
3.221381e+02 
7.383351e+01 
1.029418e+02 
9.202252e+01 
8.502422e+01 
-2.182977e+01 
-6.723935e+01 
-9.184351e+01 
-6.589537e+01 
6.561208e+01 
1.807690e+02 
1.839927e+01 
1.115333e+02 
-3.383186e+00 
4.054062e+00 
-3.184031e+01 
3.631476e+01 
-2.928890e+01 
2.650139e+01 
3.582406e+01 
5.582695e+01 
1.374323e+01 
4.303779e+01 
-8.953491e+01 
-6.233014e+01 
-2.667692e+01 
1.877206e+01 
1.242741e+02 
-2.623744e+01 
-2.093085e+01 
8.664322e+00 
3.210310e+01 
9.882404e+01 
7.823964e+00 
-8.470326e+00 
1.063124e+02 
4.026515e+01 
3.850149e+01 
8.744571e+01 
1.724824e+01 
4.833817e+01 
-9.588979e+01 
1.806359e+01 
-2.848459e+01 
-4.999396e+01 
-8.519748e+00 
-4.876776e+01 
9.462938e+01 
-2.067987e+01 
-3.253713e+01 
7.289365e+01 
1.313255e+01 
1.774149e+02 
1.278711e+02 
-1.090554e+02 
-8.273855e+01 
NaN 
1.746424e+02 
1.322568e+02 
-2.833699e+02 
-8.594659e+00 
2.488257e+01 
-6.258337e+01 
7.539975e-01 
-5.598247e+01 
-1.606014e+01 
-5.259919e+01 
1.111074e+02 
9.011055e+01 
-1.867937e+01 
3.349124e+01 
-8.760978e+01 
-1.349418e+01 
-7.363574e+01 
-4.653011e+01 
1.539226e+01 
5.657980e+01 
5.504524e+01 
-9.168860e+00 
-1.332351e+01 
-4.575537e+01 
-7.613976e+01 
-3.589584e+01 
-5.820801e+00 
8.137698e+01 
-2.574499e+01 
1.269766e+01 
-2.489982e+01 
6.298961e+01 
5.783343e+01 
6.070577e+01 
1.217002e+02 
1.216201e+02 
-2.989336e+01 
-1.365961e+02 
1.086163e+02 
9.524464e+01 
-9.051759e+00 
-2.110221e+01 
-4.823108e+01 
7.617329e+01 
-3.821379e+01 
-5.093460e+01 
-4.097367e+01 
3.095595e+01 
3.604891e+00 
4.217129e+01 
1.575058e+01 
3.728212e+01 
7.495409e+01 
1.598730e+02 
7.800432e+00 
-4.911702e+01 
NaN 
4.256825e+02 
1.812206e+02 
-1.675037e+02 
-1.250078e+02 
2.672108e+01 
-4.965367e+01 
-9.088535e+01 
4.009638e+00 
1.397802e-01 
-5.666498e+01 
4.542364e+01 
1.196284e+02 
4.356450e+01 
1.343022e+01 
5.230803e+01 
-1.011029e+01 
-9.405266e+01 
8.193778e+01 
-1.129227e+02 
7.087723e+01 
1.871782e+01 
-3.061645e+01 
-7.816367e+01 
-2.299244e+01 
-6.205623e+01 
-9.893108e+01 
2.423840e+01 
-5.961631e+00 
-1.877791e+01 
-1.688914e+01 
2.058059e+01 
9.178980e+01 
3.899008e+00 
5.242038e-01 
3.294626e+01 
6.122592e+01 
5.822322e+01 
-2.991869e+01 
-3.398830e+01 
1.211394e+02 
-1.075169e+02 
6.016658e+01 
-1.962156e+01 
2.264981e+01 
-1.343023e+02 
-1.169031e+02 
8.522061e+01 
-6.627871e+00 
-6.233463e+01 
3.728930e+01 
6.985275e+01 
-9.959380e+01 
9.854012e+00 
2.072198e+02 
8.450079e+01 
-4.261208e+01 
NaN 
-1.515125e+01 
9.326050e+01 
2.384713e+01 
-9.301264e+01 
7.358033e+01 
7.454447e-02 
-1.979201e+01 
5.382565e+00 
-6.349282e+01 
1.803381e+01 
2.919229e+01 
1.182116e+02 
6.208537e+00 
-2.612323e+01 
-1.072717e+01 
6.520429e+01 
-9.910385e+01 
-7.634791e+01 
-3.113059e+01 
-2.356751e+01 
5.576544e+01 
-9.494975e+00 
6.660823e+00 
1.278065e+01 
4.360183e+01 
-2.302909e+01 
3.669940e+01 
5.903105e+01 
7.943842e+01 
1.949543e+01 
4.142535e+01 
3.130162e+01 
2.452016e+01 
6.989446e+00 
1.132190e+02 
-9.544919e+00 
9.265946e+00 
5.247022e+01 
-5.941438e+01 
5.274962e+01 
-1.126352e+02 
3.254498e+01 
-4.161340e+00 
6.413316e+01 
8.493899e+01 
-8.682603e+01 
1.939402e+01 
-1.536209e+01 
-7.328245e+01 
-2.378484e+01 
5.811468e+01 
1.925560e+01 
-2.034380e+00 
1.930747e+01 
3.107939e+01 
1.167717e+01 
NaN 
3.380176e+00 
-6.865429e+01 
-1.162388e+02 
5.781765e+01 
9.619466e-02 
1.988926e+01 
-2.991656e+01 
2.850411e+01 
-3.569628e+01 
-3.995332e+01 
9.942239e+01 
5.763784e+01 
3.903757e+01 
-3.612861e+01 
5.530067e+01 
7.907603e+01 
-2.199349e+01 
-3.118977e+01 
-1.869146e+01 
-8.558461e+01 
1.494044e+01 
-5.337798e+01 
-4.892421e+01 
1.818339e+01 
-4.257435e+01 
-1.955135e+01 
5.461960e+01 
-9.569939e+00 
1.698923e+01 
-4.303158e+01 
-2.422295e-01 
4.651975e+01 
8.006132e+01 
3.215298e+01 
1.622145e+01 
1.611725e+00 
3.575165e+01 
1.953489e+01 
-6.117839e+01 
3.218221e+01 
-6.890350e+01 
-4.948542e+01 
4.334387e+01 
-9.756372e+00 
6.930949e+01 
-1.037552e+01 
-2.650054e+01 
-9.553673e+01 
-9.435480e+01 
-9.800111e+01 
5.344339e+01 
8.162160e+00 
5.040224e+01 
4.883562e+01 
3.242633e+01 
8.216161e+01 
NaN 
-5.155997e+02 
-1.228888e+01 
-4.032585e+02 
7.631876e+01 
6.746058e+01 
1.881310e+01 
1.903405e+02 
-2.424122e+01 
-3.868813e+01 
-9.691267e+00 
7.280396e+01 
1.771152e+02 
7.282540e+01 
-5.914313e+01 
1.038122e+02 
-4.705627e+01 
4.144971e+01 
-1.123415e+01 
-6.393104e+00 
3.262988e+01 
-1.086769e+02 
-5.067588e+01 
2.823620e+01 
6.135118e+01 
-1.287119e+02 
-7.065016e+00 
2.614278e+01 
4.241173e+01 
-1.587381e+01 
3.621844e+01 
-3.652591e+01 
2.377354e+01 
1.232394e+01 
3.785699e+01 
-3.538353e+01 
-7.208440e+01 
1.248759e+02 
1.335968e+01 
3.799530e+01 
-4.496672e+01 
1.805074e+01 
-1.180006e+02 
-3.920871e+01 
-2.082857e+01 
6.111917e+01 
-1.948385e+01 
-9.684113e+01 
-1.531780e+01 
-1.032169e+02 
1.968763e+00 
-4.373619e+01 
7.599919e+01 
8.122031e+01 
9.912487e+00 
1.106980e+00 
3.345685e+01 
NaN 
-9.631867e+01 
7.505294e+01 
1.908738e+02 
3.396090e+01 
-4.514030e+01 
-3.660694e+01 
7.088651e+01 
-4.036055e+01 
-9.329285e+01 
-6.809920e+01 
-4.498604e+01 
7.454045e+01 
1.165642e+02 
-1.687174e+01 
-5.645192e-01 
-1.086442e+01 
-5.192142e+00 
1.200957e+02 
6.856441e+00 
-3.376400e+01 
-2.150435e+01 
-2.596831e+01 
-3.017406e+01 
7.833560e+00 
-3.302048e+01 
-5.139179e+01 
-1.146740e+01 
1.222208e-01 
-1.251149e+01 
-2.851979e+01 
3.946257e+01 
5.851873e+01 
5.087422e+01 
-3.678619e+01 
-1.535356e+01 
-4.021407e+01 
3.492639e+01 
7.633056e+01 
-9.238554e+01 
-3.596757e+01 
-7.360709e+01 
-3.882859e+01 
1.560921e+01 
1.955521e+01 
2.575247e+01 
1.858627e+00 
-1.763566e+02 
-2.700786e+01 
-5.794903e+01 
2.920293e+01 
-9.819427e+01 
-6.715918e+01 
-6.453763e+00 
-1.104455e+01 
8.936194e+01 
-5.338586e+01 
NaN 
-1.347996e+01 
6.511076e+01 
-1.202569e+02 
-9.008531e+01 
3.495163e+01 
4.262284e+01 
8.973249e+01 
-1.110214e+02 
-3.334662e+01 
-8.231468e+01 
-1.027610e+02 
-4.576226e+01 
9.508807e+01 
-4.036490e+01 
-9.329202e+01 
4.924862e+01 
-4.108512e+01 
3.923439e+01 
7.385843e+01 
-1.452991e+01 
-1.338856e+01 
-7.085558e+01 
-2.891036e+01 
3.646405e-01 
-3.941548e+00 
-3.633864e+01 
5.894802e+01 
-6.963426e+00 
-8.474800e+00 
-5.792993e+01 
6.473328e+01 
-3.765746e+01 
-3.288331e+00 
2.883514e+01 
2.105273e+01 
-7.328310e+01 
4.660649e+01 
6.774401e+01 
-7.850209e+01 
-6.040400e+01 
-5.635098e+00 
4.804020e+01 
4.519335e+01 
6.357474e+01 
1.417410e+02 
1.742097e+01 
-9.069607e+01 
-1.565839e+02 
-2.581061e+01 
-3.031683e+01 
-2.100420e+02 
-1.367107e+02 
4.380019e+01 
1.560453e+01 
2.359055e+01 
-5.564835e+01 
NaN 
2.425018e+02 
-6.638299e+01 
1.287444e+02 
-1.956995e+01 
1.379310e+02 
2.568784e+01 
-1.521261e+01 
-7.508872e+01 
-1.720562e+01 
-1.060870e+02 
1.374089e+01 
-6.680617e+01 
5.858512e+01 
-6.907569e+01 
-1.661628e+01 
-1.778772e+01 
-8.870908e+01 
1.660229e+01 
3.771276e+01 
-4.880263e+01 
-9.525674e+01 
-2.971503e+01 
-4.625094e+01 
1.630548e+00 
5.254670e+01 
-1.586481e+01 
4.362468e+01 
-3.168273e+01 
1.024441e+01 
-1.497069e+01 
-2.140043e+01 
-2.992548e+01 
-7.740967e+00 
8.273286e+01 
4.021856e+01 
2.366463e+00 
9.478259e+01 
-5.432667e+01 
-1.062100e+02 
7.054015e+01 
-1.240404e+02 
1.364042e+01 
7.988058e+00 
3.526786e+00 
5.024434e+01 
7.010993e+01 
-9.483763e+01 
-4.613642e+01 
-4.161815e+01 
-7.205309e+01 
-8.628332e+01 
-9.780286e+01 
-6.310802e+00 
4.064554e+01 
1.645710e+00 
-2.992708e+01 
NaN 
-2.226972e+00 
-7.754609e+00 
-1.520846e+01 
-5.212829e+01 
2.161889e+02 
1.644027e+01 
-1.123760e+02 
-4.114955e+01 
-1.747114e+01 
-1.299088e+02 
3.337423e+00 
1.110598e+01 
4.399228e+01 
-1.078613e+02 
-2.580129e+01 
-4.801587e+01 
-1.493720e+01 
1.686462e+01 
1.607910e+02 
-6.974559e+01 
7.902366e+00 
-7.429015e+01 
2.139971e+02 
-6.569722e+01 
1.203067e+01 
-1.342510e+01 
-2.302620e+01 
2.801682e+01 
-3.605527e+01 
-4.850505e+00 
-2.159837e+01 
-1.582208e+01 
-2.131029e+01 
1.333460e+02 
-1.220617e+02 
4.010186e+01 
-1.509361e+02 
-6.378847e+01 
2.139619e+01 
-4.560919e+01 
-9.478191e+01 
4.343063e+01 
-6.988904e+01 
-7.995363e+00 
5.888165e+00 
2.577199e+01 
4.711742e+01 
-1.518901e+00 
-1.089146e+02 
-1.140063e+02 
-2.851132e+01 
-4.938882e+01 
-2.549246e+01 
1.917742e+01 
3.215274e+01 
-5.263939e+01 
NaN 
1.055930e+02 
8.948349e+00 
-7.974171e+01 
-1.669635e+01 
-9.626768e+01 
-5.234671e+01 
2.443179e+01 
-4.156205e+01 
-2.896693e+01 
-1.432127e-01 
-4.800910e+01 
2.028750e+01 
-4.179836e+00 
-4.803243e+01 
-8.185921e+00 
-4.219109e+01 
-2.548088e+01 
1.158164e+01 
1.249981e+02 
7.260056e+01 
-2.810104e+01 
1.785716e+01 
4.516178e+01 
1.972081e+01 
-4.051198e+00 
-6.267596e+00 
6.050689e+01 
2.606148e+01 
-3.918405e+01 
-4.476471e+01 
-1.279026e+01 
1.062759e+01 
-5.192179e+00 
3.977032e+01 
-3.974443e+01 
-1.367254e+02 
7.779815e+01 
4.077373e+01 
-6.953270e+01 
2.609662e+01 
-4.843900e+01 
-3.433868e+01 
-2.702193e+01 
6.027539e+01 
8.510885e+01 
3.691673e+01 
1.712694e+01 
3.951742e+01 
-3.506229e+01 
-8.391407e+01 
-5.450743e+01 
-2.523503e+01 
6.033315e+01 
5.518652e+01 
-4.370168e+01 
-8.176714e+01 
NaN 
NaN 
-8.151344e+01 
-8.492021e+01 
1.560910e+01 
-1.153639e+02 
-2.804159e+01 
1.111206e+02 
-3.185851e+01 
-7.649541e+01 
-9.624027e+00 
7.585979e+01 
-7.949865e+01 
-6.449248e+01 
-2.765654e+01 
8.400845e+00 
4.372715e+00 
1.515989e+00 
1.274751e+02 
3.801375e+01 
2.847793e+01 
7.113711e+01 
-5.438145e+00 
1.117726e+01 
7.353153e+01 
1.471872e+01 
5.812353e+00 
-5.142038e+01 
8.121548e+01 
2.657904e+01 
-7.207404e+00 
-2.662818e+01 
-2.669879e+01 
-3.593462e+01 
2.692267e+01 
5.144457e+01 
-6.829704e+00 
-4.561988e+01 
5.380834e+01 
3.565970e+01 
2.069557e+01 
6.949662e+01 
-9.965345e+01 
-7.520167e+01 
-1.670482e+01 
1.615716e+02 
6.219570e+01 
2.745798e+01 
-6.579120e+01 
6.368580e+01 
-1.209979e+02 
-2.772100e+01 
-7.413989e+01 
5.217829e+01 
-2.662383e+01 
-1.075631e+01 
-9.126064e+01 
NaN 
3.340458e+01 
3.240334e+01 
6.767226e+01 
6.855491e+01 
-9.846084e+01 
-4.258996e+01 
1.435972e+02 
2.634971e+01 
-2.472446e+01 
-6.800096e+01 
4.937124e+01 
-1.434563e+02 
4.252663e+01 
-1.421076e+01 
3.815273e+01 
-7.281479e+00 
6.448229e+00 
7.251328e+01 
-4.689442e+01 
3.791358e+01 
-3.600043e+01 
-2.561511e+00 
-2.060453e+01 
6.001092e+01 
-6.514869e+01 
-1.792945e+01 
-1.739558e+01 
5.466821e+01 
-1.373835e+01 
-3.004464e+01 
-1.078234e+01 
6.201359e+01 
1.579922e+00 
4.445836e+01 
1.337023e+02 
1.212267e+02 
2.886741e+01 
1.197417e+02 
3.518852e+01 
2.294930e+01 
4.805921e+01 
-9.800534e+00 
-5.677919e+01 
-1.956818e+01 
2.142983e+01 
1.081956e+01 
-1.098418e+01 
-2.666168e+01 
-7.899654e+01 
-1.322825e+02 
-9.346303e+01 
-1.693869e+01 
-1.966228e+01 
-8.000446e+01 
-4.413841e+01 
-3.055287e+01 
NaN 
NaN 
9.711223e+01 
4.546946e+01 
-4.333904e+01 
-4.261605e+01 
-9.144641e+01 
8.325782e+01 
6.958772e+01 
-9.042892e+01 
-3.918625e+01 
-6.803778e+01 
-1.862630e+01 
3.344425e+01 
1.151743e+01 
-1.123558e+02 
-4.514383e+01 
-2.032401e+01 
3.696803e+00 
5.415748e+01 
6.614670e+01 
3.436081e+01 
2.368301e-01 
6.799782e+01 
2.156923e+01 
-5.042071e+01 
3.251047e+00 
6.563585e+01 
-1.990498e+00 
-8.672597e+01 
5.351988e+01 
5.006950e+01 
4.393369e+01 
-4.867689e+01 
7.674843e+01 
4.512134e+01 
2.572777e+01 
7.864352e+01 
-7.801766e+00 
1.156906e+02 
3.155758e+01 
8.083507e+00 
-4.707617e+01 
3.212355e+01 
-2.794314e+01 
-8.379474e+01 
-2.370048e+01 
-3.486498e+01 
2.612144e+01 
-1.065520e+02 
-2.608506e+01 
1.367816e+01 
7.244515e+01 
-8.993991e+01 
-8.603689e+01 
-5.384031e+01 
-8.499439e+01 
NaN 
1.208401e+02 
-1.943593e+01 
4.660730e+01 
-3.552278e+01 
-1.044967e+02 
2.259258e+01 
1.658976e+01 
-8.695254e+01 
-2.822300e+01 
-1.842013e+01 
3.021835e+00 
-1.182264e+02 
-2.737517e+01 
-1.484318e+01 
-3.256977e+00 
-4.960773e+00 
1.880085e+02 
-3.873436e+01 
-4.809463e+01 
-8.094361e+01 
-2.998684e+01 
-3.708440e+00 
6.760434e+01 
1.504895e+01 
-1.980091e+00 
5.502615e+01 
2.528437e+00 
-2.377278e+01 
-6.835049e+01 
1.613093e+00 
3.716101e+01 
-4.712867e+01 
-3.603594e+01 
1.853797e+01 
-4.126687e+01 
8.031048e+01 
5.933513e+01 
6.503958e+01 
-4.495378e+01 
8.826961e+01 
-3.173216e+01 
6.450574e+00 
5.126136e+00 
4.191256e+01 
-9.036572e+01 
9.100332e+01 
-6.675303e+01 
1.479756e+01 
-1.311302e+02 
-4.106629e+01 
-6.897105e+01 
-2.148220e+01 
2.720470e+01 
-5.769630e+01 
4.106200e+01 
-5.588264e+01 
NaN 
NaN 
4.167467e+01 
4.298113e+01 
5.046485e+01 
1.456564e+01 
2.512877e+01 
7.720416e+01 
2.891493e+01 
1.342477e+02 
-9.747478e+01 
-5.551044e+01 
-7.576698e+01 
-9.307549e+01 
-3.472021e+01 
-1.025355e+02 
-7.866735e+00 
3.646379e+01 
-1.474357e+01 
1.548729e+02 
-4.134774e+01 
-6.157994e+01 
-1.264645e+02 
4.378547e+01 
-2.336564e+00 
7.456448e+01 
1.506879e+01 
-5.610480e+00 
-5.482363e+01 
-3.930207e+01 
2.052671e+01 
3.367519e+01 
3.417145e+01 
-5.645091e+01 
3.141803e+01 
8.236727e+01 
-8.925148e+01 
-2.506022e+01 
-3.245781e+01 
-1.474564e+02 
3.376514e+01 
-2.304682e+01 
-6.705556e+01 
6.529176e+01 
6.926349e+01 
-7.615719e+01 
-7.343345e+01 
2.859161e+01 
-4.240703e+01 
-1.060771e+02 
-4.082543e+01 
-1.000892e+02 
-2.418167e+00 
-1.105404e+02 
-1.902735e+01 
1.577445e+02 
-8.466231e+01 
NaN 
NaN 
7.514618e+01 
-7.249948e+01 
-5.452201e+01 
3.236483e+01 
2.752995e+01 
-7.010921e+01 
-2.334287e+01 
1.362016e+02 
-1.323363e+02 
6.447040e+01 
-2.081401e+01 
2.851807e+01 
2.094251e+01 
-1.346478e+01 
1.719256e+01 
-5.371596e+01 
2.161453e+01 
1.858268e+02 
1.577085e+01 
-4.820379e+01 
-6.993728e+01 
-1.010922e+00 
8.073634e+00 
-1.463876e+01 
-1.571713e+01 
2.499230e+01 
-2.550341e+01 
-4.079591e+01 
1.756669e+01 
1.061539e+01 
5.097478e+01 
-4.603146e+01 
-1.397502e+01 
2.683367e+00 
-8.976270e+01 
-8.357806e+01 
2.771139e+01 
-1.196474e+01 
2.312679e+01 
3.459242e+01 
8.142960e+01 
1.665784e+02 
1.629568e+01 
-5.897584e+01 
2.401572e+01 
2.519743e+01 
-9.074248e+01 
-7.083551e+01 
5.091001e+00 
-1.660311e+01 
-2.898727e+01 
8.596615e+01 
-1.182666e+02 
1.642726e+02 
-1.059905e+02 
NaN 
NaN 
1.658125e+02 
-7.789902e+01 
-1.035084e+02 
1.307627e+01 
1.124941e+01 
7.275960e+00 
1.055655e+02 
1.018622e+02 
2.719316e-01 
8.569383e+01 
8.062830e+01 
6.055362e+01 
-9.863014e+01 
5.093507e+01 
-4.895162e+00 
-1.254280e+02 
-5.519466e+01 
-1.483088e+01 
8.755371e+00 
-5.855500e+01 
-6.329062e+01 
-1.276297e+02 
2.433644e+01 
-2.882460e+01 
-7.868832e+01 
-3.874105e+01 
2.131216e+01 
-9.081990e+01 
2.428094e+01 
7.547267e+00 
-2.855522e+01 
-9.021811e+01 
-9.587745e+01 
-9.064375e+01 
-8.680031e+01 
-1.669323e-01 
-5.769742e+01 
4.715508e+00 
1.020464e+02 
-1.088099e+01 
1.249662e+01 
1.069224e+02 
1.597712e+01 
-8.899887e+01 
3.001533e+01 
-7.193992e+01 
-5.834212e+01 
-2.926540e+01 
-2.722513e+01 
8.886718e+00 
-1.287215e+02 
3.769181e+01 
-7.195071e+01 
5.941671e+01 
-1.380938e+02 
NaN 
NaN 
-5.886692e+01 
-4.702059e+00 
-3.029571e+01 
-6.737151e+01 
3.720705e+01 
-4.034808e+01 
2.846173e+01 
1.523446e+02 
-8.332047e+01 
-6.151751e+01 
1.178987e+02 
-1.048384e+02 
-1.320892e+02 
-3.704725e+01 
-4.795747e+01 
-8.321364e+01 
1.284773e+00 
9.985186e+01 
-4.610177e+01 
-5.540682e+01 
-8.730338e+01 
-1.489844e+02 
1.279100e+01 
-9.547744e+00 
1.243225e+01 
9.619154e+00 
6.300412e+01 
-3.195807e+01 
2.771699e+00 
-3.893281e+01 
1.127891e+01 
-8.840335e+01 
-6.141425e+01 
4.739832e+01 
-4.639210e+01 
1.127591e+02 
4.665172e+01 
7.982727e+01 
4.602435e+01 
1.299017e+02 
-3.734724e+01 
-5.896049e+01 
4.126484e+01 
2.934755e+01 
-5.098721e+00 
-2.454124e+01 
-3.694178e+01 
1.536328e+01 
2.059315e+01 
-4.479234e+01 
-1.892025e+02 
7.349105e+01 
9.404607e+00 
9.050476e+01 
-3.412661e+01 
NaN 
NaN 
-6.182687e+01 
-7.210988e+01 
8.271505e+01 
-7.174902e+01 
5.357222e+01 
-3.799476e+01 
-1.104880e+02 
-4.735669e+01 
-2.058543e+02 
-1.457984e+02 
7.573602e+01 
-1.600963e+02 
-7.470929e+00 
6.426164e+01 
2.504847e+01 
3.932323e+01 
-1.196055e+02 
-4.143546e+01 
-6.662366e+01 
1.514005e+02 
-5.960922e+01 
-3.563040e+01 
5.546310e+01 
-3.118832e+01 
3.849813e+01 
1.494179e+01 
1.589924e+00 
-1.752250e+01 
5.360196e+00 
4.296255e+01 
-1.469216e+01 
-4.450442e+01 
5.067962e+00 
5.826535e+01 
5.249400e+01 
-7.174219e+01 
-4.838994e+00 
4.803242e+01 
2.164723e+01 
1.177190e+02 
-2.129984e+01 
-8.029190e+00 
7.975928e+01 
-3.243641e+01 
1.311054e+01 
-9.957823e+01 
1.566377e+01 
2.820605e+01 
3.981771e+01 
-8.878638e+01 
-4.486773e+01 
5.433433e+01 
6.275986e+01 
-2.406611e+02 
-8.539794e+01 
NaN 
NaN 
-2.924635e+01 
2.181471e+01 
4.673172e+01 
5.541202e+01 
4.820042e+01 
1.475060e+01 
8.796886e+01 
-5.659918e+01 
-6.269270e+01 
-5.305738e+01 
-3.107808e+01 
-8.136270e+01 
1.269204e+01 
-4.456640e+01 
5.195690e+01 
-1.658539e+01 
-7.966081e+00 
1.466753e+01 
-3.664146e+01 
6.740086e+01 
-2.260911e+01 
5.884355e+00 
3.311138e+01 
-1.196914e+01 
-3.752469e-01 
4.738685e+00 
-4.198385e+01 
2.674219e+01 
1.675949e+01 
-6.726144e+00 
1.520809e+00 
2.285917e+01 
6.902779e+01 
4.663575e+01 
4.447467e+01 
-6.332425e+01 
-3.534797e+01 
-1.932446e+01 
8.587326e+01 
1.456293e+01 
-4.432913e+01 
-5.041391e+01 
-6.233247e+01 
-5.491727e+01 
-6.420968e+01 
-1.571742e+01 
9.178726e+00 
1.354170e+02 
7.334960e+01 
-8.255953e+01 
5.322285e+01 
1.294338e+02 
1.563688e+01 
-2.199380e+02 
-1.396328e+02 
NaN 
NaN 
2.287793e+01 
-7.834935e+00 
-1.006705e+02 
-5.645032e+01 
-4.819565e+01 
-3.910308e+01 
2.095220e+00 
-7.675137e-01 
-1.124092e+01 
-4.521595e+01 
1.414628e+02 
-2.126934e+01 
-6.181256e+01 
4.353312e+01 
5.645051e+00 
-5.908528e+01 
-2.264592e+01 
-4.972873e+01 
-6.996027e+01 
1.202540e+01 
6.271679e+01 
-1.531046e+01 
1.334757e+01 
-8.275045e+01 
5.534420e+00 
-1.155932e+01 
1.382075e+01 
4.008566e+01 
-2.232945e+01 
2.009764e+01 
6.522270e+01 
4.701596e+01 
-6.658747e+00 
-7.450822e+00 
1.574123e+01 
-1.243581e+01 
-1.140551e+02 
6.022076e+01 
2.691489e+01 
-1.589948e+02 
3.028669e+01 
7.874802e+01 
1.630850e+01 
1.158189e+01 
-4.173894e+01 
-8.868485e+01 
-7.111191e+01 
7.170797e+01 
6.087509e+01 
6.535121e+01 
3.560827e+01 
-1.086845e+01 
6.326051e+01 
-2.508490e+02 
-6.365798e+01 
NaN 
NaN 
5.244003e+01 
-6.176444e+01 
-1.755287e+02 
-1.698433e+02 
4.017822e+01 
-4.244371e+00 
-1.979097e+02 
8.649150e+01 
-3.135931e+01 
-2.609387e+01 
1.195109e+02 
1.777700e+01 
-6.266130e+01 
1.084952e+01 
-7.466514e+01 
7.917361e+00 
4.796567e+01 
-1.216731e+01 
2.760754e+01 
6.433751e+01 
-1.923982e+01 
-6.887492e+01 
-2.367808e+01 
-5.737822e+00 
1.985510e+01 
2.552409e+01 
-6.645227e+01 
3.204617e+01 
3.155074e+01 
1.846617e+01 
8.211211e+00 
3.307572e+01 
3.683707e+01 
2.573165e+01 
-2.472926e+01 
2.972257e+01 
2.420786e+01 
3.911044e+01 
-8.255401e+01 
4.754762e+00 
1.346855e+02 
9.441652e+01 
3.004130e+01 
-1.956983e+01 
-1.641744e+01 
-7.368720e-01 
-3.758950e+01 
-8.804449e+01 
3.100267e+01 
1.417034e+02 
4.984947e+01 
3.332183e+01 
-1.130826e+02 
-2.398660e+02 
-7.552813e+01 
NaN 
NaN 
-2.031874e+02 
2.699443e+01 
-4.946650e+01 
-8.871016e+01 
6.181712e+01 
2.230273e+01 
-2.147164e+02 
7.132418e+01 
7.406411e+00 
2.020013e+01 
-5.303376e+01 
4.979215e+01 
4.591562e+00 
-4.976241e+01 
-4.883269e+00 
-7.801279e+01 
9.208390e+00 
2.411831e+01 
-4.918683e+00 
1.633503e+01 
5.562309e+01 
-9.116419e+00 
-8.278627e+00 
7.660183e+01 
8.128506e+01 
9.070801e+01 
1.247484e+01 
-9.446392e+01 
5.018379e+01 
-2.220350e+01 
3.903662e+01 
-9.889279e+01 
2.403140e+01 
1.912404e+01 
7.305002e+01 
6.993587e+01 
-2.029016e+01 
8.444987e+01 
1.095756e+01 
-5.250255e+01 
1.719349e+01 
4.083990e+00 
1.811505e+01 
-3.669813e+01 
8.751378e+01 
9.613272e+01 
-1.618288e+02 
-1.814100e+02 
2.328491e+00 
6.929387e+01 
-1.179228e+02 
-1.315768e+02 
-4.435450e+01 
-2.000945e+02 
-8.915913e+01 
NaN 
NaN 
NaN 
-9.886710e+01 
-4.268654e+01 
2.742324e+00 
2.304898e+00 
7.558377e+01 
-4.384373e+01 
-1.505478e+01 
1.253219e+01 
6.971949e+01 
-7.764219e+00 
2.117682e+01 
-1.414802e+02 
-1.809986e+01 
-2.847542e+01 
1.041246e+01 
1.185333e+01 
-1.405687e+02 
8.647363e-01 
-1.096794e+01 
5.457049e+01 
-8.720583e+00 
3.205549e+01 
9.696361e+01 
5.370112e+01 
4.753613e+01 
6.518861e+01 
-8.245755e+01 
5.691231e+01 
5.976837e+00 
-1.971972e+01 
-2.215738e+01 
4.684099e+01 
5.968460e+01 
8.489369e+01 
8.095188e+01 
3.767370e+01 
-6.359949e+01 
4.003251e+01 
-9.587663e+00 
-9.081668e+00 
1.383032e+01 
-5.627146e+00 
5.451364e+00 
4.702054e+01 
4.790118e+01 
-7.545430e+01 
3.511705e+01 
-3.737582e+01 
1.160062e+01 
-2.696967e+01 
-6.192496e+01 
-7.493847e+01 
-2.601854e+02 
-8.289956e+01 
NaN 
NaN 
NaN 
3.478541e+01 
-1.889936e+01 
-3.134232e+01 
-3.540015e+01 
1.699232e+01 
9.846240e+01 
-1.586132e+02 
8.479633e+01 
-3.011825e+01 
7.933053e+01 
1.196318e+01 
5.672722e+01 
-2.775555e+01 
-9.381552e+01 
6.863961e+01 
-6.332908e+01 
-2.192507e+01 
9.909257e+01 
3.003767e+01 
2.351568e+01 
4.778769e+01 
7.039094e+01 
1.774902e+00 
4.366544e+01 
2.700468e+01 
-4.007534e+01 
7.672899e+01 
3.242223e+01 
4.214347e+00 
-1.217798e+01 
2.851743e+01 
-5.111326e+01 
4.046820e+00 
-4.289628e+01 
6.485918e+01 
9.125520e+01 
3.069500e+01 
-2.089740e+01 
-2.111456e+01 
-3.166805e+01 
-1.335482e+01 
7.184740e+01 
4.144494e+01 
-1.916433e+01 
5.480654e+01 
4.319312e+01 
1.750258e+02 
-8.019423e+01 
2.266064e+01 
-5.897839e+00 
-1.158068e+02 
-7.562554e+01 
NaN 
-2.061178e+02 
NaN 
NaN 
NaN 
-3.006483e+01 
-1.375155e+02 
-2.125048e+01 
1.127047e+02 
-8.804209e+01 
-1.096555e+02 
1.492383e+02 
-6.143219e+00 
4.724093e+01 
1.044797e+02 
-2.353148e+01 
-2.123437e+02 
-1.262284e+02 
-1.398090e+01 
-9.661099e+00 
-6.628175e+01 
-4.655582e+00 
-2.057347e+01 
1.891302e+00 
-7.969414e+01 
6.417539e+00 
3.135053e+01 
1.462947e+01 
-2.838383e+01 
-9.580420e+00 
-4.774563e+01 
-8.064985e+01 
-2.918615e+01 
2.879368e+01 
6.491465e+01 
-1.988874e+01 
-5.927795e+01 
2.670216e-01 
7.294014e+01 
4.723436e+01 
-4.357546e+01 
4.633079e+01 
8.077866e+01 
-4.022937e+01 
-9.531807e+01 
-1.955684e+01 
7.064595e+01 
-4.841308e+00 
8.415337e+01 
7.446105e+01 
9.954849e+01 
-1.817384e+01 
-1.129738e+02 
8.787628e+01 
-7.686947e+01 
-6.444756e+01 
2.861221e+01 
-2.054631e+02 
3.314813e+01 
NaN 
NaN 
NaN 
-8.232616e+00 
1.379401e+02 
1.026341e+01 
-1.226738e+02 
-4.662755e+01 
3.005402e+01 
1.040642e+01 
4.781800e+00 
-1.254584e+02 
3.266202e+01 
8.350174e+01 
-8.032769e+01 
-8.596817e+01 
-4.541819e+01 
3.323936e+01 
-8.661222e+01 
6.175409e+01 
1.446901e+02 
1.452816e+01 
9.528913e+00 
7.799291e+01 
-8.676917e+01 
6.209717e+01 
7.880585e+01 
-6.179531e+01 
-8.523125e+01 
-2.287520e+01 
1.395812e+01 
-1.423462e+01 
1.104339e+02 
8.579246e+00 
1.335982e+01 
-3.134050e+01 
2.856378e+01 
2.612251e+01 
-5.413902e+01 
3.761150e+01 
1.877489e+01 
-1.402629e+01 
1.172240e+02 
-4.387833e+01 
2.382105e+01 
-2.097930e+01 
1.194616e+02 
1.246155e+02 
1.441246e+01 
-8.307511e+01 
-4.854894e+01 
4.941937e+01 
-9.880389e+01 
-6.883889e+00 
8.994012e+01 
-1.995927e+02 
-3.928843e+01 
NaN 
NaN 
NaN 
-1.540928e+02 
-4.332002e+01 
-4.147269e+01 
-9.611931e+01 
-9.423227e+01 
5.327169e+00 
-2.061885e+00 
-2.731564e+01 
-1.245695e+02 
6.006603e+01 
4.527824e+01 
-1.126676e+01 
4.752163e+01 
4.413876e+01 
-1.022853e+02 
7.837757e+01 
8.768223e+00 
2.297894e+01 
1.080261e+02 
-1.528963e+01 
1.610585e+01 
-3.561294e+01 
3.001019e+01 
-3.863274e+01 
-8.249685e+00 
-1.220430e+01 
-1.886161e+01 
-4.475542e+01 
4.282357e+01 
8.456388e+01 
-5.863773e+00 
4.621235e+01 
-9.076573e+00 
3.511076e+01 
6.006382e+00 
9.384942e+00 
-1.071276e+02 
-1.507868e+01 
-3.576009e+00 
3.274655e+01 
9.099024e+01 
-2.166989e+01 
-4.253825e+01 
2.278091e+01 
-1.653832e+01 
8.493185e+01 
-7.966425e+01 
2.702056e+01 
3.644377e+01 
8.243282e+01 
-1.726314e+01 
-7.824731e+00 
1.062346e+02 
-1.438849e+02 
NaN 
NaN 
NaN 
6.450395e+00 
2.848925e+01 
1.017492e+02 
-7.984461e+01 
-8.435487e+00 
-9.481658e+01 
3.437660e+01 
1.766977e+01 
5.975752e+01 
4.583469e+01 
-5.046601e+01 
4.589168e+01 
8.273601e+01 
9.623090e+01 
4.232525e+01 
-3.531069e+01 
6.039435e+01 
1.981192e+02 
6.756615e+00 
6.701899e+01 
2.505004e+01 
1.131108e+02 
-6.294192e+00 
-3.490126e+01 
7.497179e+01 
-9.246570e+01 
8.142064e+00 
5.522769e+01 
1.000564e+02 
-3.183918e+01 
-6.119726e+01 
-1.805878e+01 
1.631837e+01 
2.259773e+01 
9.648632e+01 
7.535012e+01 
-3.672984e+01 
-2.488607e+01 
7.711417e+01 
-2.994756e+01 
3.560270e+01 
-1.344782e+02 
-5.143717e+01 
4.249449e+01 
6.216362e+01 
9.224122e+01 
-3.152570e+01 
7.930824e+01 
8.981724e+01 
7.746067e+01 
1.411922e+02 
-1.077182e+02 
4.730124e+01 
-1.729058e+02 
NaN 
NaN 
NaN 
NaN 
7.310448e+01 
6.102480e+01 
-3.877149e+01 
3.182860e+01 
-3.746512e+01 
2.532823e+01 
8.982591e+01 
8.207970e+01 
7.150017e+01 
4.873056e+01 
3.337562e+01 
4.796782e+01 
2.202457e+01 
-2.178814e+01 
3.546209e+01 
3.063276e+01 
1.473913e+01 
-3.225098e+01 
6.454135e+01 
-5.855021e+01 
2.770092e+01 
-2.235118e+01 
7.498949e+00 
3.654480e+01 
-9.929508e+01 
-6.411819e+01 
4.902483e+01 
-2.709738e+01 
-5.736711e+01 
-5.565154e+01 
-3.785824e+01 
-4.015438e+01 
-1.072713e+01 
1.644645e+01 
4.628279e+01 
-1.007490e+01 
-2.349268e+01 
8.965477e+01 
-5.535298e+01 
-1.002932e+02 
-2.909732e+01 
2.368600e+01 
8.972984e+00 
1.483679e+01 
-1.205828e+01 
3.937356e+01 
1.193160e+02 
8.874379e+01 
-1.305906e+01 
-1.997647e+02 
-6.520021e+01 
-1.191695e+02 
-6.628421e+01 
NaN 
NaN 
NaN 
NaN 
NaN 
1.341620e+01 
-9.241934e+01 
8.088217e+01 
6.300067e+01 
2.717295e+01 
1.666597e+00 
-5.056350e+01 
3.026388e+01 
4.293729e+01 
7.286087e+01 
6.460420e+01 
4.134488e+01 
-1.338500e+01 
1.836507e+01 
3.940264e+01 
2.569723e+01 
1.255794e+01 
-4.314650e+01 
2.851728e+01 
-6.082110e+00 
-3.645024e+01 
3.289356e+01 
-2.567127e+01 
-3.588873e+01 
-1.342171e-01 
4.669620e+01 
-6.793906e+01 
6.021323e+01 
6.892491e+01 
9.463277e+00 
-4.243722e+01 
3.900872e+01 
3.628251e+01 
-1.031215e+02 
-9.731164e+01 
-2.056669e+01 
-4.806945e+01 
-1.078963e+00 
3.082476e+01 
-2.413133e+01 
1.119176e-01 
-6.712985e+01 
1.080698e+02 
7.986608e+01 
1.200227e+02 
1.497663e+02 
8.316036e+01 
-1.311438e+02 
-6.438187e+01 
-8.428877e+01 
-3.377020e+01 
-1.643848e+02 
NaN 
NaN 
NaN 
NaN 
NaN 
-5.452618e+01 
-3.488402e+02 
8.666950e+01 
-9.059035e+01 
1.039665e+01 
-7.089511e+01 
2.356978e+01 
3.875632e+01 
6.314638e+01 
4.611457e-01 
6.572905e+01 
1.052249e+02 
-1.183725e+01 
-1.637698e+01 
3.081499e+01 
7.997977e+01 
6.358314e+01 
4.313290e+01 
9.891067e+01 
1.336143e+00 
-5.083727e+01 
6.996467e+01 
1.135136e+01 
3.130608e+01 
1.206441e+01 
-8.689553e+01 
-4.236768e+01 
-8.493863e+01 
-1.596343e+01 
3.272424e+01 
-5.668927e+01 
1.476804e+02 
9.790982e+00 
-5.829053e+01 
1.071811e+01 
-2.481863e+01 
-7.547831e+01 
-4.891766e+01 
7.844151e+01 
1.348077e+02 
1.107598e+02 
4.910867e+01 
8.401051e+01 
-1.039857e+02 
4.660961e+01 
3.658453e+01 
-2.693757e+01 
4.681984e+00 
-1.986424e+01 
-4.866150e+00 
-9.736682e+01 
-2.187379e+02 
NaN 
NaN 
NaN 
NaN 
NaN 
1.053565e+02 
-5.959256e+01 
7.074239e+01 
3.489991e+01 
-1.080294e+02 
1.217682e+02 
4.249436e+00 
1.066011e+02 
1.689579e+00 
-1.200305e+02 
-3.647731e+01 
-6.171561e+01 
2.284187e+01 
-1.652721e+01 
6.296920e+01 
6.800197e+01 
6.532617e+01 
1.099038e+01 
5.178248e+01 
-6.365790e+01 
5.784674e+01 
7.005346e+01 
-5.217473e+01 
5.761244e-01 
4.211310e+01 
-2.686642e+01 
3.809325e+01 
-2.880848e+01 
3.490518e+01 
-3.949082e+01 
-3.667842e+01 
3.062284e+01 
1.017740e+02 
5.800198e+01 
2.844770e-01 
1.260102e+01 
-3.097622e+00 
1.314708e+01 
2.635798e+01 
9.326907e+01 
-4.762749e+00 
2.427753e+01 
1.227948e+02 
-5.044823e+01 
5.195791e+01 
1.456299e+02 
-1.631275e+02 
8.427572e+01 
-2.832725e+01 
1.617456e+02 
-1.723389e+02 
NaN 
NaN 
NaN 
NaN 
NaN 
NaN 
-7.310448e+01 
-1.365334e+02 
4.192941e+01 
3.426026e+01 
-7.301293e+01 
-5.211743e+01 
-4.505386e+01 
3.172595e+01 
1.875127e+01 
-1.809020e+01 
-4.524360e+01 
9.477836e+01 
-4.861780e+01 
-3.035674e+01 
-1.235675e+00 
-2.595639e+01 
1.062596e+01 
-4.826761e+01 
6.725698e+01 
-6.749210e+01 
8.332734e+00 
-9.121158e+01 
-1.751364e+01 
3.420873e+01 
-4.886234e+01 
5.035007e+01 
-1.851385e+01 
-1.093412e+02 
9.762476e+01 
9.410996e+01 
-1.649915e+01 
2.274538e+01 
5.465452e+01 
8.467186e+01 
5.988424e+00 
-2.445824e+01 
4.486170e+01 
2.205305e+01 
-1.820454e+00 
-4.671693e+01 
4.898822e+01 
2.300473e+01 
-1.884902e+01 
2.414216e+01 
1.401374e+02 
-8.965089e+01 
7.777553e+01 
3.200254e+01 
-3.947431e+01 
-5.065529e+00 
-2.518800e+01 
NaN 
NaN 
NaN 
NaN 
NaN 
NaN 
NaN 
1.838363e+02 
2.805922e+02 
1.216916e+02 
1.437746e+02 
-2.428169e+01 
-1.737374e+00 
-2.168652e+02 
7.564350e+01 
8.173481e+01 
-3.052237e+01 
7.510533e+01 
3.727722e-01 
-1.426819e+01 
-5.300737e+01 
-1.533511e+02 
-4.176683e+01 
-4.242437e+01 
3.323050e+01 
-4.070808e+01 
-9.860313e+01 
-2.371089e+00 
-9.461729e+01 
7.685287e+01 
4.249969e+01 
-1.038585e+01 
-1.500977e+01 
-1.205460e+02 
-4.866977e+01 
1.154792e+02 
-6.742765e+01 
3.641653e+01 
8.938130e+01 
4.481502e+00 
-5.605809e+01 
-9.074779e+01 
4.769556e+01 
-1.386972e+02 
-3.149138e+01 
5.812358e+01 
-5.660272e+01 
-2.375562e+01 
1.713456e+01 
8.138006e+01 
1.973484e+01 
-8.139957e+01 
1.099237e+02 
-4.381097e+01 
-6.312985e+01 
1.437809e+02 
-5.567874e+01 
NaN 
NaN 
NaN 
NaN 
NaN 
NaN 
NaN 
NaN 
1.341682e+02 
8.481605e+01 
8.961969e+01 
-4.187931e+01 
1.021071e+02 
-2.620872e+01 
-1.354868e+02 
5.222378e+01 
3.496827e+00 
1.176579e+01 
-1.794568e+01 
-1.278242e+01 
-9.493200e+01 
-2.464331e+01 
1.049497e+01 
-7.512849e+01 
-7.191933e+01 
-4.423042e+01 
-3.679287e+01 
1.062170e+02 
-2.971357e+01 
-3.128034e+00 
6.171187e+01 
1.460420e+02 
3.784904e+01 
-4.657381e+01 
-2.766358e+01 
-2.903182e+00 
-3.072805e+01 
-2.354224e+01 
1.440950e+01 
-8.640149e+00 
1.781427e+01 
3.144953e+01 
-4.322658e+01 
-1.623876e+02 
-1.365629e+02 
-9.273922e+00 
-1.082595e+01 
-3.627280e+01 
3.954684e+00 
2.321648e+02 
-9.578654e+01 
1.506763e+02 
1.071159e+02 
-6.679257e+01 
1.283267e+02 
1.528956e+02 
NaN 
NaN 
NaN 
NaN 
NaN 
NaN 
NaN 
NaN 
NaN 
NaN 
-3.229498e+02 
1.307529e+01 
4.423610e+01 
-1.014618e+00 
1.038642e+01 
1.118893e+02 
6.876104e+01 
-2.569777e+01 
-1.151474e+01 
-4.442177e+00 
2.342049e+01 
-2.750172e+00 
-5.142245e+01 
2.572062e+01 
6.790980e+01 
9.284017e+01 
1.917317e+01 
2.275772e+01 
-8.501501e+01 
-7.940914e+01 
5.784334e+01 
1.447580e+01 
9.343754e+01 
4.324090e+01 
-5.111979e+01 
-1.008271e+02 
-3.810184e+01 
-6.118728e+01 
2.951964e+00 
-3.216919e+00 
-4.972645e+01 
2.681881e+01 
-1.568831e+02 
-7.652921e+01 
-1.072456e+02 
-2.415007e+01 
-1.392695e+02 
-2.044080e+02 
2.475260e+00 
3.581392e+01 
1.111089e+02 
-2.348938e+02 
4.794138e+01 
1.843853e+02 
-3.285823e+01 
6.946611e+01 
6.230716e+01 
NaN 
NaN 
NaN 
NaN 
NaN 
NaN 
NaN 
NaN 
NaN 
NaN 
-8.062994e+01 
9.597076e+01 
-1.857624e+01 
-2.080873e+01 
-7.082192e+01 
1.553373e+02 
7.129812e+01 
-1.577808e+02 
-8.292795e+01 
8.085915e+01 
6.542769e+01 
4.693253e+01 
1.076156e+02 
-5.439584e+01 
-5.924749e+00 
2.039312e+02 
5.263791e+00 
-5.075790e+01 
-7.161072e+01 
-1.842958e+01 
3.213210e+01 
2.820693e+01 
-5.856789e+01 
1.621545e+01 
-5.300083e+01 
-7.878292e+00 
-7.633502e+00 
-5.124473e+00 
-3.645505e+01 
3.662741e+01 
-9.121930e+00 
-3.037506e+01 
4.949535e+01 
-5.112890e+01 
-1.431701e+02 
-1.233041e+02 
-1.791709e+02 
-9.370418e+01 
2.746434e+01 
-1.059863e+01 
-5.040669e+01 
-1.090637e+01 
2.919127e+01 
2.013342e+02 
-2.127522e+01 
-1.153345e+02 
NaN 
NaN 
NaN 
NaN 
NaN 
NaN 
NaN 
NaN 
NaN 
NaN 
NaN 
NaN 
-6.622406e+01 
-1.359890e+02 
9.142465e+00 
-1.316022e+02 
6.857551e+00 
2.202415e+00 
-2.494598e+01 
-8.723327e+01 
2.904190e+01 
1.061555e+01 
6.586390e+00 
-7.017866e+01 
5.154749e+01 
2.500648e+01 
-6.342212e+01 
4.028120e+01 
4.065258e+01 
1.419756e+01 
5.970615e+00 
8.073844e+01 
-9.964672e+00 
-3.034814e+01 
1.308954e+00 
-9.952116e+01 
-7.056331e+01 
-2.669061e+01 
3.512417e+01 
9.562945e+01 
5.942697e+01 
1.214220e+02 
4.577941e+01 
1.256073e+00 
-8.308827e+00 
3.046620e+01 
-4.591047e+01 
-1.234125e+02 
-3.404052e+01 
-1.766438e+02 
-1.237252e+02 
-1.271914e+01 
-3.908259e+01 
1.056887e+02 
-2.879522e+01 
NaN 
8.351810e+01 
NaN 
NaN 
NaN 
NaN 
NaN 
NaN 
NaN 
NaN 
NaN 
NaN 
NaN 
NaN 
-2.522821e+02 
-1.771709e+02 
-7.294247e+01 
-1.105548e+02 
5.438579e+00 
3.363075e+01 
-9.028314e-01 
-4.348925e+01 
-1.308225e+02 
8.324661e+01 
2.252127e+01 
-5.737157e+01 
-2.227337e+01 
1.898990e+01 
5.235469e+01 
1.050585e+02 
5.072531e+01 
6.300712e+01 
-2.911432e+01 
2.067324e+01 
1.074200e+02 
-9.868546e+01 
-1.581155e+02 
-8.365415e+01 
-2.218017e+01 
8.924288e+01 
6.317544e+01 
-5.418625e+01 
2.535591e+01 
1.844871e+01 
-7.569522e+00 
-1.091186e+01 
6.242206e+01 
-2.362522e+01 
7.654293e+01 
-4.404453e+00 
-1.976306e+02 
-3.427813e+01 
-5.786592e+01 
1.090976e+02 
9.050173e+01 
1.490343e+01 
8.864676e+01 
8.882084e+01 
2.439259e+02 
NaN 
NaN 
NaN 
NaN 
NaN 
NaN 
NaN 
NaN 
NaN 
NaN 
NaN 
NaN 
NaN 
NaN 
-3.870237e+01 
1.270599e+01 
-1.420524e+02 
1.147056e+01 
-2.913637e+01 
1.631059e+01 
-9.730649e+01 
-1.252988e+02 
3.513164e+01 
1.307672e+02 
1.532105e+01 
-1.252653e+02 
-5.772412e+01 
-8.903465e+01 
-1.123151e+01 
9.071969e+01 
-9.581495e+01 
5.762854e+01 
-6.221536e+01 
4.215440e+01 
-4.702058e+01 
-9.304335e+00 
4.925258e+01 
5.089848e+01 
-3.282973e+01 
6.516330e+00 
-6.542261e+01 
1.475635e+01 
-9.721275e+01 
-1.483091e+01 
8.223039e+01 
-9.769901e+01 
-1.058942e+02 
7.808381e+01 
-2.071289e+00 
-2.558497e+01 
1.427250e+02 
-9.228738e+00 
-1.661373e+02 
-1.177697e+02 
6.098147e+01 
1.577564e+02 
NaN 
NaN 
NaN 
NaN 
NaN 
NaN 
NaN 
NaN 
NaN 
NaN 
NaN 
NaN 
NaN 
NaN 
NaN 
-1.376084e+02 
2.503364e+01 
-5.746561e+01 
-4.374334e+01 
2.137687e+02 
1.226672e+02 
-3.365221e+01 
2.175992e+01 
1.988869e+01 
1.651918e+01 
-1.345885e+02 
-8.038231e+01 
1.130736e+01 
3.426176e+01 
7.075795e+01 
-1.770368e+01 
-1.033723e+02 
-2.083672e+01 
1.330613e+02 
1.459114e+02 
-1.692236e+01 
2.923013e+01 
8.545268e+01 
-4.849246e+01 
1.473268e+01 
5.559133e+01 
1.242546e+01 
1.108041e+01 
-5.209473e+01 
-6.884439e+01 
9.688110e+01 
-3.049654e+01 
-3.679860e+01 
1.076169e+02 
6.075362e+01 
1.318195e+02 
-1.942692e+00 
-1.938765e+02 
1.058321e+02 
NaN 
-1.325684e+02 
NaN 
NaN 
NaN 
NaN 
NaN 
NaN 
NaN 
NaN 
NaN 
NaN 
NaN 
NaN 
NaN 
NaN 
NaN 
NaN 
NaN 
NaN 
4.534991e+01 
6.450395e+01 
6.262138e+01 
-4.911369e+01 
7.009907e+01 
-7.247752e+01 
2.190415e+02 
-6.560355e+01 
1.013010e+02 
-1.020917e+02 
-1.701263e+01 
4.316117e+01 
3.457776e+01 
8.442243e+01 
7.028863e+01 
-5.831640e+00 
1.226063e+02 
3.045183e+00 
-1.008352e+01 
1.726600e+01 
-9.321090e+01 
-1.158758e+02 
6.236757e+01 
1.108040e+02 
-2.558572e+00 
-1.147925e+02 
-1.126491e+02 
-2.566243e+02 
-4.471343e+01 
-6.053682e+01 
-1.182544e+02 
-5.090239e+01 
5.461751e+01 
1.984115e+02 
-2.604789e+02 
-2.646149e+02 
2.253663e+02 
1.517908e+02 
NaN 
NaN 
NaN 
NaN 
NaN 
NaN 
NaN 
NaN 
NaN 
NaN 
NaN 
NaN 
NaN 
NaN 
NaN 
NaN 
NaN 
NaN 
NaN 
-2.765878e+02 
-1.175014e+02 
6.197561e+01 
2.486963e+01 
2.078384e+02 
7.781120e+01 
1.571841e+02 
1.086759e+02 
-8.028457e+00 
-8.799967e+01 
-8.348020e+01 
4.096679e+01 
-1.353947e+02 
1.121300e+02 
-1.757976e+00 
1.334144e+02 
1.381068e+02 
-2.573668e+01 
-1.443236e+01 
-1.175304e+02 
1.123100e+00 
-5.126904e+01 
2.100515e+01 
-6.271175e+01 
-3.783208e+01 
4.623114e+01 
-1.786370e+02 
-1.593084e+01 
1.263471e+02 
-1.189262e+02 
-9.062063e+01 
-1.141571e+02 
6.701502e+01 
-1.101753e+02 
-1.780942e+02 
NaN 
1.087061e+02 
NaN 
NaN 
NaN 
NaN 
NaN 
NaN 
NaN 
NaN 
NaN 
NaN 
NaN 
NaN 
NaN 
NaN 
NaN 
NaN 
NaN 
NaN 
NaN 
NaN 
NaN 
NaN 
2.041481e+01 
NaN 
-7.979871e+01 
8.332377e+01 
3.030709e+01 
2.776648e+01 
-6.565493e+01 
-1.576631e+01 
-1.032569e+02 
-9.876548e+01 
6.396565e+01 
-1.158528e+02 
-1.308732e+01 
2.991430e+01 
8.822000e+01 
-2.064869e+01 
-9.988772e+01 
-1.223341e+02 
-2.340505e+01 
-1.259093e+02 
7.122705e+01 
-1.250213e+02 
-1.134813e+02 
-5.915646e+01 
-6.553991e+01 
2.859841e+00 
-3.028710e+00 
-1.218240e+02 
-2.911145e+01 
-1.253744e+02 
-1.038434e+02 
7.475020e+01 
NaN 
-1.047290e+02 
4.507326e+01 
NaN 
NaN 
NaN 
NaN 
NaN 
NaN 
NaN 
NaN 
NaN 
NaN 
NaN 
NaN 
NaN 
NaN 
NaN 
NaN 
NaN 
NaN 
NaN 
NaN 
NaN 
NaN 
-3.303687e+01 
7.606164e+01 
-4.367367e+02 
6.729622e-01 
1.513792e+02 
3.037873e+00 
8.643368e+00 
-7.511542e+01 
1.365272e+02 
-1.501536e+02 
-5.879023e+01 
-5.075062e+01 
1.847309e+01 
3.663302e+01 
1.416281e+01 
4.074320e+01 
5.088339e+01 
-5.356495e+01 
1.937969e+01 
-2.421383e+00 
-2.628755e+00 
-6.405289e+01 
1.422477e+02 
-9.014021e+01 
-1.900845e+00 
2.122534e+01 
-1.418177e+02 
-5.355360e+01 
-1.064254e+02 
-1.363282e+02 
1.440707e+02 
-7.821537e+01 
-1.818081e+01 
-5.037600e+01 
NaN 
NaN 
NaN 
NaN 
NaN 
NaN 
NaN 
NaN 
NaN 
NaN 
NaN 
NaN 
NaN 
NaN 
NaN 
NaN 
NaN 
NaN 
NaN 
NaN 
NaN 
NaN 
NaN 
NaN 
NaN 
-2.619202e+01 
-3.750698e+01 
2.392493e+01 
-1.757552e+00 
2.787425e+01 
4.799378e+01 
9.720062e+01 
-2.806386e+00 
-3.603241e+01 
6.153437e+01 
-8.967334e+01 
2.831750e+01 
1.516535e+02 
1.028185e+02 
-7.764654e+01 
4.073514e+01 
1.280297e+02 
9.555936e+01 
6.953113e+01 
6.742435e+01 
3.608576e+01 
5.594799e+01 
4.374257e+01 
7.747644e+01 
1.029381e+02 
-8.603942e+01 
-3.414417e+01 
-6.571645e+01 
-1.355512e+02 
-3.952949e+01 
NaN 
NaN 
NaN 
NaN 
NaN 
NaN 
NaN 
NaN 
NaN 
NaN 
NaN 
NaN 
NaN 
NaN 
NaN 
NaN 
NaN 
NaN 
NaN 
NaN 
NaN 
NaN 
NaN 
NaN 
NaN 
NaN 
NaN 
NaN 
-1.187023e+02 
NaN 
4.221532e+00 
2.809238e+02 
-6.021978e+01 
NaN 
NaN 
NaN 
1.104042e+02 
NaN 
-8.871488e+00 
NaN 
-1.821141e+01 
NaN 
-6.409337e+01 
NaN 
NaN 
NaN 
-1.505236e+02 
NaN 
-2.208928e+02 
-4.522199e+01 
-4.793531e+01 
-9.351956e+01 
4.513493e+01 
1.971237e+02 
3.032503e+01 
2.200636e+02 
NaN 
NaN 
NaN 
NaN 
NaN 
NaN 
NaN 
NaN 
NaN 
NaN 
NaN 
NaN 
