R  C tau40        tau50        tau60        
01 2 2.008351e-04 1.697921e-04 1.602737e-04 
02 2 2.373956e-04 1.580419e-04 1.610004e-04 
03 2 1.918304e-04 1.492836e-04 1.060652e-04 
04 2 2.153530e-04 1.812920e-04 2.239599e-04 
05 2 5.202134e-04 1.760669e-04 2.109976e-04 
06 2 2.795841e-04 2.800654e-04 2.384128e-04 
07 2 2.757633e-04 1.748587e-04 1.561412e-04 
08 2 2.744365e-04 1.594237e-04 1.332039e-04 
09 2 2.586141e-04 1.968843e-04 1.471116e-04 
10 2 2.176528e-04 1.191675e-04 9.364721e-05 
11 2 2.200830e-04 1.216738e-04 1.046749e-04 
12 2 2.804931e-04 2.046174e-04 1.373171e-04 
13 2 1.320197e-04 9.624894e-05 9.159014e-05 
14 2 1.592951e-04 7.412789e-05 4.355337e-05 
15 2 9.517959e-05 6.219819e-05 5.184421e-05 
16 2 5.757522e-05 3.458426e-05 1.572070e-05 
17 2 9.332825e-05 4.903881e-05 3.203023e-05 
18 2 5.645699e-05 4.021336e-05 1.995153e-05 
19 2 6.696713e-05 4.559159e-05 2.104786e-05 
20 2 6.386949e-05 5.881557e-05 2.511611e-05 
21 2 9.170652e-05 6.424708e-05 4.779329e-05 
22 2 7.818456e-05 5.231125e-05 4.155243e-05 
23 2 9.023634e-05 5.946932e-05 3.565373e-05 
24 2 1.688400e-03 5.766949e-05 4.709172e-05 
25 2 1.167159e-04 8.738752e-05 6.783486e-05 
26 2 1.039571e-04 6.264794e-05 3.955517e-05 
27 2 1.009665e-03 5.786517e-05 3.532690e-05 
28 2 1.104598e-04 7.914492e-05 4.892844e-05 
29 2 8.736272e-05 7.332132e-05 4.989372e-05 
30 2 1.235970e-04 6.463229e-05 4.462609e-05 
31 2 9.326427e-05 5.942672e-05 4.220453e-05 
32 2 8.486477e-05 7.836008e-05 5.041755e-05 
