R  C tau40        tau50        tau60        
01 5 1.622847e-04 7.092195e-05 5.103633e-05 
02 5 1.131199e-04 5.926061e-05 4.062749e-05 
03 5 1.536686e-04 7.239704e-05 4.868660e-05 
04 5 7.772277e-05 7.017923e-05 2.807095e-05 
05 5 4.912702e-05 7.247100e-05 8.033080e-04 
06 5 1.002383e-04 7.547196e-05 3.655440e-05 
07 5 1.336691e-05 5.715051e-05 3.581197e-05 
08 5 1.022043e-04 5.085482e-05 3.271257e-05 
09 5 7.549834e-05 4.415351e-05 2.497106e-05 
10 5 6.277860e-05 9.371024e-05 3.609842e-05 
11 5 7.428604e-05 5.660700e-05 3.644320e-05 
12 5 1.797504e-04 4.890108e-05 3.574461e-05 
13 5 6.407503e-05 4.287700e-05 3.756218e-05 
14 5 8.647986e-05 4.814819e-05 3.348736e-05 
15 5 1.132827e-04 8.216834e-05 5.441007e-05 
16 5 3.244742e-03 6.400840e-05 4.238192e-05 
17 5 1.067238e-04 4.788080e-05 3.155548e-05 
18 5 1.058678e-04 5.614553e-05 3.016360e-05 
19 5 1.344585e-04 5.478315e-05 2.897736e-05 
20 5 1.046313e-04 6.110550e-05 2.749917e-05 
21 5 7.586392e-05 4.735503e-05 3.457014e-05 
22 5 1.362724e-04 4.342291e-05 4.446956e-05 
23 5 8.919436e-05 4.852599e-05 2.706918e-05 
24 5 8.466538e-05 4.079282e-05 2.641007e-05 
25 5 6.755809e-05 6.803820e-05 3.456707e-05 
26 5 5.275378e-05 6.583148e-05 3.135973e-05 
27 5 5.342120e-05 6.258004e-05 3.266730e-05 
28 5 1.544032e-04 6.490882e-05 5.642777e-05 
29 5 6.408839e-05 5.378908e-05 3.005490e-05 
30 5 6.397972e-05 3.826524e-05 3.155689e-05 
31 5 6.738644e-05 5.316180e-05 3.266876e-05 
32 5 2.574016e-04 1.905133e-04 1.388596e-04 
