f            Pxx32k       Pxx31k       Pxx30k       Pxx29k       Pxx28k       Pxx27k       Pxx26k       Pxx25k       Pxx_pow32k   Pxx_pow31k   Pxx_pow30k   Pxx_pow29k   Pxx_pow28k   Pxx_pow27k   Pxx_pow26k   Pxx_pow25k   
4.768372e-01 3.398332e-10 3.721290e-10 4.019620e-10 4.250882e-10 4.733564e-10 5.178651e-10 5.424303e-10 5.913751e-10 8.995236e-16 8.949304e-16 8.922107e-16 8.899150e-16 8.875456e-16 8.862122e-16 8.854449e-16 8.846177e-16 
7.152557e-01 3.397949e-10 3.720920e-10 4.019257e-10 4.250507e-10 4.733222e-10 5.178345e-10 5.423979e-10 5.913455e-10 8.994224e-16 8.948413e-16 8.921301e-16 8.898365e-16 8.874816e-16 8.861597e-16 8.853920e-16 8.845734e-16 
9.536743e-01 3.397413e-10 3.720401e-10 4.018748e-10 4.249982e-10 4.732745e-10 5.177916e-10 5.423526e-10 5.913040e-10 8.992806e-16 8.947166e-16 8.920172e-16 8.897267e-16 8.873920e-16 8.860863e-16 8.853180e-16 8.845114e-16 
1.192093e+00 3.396725e-10 3.719735e-10 4.018095e-10 4.249308e-10 4.732130e-10 5.177365e-10 5.422944e-10 5.912508e-10 8.990985e-16 8.945564e-16 8.918721e-16 8.895856e-16 8.872768e-16 8.859920e-16 8.852229e-16 8.844318e-16 
1.430511e+00 3.395885e-10 3.718921e-10 4.017297e-10 4.248485e-10 4.731380e-10 5.176691e-10 5.422232e-10 5.911857e-10 8.988761e-16 8.943607e-16 8.916949e-16 8.894132e-16 8.871361e-16 8.858767e-16 8.851067e-16 8.843344e-16 
1.668930e+00 3.394893e-10 3.717960e-10 4.016354e-10 4.247512e-10 4.730494e-10 5.175895e-10 5.421391e-10 5.911088e-10 8.986135e-16 8.941296e-16 8.914857e-16 8.892097e-16 8.869700e-16 8.857406e-16 8.849695e-16 8.842194e-16 
1.907349e+00 3.393750e-10 3.716853e-10 4.015267e-10 4.246391e-10 4.729472e-10 5.174978e-10 5.420422e-10 5.910202e-10 8.983109e-16 8.938633e-16 8.912444e-16 8.889749e-16 8.867784e-16 8.855836e-16 8.848112e-16 8.840868e-16 
2.145767e+00 3.392456e-10 3.715599e-10 4.014036e-10 4.245122e-10 4.728314e-10 5.173939e-10 5.419323e-10 5.909197e-10 8.979683e-16 8.935617e-16 8.909712e-16 8.887092e-16 8.865614e-16 8.854057e-16 8.846320e-16 8.839366e-16 
2.384186e+00 3.391011e-10 3.714199e-10 4.012662e-10 4.243704e-10 4.727022e-10 5.172778e-10 5.418097e-10 5.908076e-10 8.975860e-16 8.932250e-16 8.906663e-16 8.884125e-16 8.863190e-16 8.852071e-16 8.844317e-16 8.837687e-16 
2.622604e+00 3.389417e-10 3.712654e-10 4.011145e-10 4.242140e-10 4.725595e-10 5.171496e-10 5.416742e-10 5.906836e-10 8.971640e-16 8.928535e-16 8.903296e-16 8.880849e-16 8.860514e-16 8.849877e-16 8.842106e-16 8.835834e-16 
2.861023e+00 3.387674e-10 3.710964e-10 4.009486e-10 4.240428e-10 4.724033e-10 5.170093e-10 5.415260e-10 5.905480e-10 8.967027e-16 8.924471e-16 8.899614e-16 8.877266e-16 8.857587e-16 8.847476e-16 8.839686e-16 8.833805e-16 
3.099442e+00 3.385784e-10 3.709130e-10 4.007686e-10 4.238570e-10 4.722338e-10 5.168569e-10 5.413650e-10 5.904007e-10 8.962023e-16 8.920061e-16 8.895617e-16 8.873376e-16 8.854408e-16 8.844869e-16 8.837058e-16 8.831601e-16 
3.337860e+00 3.383746e-10 3.707153e-10 4.005744e-10 4.236566e-10 4.720509e-10 5.166926e-10 5.411912e-10 5.902417e-10 8.956629e-16 8.915307e-16 8.891307e-16 8.869182e-16 8.850978e-16 8.842056e-16 8.834222e-16 8.829223e-16 
3.576279e+00 3.381562e-10 3.705034e-10 4.003662e-10 4.234418e-10 4.718547e-10 5.165162e-10 5.410049e-10 5.900711e-10 8.950848e-16 8.910210e-16 8.886686e-16 8.864684e-16 8.847300e-16 8.839037e-16 8.831180e-16 8.826671e-16 
3.814697e+00 3.379233e-10 3.702773e-10 4.001441e-10 4.232125e-10 4.716453e-10 5.163278e-10 5.408058e-10 5.898889e-10 8.944683e-16 8.904773e-16 8.881755e-16 8.859884e-16 8.843373e-16 8.835815e-16 8.827931e-16 8.823946e-16 
4.053116e+00 3.376760e-10 3.700371e-10 3.999080e-10 4.229689e-10 4.714227e-10 5.161276e-10 5.405942e-10 5.896952e-10 8.938136e-16 8.898997e-16 8.876516e-16 8.854783e-16 8.839199e-16 8.832388e-16 8.824477e-16 8.821048e-16 
4.291534e+00 3.374144e-10 3.697830e-10 3.996582e-10 4.227110e-10 4.711870e-10 5.159155e-10 5.403701e-10 5.894899e-10 8.931212e-16 8.892885e-16 8.870970e-16 8.849384e-16 8.834779e-16 8.828758e-16 8.820818e-16 8.817977e-16 
4.529953e+00 3.371386e-10 3.695150e-10 3.993946e-10 4.224389e-10 4.709382e-10 5.156916e-10 5.401334e-10 5.892731e-10 8.923912e-16 8.886440e-16 8.865120e-16 8.843688e-16 8.830115e-16 8.824926e-16 8.816955e-16 8.814734e-16 
4.768372e+00 3.368487e-10 3.692332e-10 3.991175e-10 4.221527e-10 4.706764e-10 5.154559e-10 5.398843e-10 5.890449e-10 8.916240e-16 8.879663e-16 8.858969e-16 8.837697e-16 8.825206e-16 8.820893e-16 8.812889e-16 8.811320e-16 
5.006790e+00 3.365450e-10 3.689378e-10 3.988268e-10 4.218526e-10 4.704017e-10 5.152085e-10 5.396229e-10 5.888052e-10 8.908200e-16 8.872558e-16 8.852517e-16 8.831414e-16 8.820055e-16 8.816659e-16 8.808621e-16 8.807735e-16 
5.245209e+00 3.362275e-10 3.686288e-10 3.985227e-10 4.215385e-10 4.701141e-10 5.149494e-10 5.393491e-10 5.885542e-10 8.899795e-16 8.865127e-16 8.845767e-16 8.824839e-16 8.814663e-16 8.812225e-16 8.804151e-16 8.803981e-16 
5.483627e+00 3.358963e-10 3.683064e-10 3.982053e-10 4.212107e-10 4.698138e-10 5.146787e-10 5.390630e-10 5.882919e-10 8.891029e-16 8.857373e-16 8.838721e-16 8.817975e-16 8.809032e-16 8.807593e-16 8.799481e-16 8.800057e-16 
5.722046e+00 3.355516e-10 3.679706e-10 3.978747e-10 4.208691e-10 4.695007e-10 5.143965e-10 5.387647e-10 5.880183e-10 8.881906e-16 8.849300e-16 8.831383e-16 8.810825e-16 8.803163e-16 8.802763e-16 8.794612e-16 8.795964e-16 
5.960464e+00 3.351936e-10 3.676217e-10 3.975310e-10 4.205140e-10 4.691751e-10 5.141027e-10 5.384543e-10 5.877335e-10 8.872430e-16 8.840909e-16 8.823754e-16 8.803391e-16 8.797057e-16 8.797737e-16 8.789545e-16 8.791704e-16 
6.437302e+00 3.344382e-10 3.668850e-10 3.968048e-10 4.197635e-10 4.684863e-10 5.134811e-10 5.377973e-10 5.871304e-10 8.852434e-16 8.823191e-16 8.807635e-16 8.787680e-16 8.784142e-16 8.787098e-16 8.778820e-16 8.782682e-16 
6.675720e+00 3.340411e-10 3.664974e-10 3.964225e-10 4.193684e-10 4.681234e-10 5.131533e-10 5.374508e-10 5.868122e-10 8.841924e-16 8.813869e-16 8.799150e-16 8.779408e-16 8.777337e-16 8.781489e-16 8.773164e-16 8.777923e-16 
6.914139e+00 3.336314e-10 3.660972e-10 3.960277e-10 4.189602e-10 4.677482e-10 5.128143e-10 5.370925e-10 5.864830e-10 8.831078e-16 8.804244e-16 8.790386e-16 8.770862e-16 8.770302e-16 8.775687e-16 8.767315e-16 8.772999e-16 
7.152557e+00 3.332091e-10 3.656845e-10 3.956204e-10 4.185390e-10 4.673608e-10 5.124641e-10 5.367224e-10 5.861429e-10 8.819901e-16 8.794320e-16 8.781345e-16 8.762045e-16 8.763039e-16 8.769695e-16 8.761274e-16 8.767911e-16 
7.629395e+00 3.323278e-10 3.648223e-10 3.947688e-10 4.176583e-10 4.665501e-10 5.117306e-10 5.359471e-10 5.854300e-10 8.796573e-16 8.773585e-16 8.762444e-16 8.743607e-16 8.747838e-16 8.757143e-16 8.748619e-16 8.757247e-16 
7.867813e+00 3.318691e-10 3.643731e-10 3.943249e-10 4.171991e-10 4.661269e-10 5.113475e-10 5.355421e-10 5.850574e-10 8.784431e-16 8.762783e-16 8.752591e-16 8.733993e-16 8.739903e-16 8.750587e-16 8.742008e-16 8.751673e-16 
8.344650e+00 3.309165e-10 3.634394e-10 3.934016e-10 4.162435e-10 4.652454e-10 5.105487e-10 5.346978e-10 5.842802e-10 8.759217e-16 8.740329e-16 8.732096e-16 8.713988e-16 8.723374e-16 8.736918e-16 8.728226e-16 8.740047e-16 
8.821487e+00 3.299185e-10 3.624597e-10 3.924318e-10 4.152394e-10 4.643178e-10 5.097073e-10 5.338084e-10 5.834607e-10 8.732799e-16 8.716767e-16 8.710570e-16 8.692969e-16 8.705983e-16 8.722519e-16 8.713707e-16 8.727789e-16 
9.059906e+00 3.294028e-10 3.619530e-10 3.919298e-10 4.147196e-10 4.638371e-10 5.092708e-10 5.333470e-10 5.830353e-10 8.719150e-16 8.704582e-16 8.699428e-16 8.682086e-16 8.696968e-16 8.715049e-16 8.706175e-16 8.721425e-16 
9.536743e+00 3.283395e-10 3.609068e-10 3.908927e-10 4.136452e-10 4.628422e-10 5.083667e-10 5.323912e-10 5.821535e-10 8.691003e-16 8.679422e-16 8.676408e-16 8.659593e-16 8.678314e-16 8.699577e-16 8.690573e-16 8.708235e-16 
1.001358e+01 3.272346e-10 3.598181e-10 3.898123e-10 4.125254e-10 4.618036e-10 5.074217e-10 5.313922e-10 5.812310e-10 8.661758e-16 8.653240e-16 8.652426e-16 8.636151e-16 8.658840e-16 8.683405e-16 8.674265e-16 8.694435e-16 
1.049042e+01 3.260899e-10 3.586884e-10 3.886899e-10 4.113616e-10 4.607223e-10 5.064366e-10 5.303507e-10 5.802683e-10 8.631459e-16 8.626071e-16 8.627513e-16 8.611786e-16 8.638567e-16 8.666547e-16 8.657264e-16 8.680034e-16 
1.096725e+01 3.249072e-10 3.575191e-10 3.875268e-10 4.101551e-10 4.595994e-10 5.054121e-10 5.292675e-10 5.792661e-10 8.600153e-16 8.597950e-16 8.601698e-16 8.586528e-16 8.617512e-16 8.649015e-16 8.639583e-16 8.665042e-16 
1.144409e+01 3.236881e-10 3.563117e-10 3.863246e-10 4.089072e-10 4.584359e-10 5.043491e-10 5.281436e-10 5.782250e-10 8.567883e-16 8.568914e-16 8.575012e-16 8.560405e-16 8.595697e-16 8.630824e-16 8.621237e-16 8.649469e-16 
1.192093e+01 3.224343e-10 3.550678e-10 3.850845e-10 4.076194e-10 4.572330e-10 5.032484e-10 5.269797e-10 5.771458e-10 8.534697e-16 8.539001e-16 8.547487e-16 8.533445e-16 8.573141e-16 8.611988e-16 8.602238e-16 8.633326e-16 
1.263618e+01 3.204926e-10 3.531369e-10 3.831565e-10 4.056159e-10 4.553568e-10 5.015285e-10 5.251611e-10 5.754570e-10 8.483300e-16 8.492565e-16 8.504691e-16 8.491502e-16 8.537963e-16 8.582557e-16 8.572551e-16 8.608064e-16 
1.311302e+01 3.191599e-10 3.518085e-10 3.818279e-10 4.042344e-10 4.540599e-10 5.003373e-10 5.239014e-10 5.742856e-10 8.448024e-16 8.460618e-16 8.475203e-16 8.462580e-16 8.513647e-16 8.562172e-16 8.551988e-16 8.590541e-16 
1.382828e+01 3.171078e-10 3.497582e-10 3.797740e-10 4.020970e-10 4.520483e-10 4.984858e-10 5.219433e-10 5.724619e-10 8.393707e-16 8.411309e-16 8.429612e-16 8.417835e-16 8.475928e-16 8.530488e-16 8.520025e-16 8.563260e-16 
1.430511e+01 3.157070e-10 3.483550e-10 3.783660e-10 4.006308e-10 4.506646e-10 4.972097e-10 5.205935e-10 5.712028e-10 8.356627e-16 8.377564e-16 8.398360e-16 8.387140e-16 8.449984e-16 8.508650e-16 8.497992e-16 8.544427e-16 
1.502037e+01 3.135607e-10 3.461997e-10 3.761996e-10 3.983731e-10 4.485282e-10 4.952351e-10 5.185049e-10 5.692513e-10 8.299816e-16 8.325732e-16 8.350273e-16 8.339875e-16 8.409926e-16 8.474858e-16 8.463898e-16 8.515235e-16 
1.573563e+01 3.113655e-10 3.439884e-10 3.739721e-10 3.960497e-10 4.463222e-10 4.931907e-10 5.163423e-10 5.672267e-10 8.241709e-16 8.272552e-16 8.300833e-16 8.291234e-16 8.368565e-16 8.439874e-16 8.428597e-16 8.484949e-16 
1.645088e+01 3.091267e-10 3.417261e-10 3.716885e-10 3.936654e-10 4.440507e-10 4.910799e-10 5.141092e-10 5.651316e-10 8.182451e-16 8.218147e-16 8.250144e-16 8.241319e-16 8.325973e-16 8.403751e-16 8.392143e-16 8.453609e-16 
1.716614e+01 3.068499e-10 3.394180e-10 3.693534e-10 3.912249e-10 4.417175e-10 4.889057e-10 5.118087e-10 5.629689e-10 8.122183e-16 8.162638e-16 8.198313e-16 8.190229e-16 8.282226e-16 8.366545e-16 8.354592e-16 8.421258e-16 
1.811981e+01 3.037636e-10 3.362774e-10 3.661679e-10 3.878919e-10 4.385176e-10 4.859138e-10 5.086428e-10 5.599847e-10 8.040491e-16 8.087111e-16 8.127606e-16 8.120453e-16 8.222226e-16 8.315345e-16 8.302912e-16 8.376620e-16 
1.883507e+01 3.014175e-10 3.338808e-10 3.637306e-10 3.853387e-10 4.360559e-10 4.836043e-10 5.061986e-10 5.576749e-10 7.978390e-16 8.029475e-16 8.073507e-16 8.067002e-16 8.176070e-16 8.275824e-16 8.263014e-16 8.342068e-16 
1.978874e+01 2.982564e-10 3.306391e-10 3.604250e-10 3.818719e-10 4.326988e-10 4.804437e-10 5.028532e-10 5.545049e-10 7.894717e-16 7.951516e-16 8.000134e-16 7.994424e-16 8.113124e-16 8.221736e-16 8.208405e-16 8.294649e-16 
2.074242e+01 2.950671e-10 3.273540e-10 3.570647e-10 3.783428e-10 4.292642e-10 4.771970e-10 4.994162e-10 5.512379e-10 7.810299e-16 7.872512e-16 7.925549e-16 7.920543e-16 8.048726e-16 8.166177e-16 8.152301e-16 8.245778e-16 
2.169609e+01 2.918596e-10 3.240352e-10 3.536595e-10 3.747614e-10 4.257610e-10 4.738717e-10 4.958954e-10 5.478804e-10 7.725397e-16 7.792699e-16 7.849964e-16 7.845567e-16 7.983040e-16 8.109271e-16 8.094828e-16 8.195555e-16 
2.264977e+01 2.886428e-10 3.206919e-10 3.502183e-10 3.711371e-10 4.221976e-10 4.704751e-10 4.922984e-10 5.444391e-10 7.640249e-16 7.712296e-16 7.773583e-16 7.769693e-16 7.916226e-16 8.051145e-16 8.036113e-16 8.144078e-16 
2.384186e+01 2.846214e-10 3.164912e-10 3.458795e-10 3.665600e-10 4.176712e-10 4.661398e-10 4.877066e-10 5.400295e-10 7.533805e-16 7.611274e-16 7.677277e-16 7.673872e-16 7.831356e-16 7.976957e-16 7.961158e-16 8.078116e-16 
2.479553e+01 2.814131e-10 3.131231e-10 3.423883e-10 3.628710e-10 4.140018e-10 4.626085e-10 4.839656e-10 5.364233e-10 7.448883e-16 7.530274e-16 7.599785e-16 7.596645e-16 7.762555e-16 7.916526e-16 7.900090e-16 8.024172e-16 
2.598763e+01 2.774248e-10 3.089152e-10 3.380113e-10 3.582386e-10 4.093670e-10 4.581264e-10 4.792163e-10 5.318276e-10 7.343314e-16 7.429079e-16 7.502632e-16 7.499666e-16 7.675653e-16 7.839824e-16 7.822564e-16 7.955426e-16 
2.717972e+01 2.734718e-10 3.047216e-10 3.336324e-10 3.535957e-10 4.046916e-10 4.535804e-10 4.743982e-10 5.271452e-10 7.238680e-16 7.328228e-16 7.405436e-16 7.402467e-16 7.587988e-16 7.762031e-16 7.743915e-16 7.885384e-16 
2.861023e+01 2.687889e-10 2.997241e-10 3.283920e-10 3.480282e-10 3.990454e-10 4.480578e-10 4.685434e-10 5.214281e-10 7.114725e-16 7.208045e-16 7.289118e-16 7.285913e-16 7.482121e-16 7.667523e-16 7.648344e-16 7.799864e-16 
2.980232e+01 2.649470e-10 2.956002e-10 3.240495e-10 3.434055e-10 3.943242e-10 4.434126e-10 4.636174e-10 5.165949e-10 7.013032e-16 7.108867e-16 7.192731e-16 7.189137e-16 7.393599e-16 7.588030e-16 7.567933e-16 7.727566e-16 
3.123283e+01 2.604199e-10 2.907128e-10 3.188821e-10 3.378936e-10 3.886559e-10 4.378023e-10 4.576663e-10 5.107279e-10 6.893202e-16 6.991330e-16 7.078033e-16 7.073747e-16 7.287317e-16 7.492022e-16 7.470790e-16 7.639803e-16 
3.266335e+01 2.559928e-10 2.859040e-10 3.137755e-10 3.324349e-10 3.830001e-10 4.321686e-10 4.516885e-10 5.048037e-10 6.776020e-16 6.875685e-16 6.964684e-16 6.959470e-16 7.181272e-16 7.395614e-16 7.373210e-16 7.551186e-16 
3.433228e+01 2.509645e-10 2.804067e-10 3.079106e-10 3.261512e-10 3.764378e-10 4.255869e-10 4.447024e-10 4.978413e-10 6.642921e-16 6.743481e-16 6.834504e-16 6.827921e-16 7.058227e-16 7.282984e-16 7.259171e-16 7.447037e-16 
3.600121e+01 2.460916e-10 2.750433e-10 3.021605e-10 3.199754e-10 3.699340e-10 4.190167e-10 4.377256e-10 4.908463e-10 6.513937e-16 6.614497e-16 6.706874e-16 6.698631e-16 6.936281e-16 7.170548e-16 7.145284e-16 7.342401e-16 
3.767014e+01 2.413800e-10 2.698235e-10 2.965379e-10 3.139217e-10 3.635068e-10 4.124774e-10 4.307789e-10 4.838401e-10 6.389225e-16 6.488965e-16 6.582071e-16 6.571899e-16 6.815771e-16 7.058643e-16 7.031889e-16 7.237598e-16 
3.933907e+01 2.368332e-10 2.647542e-10 2.910523e-10 3.080016e-10 3.571713e-10 4.059866e-10 4.238809e-10 4.768423e-10 6.268873e-16 6.367054e-16 6.460311e-16 6.447961e-16 6.696980e-16 6.947567e-16 6.919287e-16 7.132920e-16 
4.124641e+01 2.318402e-10 2.591508e-10 2.849600e-10 3.014101e-10 3.500592e-10 3.986471e-10 4.160773e-10 4.688771e-10 6.136711e-16 6.232300e-16 6.325083e-16 6.309969e-16 6.563628e-16 6.821968e-16 6.791905e-16 7.013772e-16 
4.315376e+01 2.270633e-10 2.537539e-10 2.790632e-10 2.950134e-10 3.430987e-10 3.914098e-10 4.083786e-10 4.609686e-10 6.010268e-16 6.102510e-16 6.194197e-16 6.176056e-16 6.433117e-16 6.698117e-16 6.666234e-16 6.895471e-16 
4.529953e+01 2.219439e-10 2.479302e-10 2.726684e-10 2.880574e-10 3.354636e-10 3.834098e-10 3.998640e-10 4.521637e-10 5.874758e-16 5.962456e-16 6.052255e-16 6.030433e-16 6.289960e-16 6.561214e-16 6.527244e-16 6.763762e-16 
4.720688e+01 2.176142e-10 2.429726e-10 2.671983e-10 2.820913e-10 3.288603e-10 3.764391e-10 3.924409e-10 4.444381e-10 5.760154e-16 5.843230e-16 5.930838e-16 5.905534e-16 6.166148e-16 6.441927e-16 6.406072e-16 6.648197e-16 
4.959106e+01 2.124851e-10 2.370603e-10 2.606432e-10 2.749219e-10 3.208582e-10 3.679277e-10 3.833716e-10 4.349369e-10 5.624389e-16 5.701047e-16 5.785338e-16 5.755445e-16 6.016107e-16 6.296273e-16 6.258028e-16 6.506073e-16 
5.197525e+01 2.076576e-10 2.314564e-10 2.543976e-10 2.680705e-10 3.131422e-10 3.596543e-10 3.745499e-10 4.256299e-10 5.496607e-16 5.566277e-16 5.646710e-16 5.612012e-16 5.871432e-16 6.154692e-16 6.114026e-16 6.366851e-16 
5.435944e+01 2.031169e-10 2.261498e-10 2.484543e-10 2.615314e-10 3.057149e-10 3.516292e-10 3.659871e-10 4.165345e-10 5.376416e-16 5.438660e-16 5.514788e-16 5.475117e-16 5.732170e-16 6.017360e-16 5.974249e-16 6.230797e-16 
5.698204e+01 1.984349e-10 2.206413e-10 2.422543e-10 2.546894e-10 2.978773e-10 3.430957e-10 3.568749e-10 4.067898e-10 5.252487e-16 5.306187e-16 5.377171e-16 5.331881e-16 5.585215e-16 5.871327e-16 5.825505e-16 6.085029e-16 
5.960464e+01 1.940606e-10 2.154603e-10 2.363940e-10 2.482024e-10 2.903832e-10 3.348738e-10 3.480885e-10 3.973295e-10 5.136700e-16 5.181588e-16 5.247094e-16 5.196075e-16 5.444701e-16 5.730628e-16 5.682079e-16 5.943516e-16 
6.246567e+01 1.896155e-10 2.101604e-10 2.303700e-10 2.415130e-10 2.825907e-10 3.262598e-10 3.388753e-10 3.873425e-10 5.019039e-16 5.054132e-16 5.113382e-16 5.056035e-16 5.298589e-16 5.583219e-16 5.531686e-16 5.794124e-16 
6.532669e+01 1.854866e-10 2.052051e-10 2.247102e-10 2.352082e-10 2.751850e-10 3.180126e-10 3.300463e-10 3.777079e-10 4.909750e-16 4.934963e-16 4.987756e-16 4.924044e-16 5.159732e-16 5.442086e-16 5.387564e-16 5.650003e-16 
6.842613e+01 1.813424e-10 2.001992e-10 2.189651e-10 2.287874e-10 2.675816e-10 3.094834e-10 3.209066e-10 3.676685e-10 4.800056e-16 4.814576e-16 4.860235e-16 4.789626e-16 5.017169e-16 5.296127e-16 5.238370e-16 5.499827e-16 
7.176399e+01 1.772295e-10 1.951981e-10 2.131972e-10 2.223193e-10 2.598584e-10 3.007555e-10 3.115440e-10 3.573152e-10 4.691189e-16 4.694305e-16 4.732209e-16 4.654217e-16 4.872358e-16 5.146768e-16 5.085539e-16 5.344956e-16 
7.486343e+01 1.737070e-10 1.908880e-10 2.082030e-10 2.167000e-10 2.530960e-10 2.930602e-10 3.032801e-10 3.481190e-10 4.597948e-16 4.590651e-16 4.621355e-16 4.536579e-16 4.745562e-16 5.015080e-16 4.950641e-16 5.207392e-16 
7.867813e+01 1.697266e-10 1.859868e-10 2.024970e-10 2.102577e-10 2.452814e-10 2.841053e-10 2.936522e-10 3.373366e-10 4.492589e-16 4.472783e-16 4.494703e-16 4.401711e-16 4.599039e-16 4.861837e-16 4.793479e-16 5.046102e-16 
8.225441e+01 1.663164e-10 1.817610e-10 1.975535e-10 2.046562e-10 2.384320e-10 2.762013e-10 2.851430e-10 3.277460e-10 4.402324e-16 4.371156e-16 4.384976e-16 4.284443e-16 4.470612e-16 4.726577e-16 4.654578e-16 4.902640e-16 
8.630753e+01 1.627883e-10 1.773620e-10 1.923834e-10 1.987767e-10 2.311866e-10 2.677838e-10 2.760687e-10 3.174554e-10 4.308937e-16 4.265366e-16 4.270218e-16 4.161358e-16 4.334760e-16 4.582530e-16 4.506451e-16 4.748706e-16 
9.036064e+01 1.595801e-10 1.733372e-10 1.876309e-10 1.933520e-10 2.244492e-10 2.599038e-10 2.675613e-10 3.077483e-10 4.224016e-16 4.168574e-16 4.164729e-16 4.047793e-16 4.208434e-16 4.447681e-16 4.367579e-16 4.603502e-16 
9.441376e+01 1.566568e-10 1.696488e-10 1.832563e-10 1.883407e-10 2.181792e-10 2.525243e-10 2.595822e-10 2.985918e-10 4.146636e-16 4.079872e-16 4.067628e-16 3.942882e-16 4.090871e-16 4.321397e-16 4.237332e-16 4.466532e-16 
9.894371e+01 1.536890e-10 1.658832e-10 1.787703e-10 1.831831e-10 2.116783e-10 2.448254e-10 2.512445e-10 2.889691e-10 4.068081e-16 3.989313e-16 3.968057e-16 3.834908e-16 3.968979e-16 4.189647e-16 4.101230e-16 4.322590e-16 
1.037121e+02 1.508669e-10 1.622820e-10 1.744611e-10 1.782096e-10 2.053622e-10 2.372979e-10 2.430781e-10 2.794897e-10 3.993381e-16 3.902709e-16 3.872407e-16 3.730789e-16 3.850551e-16 4.060832e-16 3.967924e-16 4.180790e-16 
1.084805e+02 1.483172e-10 1.590110e-10 1.705300e-10 1.736556e-10 1.995362e-10 2.303125e-10 2.354858e-10 2.706278e-10 3.925892e-16 3.824044e-16 3.785151e-16 3.635451e-16 3.741314e-16 3.941291e-16 3.843991e-16 4.048228e-16 
1.137257e+02 1.457883e-10 1.557499e-10 1.665943e-10 1.690791e-10 1.936390e-10 2.231995e-10 2.277400e-10 2.615372e-10 3.858954e-16 3.745619e-16 3.697794e-16 3.539642e-16 3.630742e-16 3.819567e-16 3.717551e-16 3.912246e-16 
1.189709e+02 1.435123e-10 1.528004e-10 1.630200e-10 1.649072e-10 1.882246e-10 2.166304e-10 2.205720e-10 2.530796e-10 3.798708e-16 3.674686e-16 3.618457e-16 3.452304e-16 3.529222e-16 3.707153e-16 3.600543e-16 3.785731e-16 
1.244545e+02 1.413687e-10 1.500098e-10 1.596251e-10 1.609303e-10 1.830276e-10 2.102897e-10 2.136387e-10 2.448565e-10 3.741967e-16 3.607574e-16 3.543101e-16 3.369049e-16 3.431777e-16 3.598645e-16 3.487365e-16 3.662725e-16 
1.304150e+02 1.392765e-10 1.472743e-10 1.562845e-10 1.570030e-10 1.778597e-10 2.039489e-10 2.066900e-10 2.365725e-10 3.686588e-16 3.541789e-16 3.468953e-16 3.286831e-16 3.334878e-16 3.490137e-16 3.373938e-16 3.538807e-16 
1.366138e+02 1.373283e-10 1.447167e-10 1.531496e-10 1.533042e-10 1.729588e-10 1.979021e-10 2.000479e-10 2.286128e-10 3.635021e-16 3.480282e-16 3.399369e-16 3.209399e-16 3.242987e-16 3.386659e-16 3.265514e-16 3.419740e-16 
1.430511e+02 1.355172e-10 1.423304e-10 1.502143e-10 1.498292e-10 1.683233e-10 1.921515e-10 1.937159e-10 2.209859e-10 3.587082e-16 3.422894e-16 3.334216e-16 3.136650e-16 3.156071e-16 3.288249e-16 3.162152e-16 3.305652e-16 
1.497269e+02 1.338356e-10 1.401075e-10 1.474712e-10 1.465712e-10 1.639489e-10 1.866958e-10 1.876939e-10 2.136960e-10 3.542569e-16 3.369436e-16 3.273328e-16 3.068443e-16 3.074050e-16 3.194888e-16 3.063852e-16 3.196606e-16 
1.568794e+02 1.322245e-10 1.379721e-10 1.448279e-10 1.434222e-10 1.596938e-10 1.813613e-10 1.817906e-10 2.065141e-10 3.499926e-16 3.318080e-16 3.214656e-16 3.002519e-16 2.994267e-16 3.103599e-16 2.967488e-16 3.089174e-16 
1.642704e+02 1.307373e-10 1.359963e-10 1.423754e-10 1.404923e-10 1.557102e-10 1.763413e-10 1.762210e-10 1.997044e-10 3.460560e-16 3.270565e-16 3.160220e-16 2.941183e-16 2.919575e-16 3.017694e-16 2.876573e-16 2.987310e-16 
1.718998e+02 1.293639e-10 1.341687e-10 1.401012e-10 1.377687e-10 1.519853e-10 1.716241e-10 1.709737e-10 1.932572e-10 3.424207e-16 3.226613e-16 3.109740e-16 2.884164e-16 2.849732e-16 2.936968e-16 2.790917e-16 2.890869e-16 
1.800060e+02 1.280583e-10 1.324294e-10 1.379323e-10 1.351656e-10 1.484053e-10 1.670685e-10 1.658931e-10 1.869846e-10 3.389647e-16 3.184786e-16 3.061599e-16 2.829670e-16 2.782607e-16 2.859009e-16 2.707982e-16 2.797038e-16 
1.885891e+02 1.268225e-10 1.307827e-10 1.358750e-10 1.326922e-10 1.449855e-10 1.626962e-10 1.610041e-10 1.809190e-10 3.356937e-16 3.145184e-16 3.015935e-16 2.777890e-16 2.718485e-16 2.784187e-16 2.628176e-16 2.706306e-16 
1.974106e+02 1.256857e-10 1.292685e-10 1.339807e-10 1.304119e-10 1.418169e-10 1.586268e-10 1.564422e-10 1.752321e-10 3.326846e-16 3.108770e-16 2.973889e-16 2.730152e-16 2.659075e-16 2.714548e-16 2.553710e-16 2.621236e-16 
2.067089e+02 1.246112e-10 1.278392e-10 1.321909e-10 1.282557e-10 1.388075e-10 1.547451e-10 1.520802e-10 1.697684e-10 3.298403e-16 3.074395e-16 2.934160e-16 2.685012e-16 2.602647e-16 2.648122e-16 2.482505e-16 2.539507e-16 
2.164841e+02 1.235971e-10 1.264933e-10 1.305048e-10 1.262243e-10 1.359608e-10 1.510584e-10 1.479277e-10 1.645427e-10 3.271562e-16 3.042028e-16 2.896735e-16 2.642485e-16 2.549273e-16 2.585032e-16 2.414721e-16 2.461338e-16 
2.264977e+02 1.226618e-10 1.252559e-10 1.289548e-10 1.243580e-10 1.333366e-10 1.476468e-10 1.440769e-10 1.596747e-10 3.246804e-16 3.012271e-16 2.862331e-16 2.603414e-16 2.500068e-16 2.526650e-16 2.351863e-16 2.388518e-16 
2.372265e+02 1.217572e-10 1.240645e-10 1.274633e-10 1.225646e-10 1.308080e-10 1.443480e-10 1.403465e-10 1.549376e-10 3.222861e-16 2.983619e-16 2.829227e-16 2.565870e-16 2.452656e-16 2.470199e-16 2.290969e-16 2.317659e-16 
2.484322e+02 1.209028e-10 1.229454e-10 1.260642e-10 1.208861e-10 1.284363e-10 1.412442e-10 1.368309e-10 1.504538e-10 3.200245e-16 2.956704e-16 2.798171e-16 2.530729e-16 2.408186e-16 2.417083e-16 2.233581e-16 2.250586e-16 
2.601147e+02 1.200940e-10 1.218931e-10 1.247515e-10 1.193161e-10 1.262153e-10 1.383294e-10 1.335254e-10 1.462204e-10 3.178836e-16 2.931398e-16 2.769033e-16 2.497863e-16 2.366543e-16 2.367204e-16 2.179624e-16 2.187260e-16 
2.722740e+02 1.193261e-10 1.209021e-10 1.235186e-10 1.178480e-10 1.241376e-10 1.355964e-10 1.304235e-10 1.422320e-10 3.158510e-16 2.907567e-16 2.741667e-16 2.467128e-16 2.327585e-16 2.320434e-16 2.128990e-16 2.127600e-16 
2.851486e+02 1.185813e-10 1.199498e-10 1.223381e-10 1.164497e-10 1.221600e-10 1.329903e-10 1.274651e-10 1.384139e-10 3.138795e-16 2.884665e-16 2.715463e-16 2.437856e-16 2.290507e-16 2.275837e-16 2.080696e-16 2.070486e-16 
2.987385e+02 1.178579e-10 1.190349e-10 1.212088e-10 1.151211e-10 1.202843e-10 1.305152e-10 1.246562e-10 1.347765e-10 3.119648e-16 2.862661e-16 2.690398e-16 2.410041e-16 2.255336e-16 2.233481e-16 2.034845e-16 2.016075e-16 
3.128052e+02 1.171650e-10 1.181689e-10 1.201456e-10 1.138801e-10 1.185374e-10 1.282086e-10 1.220412e-10 1.313799e-10 3.101307e-16 2.841835e-16 2.666798e-16 2.384061e-16 2.222582e-16 2.194008e-16 1.992159e-16 1.965267e-16 
3.273487e+02 1.164975e-10 1.173454e-10 1.191406e-10 1.127178e-10 1.169081e-10 1.260572e-10 1.196067e-10 1.282097e-10 3.083638e-16 2.822030e-16 2.644491e-16 2.359728e-16 2.192032e-16 2.157191e-16 1.952420e-16 1.917845e-16 
3.428459e+02 1.158308e-10 1.165343e-10 1.181574e-10 1.115926e-10 1.153395e-10 1.239876e-10 1.172712e-10 1.251620e-10 3.065991e-16 2.802524e-16 2.622668e-16 2.336173e-16 2.162622e-16 2.121774e-16 1.914295e-16 1.872256e-16 
3.590584e+02 1.151732e-10 1.157460e-10 1.172092e-10 1.105202e-10 1.138550e-10 1.220318e-10 1.150723e-10 1.222885e-10 3.048584e-16 2.783567e-16 2.601621e-16 2.313723e-16 2.134787e-16 2.088306e-16 1.878402e-16 1.829272e-16 
3.759861e+02 1.145215e-10 1.149767e-10 1.162914e-10 1.094958e-10 1.124488e-10 1.201836e-10 1.130045e-10 1.195839e-10 3.031333e-16 2.765066e-16 2.581249e-16 2.292276e-16 2.108420e-16 2.056678e-16 1.844647e-16 1.788815e-16 
3.936291e+02 1.138724e-10 1.142225e-10 1.153995e-10 1.085142e-10 1.111146e-10 1.184358e-10 1.110606e-10 1.170413e-10 3.014154e-16 2.746929e-16 2.561453e-16 2.271727e-16 2.083404e-16 2.026768e-16 1.812916e-16 1.750781e-16 
4.122257e+02 1.132147e-10 1.134702e-10 1.145179e-10 1.075585e-10 1.098301e-10 1.167601e-10 1.092104e-10 1.146230e-10 2.996743e-16 2.728836e-16 2.541884e-16 2.251719e-16 2.059320e-16 1.998092e-16 1.782713e-16 1.714606e-16 
4.315376e+02 1.125540e-10 1.127261e-10 1.136543e-10 1.066369e-10 1.086070e-10 1.151726e-10 1.074724e-10 1.123552e-10 2.979255e-16 2.710942e-16 2.522715e-16 2.232426e-16 2.036387e-16 1.970925e-16 1.754342e-16 1.680682e-16 
4.520416e+02 1.118717e-10 1.119693e-10 1.127842e-10 1.057236e-10 1.074115e-10 1.136301e-10 1.058003e-10 1.101791e-10 2.961195e-16 2.692741e-16 2.503403e-16 2.213305e-16 2.013971e-16 1.944528e-16 1.727048e-16 1.648132e-16 
4.732609e+02 1.111814e-10 1.112145e-10 1.119250e-10 1.048363e-10 1.062673e-10 1.121640e-10 1.042287e-10 1.081415e-10 2.942923e-16 2.674591e-16 2.484331e-16 2.194731e-16 1.992517e-16 1.919439e-16 1.701394e-16 1.617652e-16 
4.954338e+02 1.104728e-10 1.104503e-10 1.110630e-10 1.039608e-10 1.051557e-10 1.107505e-10 1.027321e-10 1.062105e-10 2.924167e-16 2.656211e-16 2.465199e-16 2.176402e-16 1.971675e-16 1.895251e-16 1.676965e-16 1.588767e-16 
5.187988e+02 1.097364e-10 1.096660e-10 1.101866e-10 1.030848e-10 1.040615e-10 1.093707e-10 1.012909e-10 1.043619e-10 2.904675e-16 2.637350e-16 2.445745e-16 2.158063e-16 1.951158e-16 1.871638e-16 1.653438e-16 1.561113e-16 
5.433559e+02 1.089704e-10 1.088597e-10 1.092935e-10 1.022060e-10 1.029820e-10 1.080217e-10 9.990238e-11 1.025935e-10 2.884400e-16 2.617960e-16 2.425921e-16 2.139666e-16 1.930918e-16 1.848553e-16 1.630773e-16 1.534661e-16 
5.688667e+02 1.081807e-10 1.080371e-10 1.083900e-10 1.013301e-10 1.019239e-10 1.067119e-10 9.857496e-11 1.009168e-10 2.863497e-16 2.598178e-16 2.405866e-16 2.121328e-16 1.911078e-16 1.826139e-16 1.609104e-16 1.509580e-16 
5.958080e+02 1.073511e-10 1.071811e-10 1.074571e-10 1.004383e-10 1.008643e-10 1.054131e-10 9.727976e-11 9.929602e-11 2.841537e-16 2.577592e-16 2.385160e-16 2.102658e-16 1.891211e-16 1.803913e-16 1.587962e-16 1.485335e-16 
6.237030e+02 1.064952e-10 1.063054e-10 1.065097e-10 9.954408e-11 9.981905e-11 1.041446e-10 9.603543e-11 9.775490e-11 2.818883e-16 2.556530e-16 2.364132e-16 2.083939e-16 1.871612e-16 1.782205e-16 1.567650e-16 1.462282e-16 
6.532669e+02 1.055904e-10 1.053862e-10 1.055222e-10 9.862286e-11 9.875886e-11 1.028708e-10 9.480658e-11 9.624991e-11 2.794932e-16 2.534426e-16 2.342212e-16 2.064653e-16 1.851734e-16 1.760408e-16 1.547590e-16 1.439769e-16 
6.840229e+02 1.046509e-10 1.044379e-10 1.045096e-10 9.768824e-11 9.769919e-11 1.016103e-10 9.361042e-11 9.480245e-11 2.770063e-16 2.511619e-16 2.319737e-16 2.045087e-16 1.831865e-16 1.738837e-16 1.528065e-16 1.418117e-16 
7.162094e+02 1.036693e-10 1.034524e-10 1.034636e-10 9.673167e-11 9.662974e-11 1.003505e-10 9.243391e-11 9.339650e-11 2.744082e-16 2.487920e-16 2.296519e-16 2.025061e-16 1.811812e-16 1.717278e-16 1.508860e-16 1.397086e-16 
7.500648e+02 1.026390e-10 1.024228e-10 1.023765e-10 9.574558e-11 9.554163e-11 9.908070e-11 9.126622e-11 9.201905e-11 2.716811e-16 2.463159e-16 2.272389e-16 2.004418e-16 1.791410e-16 1.695548e-16 1.489799e-16 1.376481e-16 
7.853508e+02 1.015683e-10 1.013568e-10 1.012564e-10 9.473673e-11 9.444183e-11 9.780875e-11 9.011340e-11 9.067696e-11 2.688468e-16 2.437522e-16 2.247527e-16 1.983298e-16 1.770789e-16 1.673782e-16 1.470981e-16 1.356405e-16 
8.223057e+02 1.004512e-10 1.002482e-10 1.000968e-10 9.369852e-11 9.332250e-11 9.652521e-11 8.896560e-11 8.935818e-11 2.658901e-16 2.410861e-16 2.221787e-16 1.961563e-16 1.749802e-16 1.651817e-16 1.452244e-16 1.336678e-16 
8.611679e+02 9.928289e-11 9.909157e-11 9.889193e-11 9.262521e-11 9.217703e-11 9.522219e-11 8.781459e-11 8.805285e-11 2.627975e-16 2.383046e-16 2.195044e-16 1.939093e-16 1.728324e-16 1.629518e-16 1.433456e-16 1.317152e-16 
9.016991e+02 9.807310e-11 9.789630e-11 9.765154e-11 9.152479e-11 9.101339e-11 9.390840e-11 8.666679e-11 8.676761e-11 2.595952e-16 2.354301e-16 2.167512e-16 1.916056e-16 1.706506e-16 1.607036e-16 1.414719e-16 1.297927e-16 
9.441376e+02 9.681799e-11 9.665812e-11 9.637115e-11 9.039264e-11 8.982610e-11 9.257723e-11 8.551497e-11 8.549359e-11 2.562730e-16 2.324524e-16 2.139092e-16 1.892355e-16 1.684244e-16 1.584255e-16 1.395917e-16 1.278869e-16 
9.887218e+02 9.551454e-11 9.537366e-11 9.504726e-11 8.922505e-11 8.861080e-11 9.122342e-11 8.435333e-11 8.422365e-11 2.528229e-16 2.293634e-16 2.109706e-16 1.867912e-16 1.661457e-16 1.561088e-16 1.376955e-16 1.259873e-16 
1.035213e+03 9.417431e-11 9.405390e-11 9.369116e-11 8.803139e-11 8.737671e-11 8.985684e-11 8.318898e-11 8.296475e-11 2.492753e-16 2.261895e-16 2.079606e-16 1.842923e-16 1.638318e-16 1.537702e-16 1.357949e-16 1.241041e-16 
1.084089e+03 9.278879e-11 9.269011e-11 9.229385e-11 8.680318e-11 8.611454e-11 8.846682e-11 8.201152e-11 8.170480e-11 2.456079e-16 2.229098e-16 2.048590e-16 1.817210e-16 1.614652e-16 1.513915e-16 1.338728e-16 1.222194e-16 
1.135111e+03 9.137066e-11 9.129439e-11 9.086771e-11 8.555077e-11 8.483450e-11 8.706420e-11 8.082890e-11 8.045144e-11 2.418542e-16 2.195532e-16 2.016935e-16 1.790991e-16 1.590651e-16 1.489912e-16 1.319424e-16 1.203446e-16 
1.188517e+03 8.991957e-11 8.986611e-11 8.941205e-11 8.427307e-11 8.353494e-11 8.564676e-11 7.963803e-11 7.920051e-11 2.380132e-16 2.161184e-16 1.984625e-16 1.764243e-16 1.566284e-16 1.465656e-16 1.299984e-16 1.184733e-16 
1.244545e+03 8.843615e-11 8.840555e-11 8.792714e-11 8.296989e-11 8.221526e-11 8.421348e-11 7.843693e-11 7.794908e-11 2.340866e-16 2.126059e-16 1.951665e-16 1.736961e-16 1.541540e-16 1.441128e-16 1.280378e-16 1.166013e-16 
1.303196e+03 8.692798e-11 8.691992e-11 8.642029e-11 8.164725e-11 8.088115e-11 8.277017e-11 7.722948e-11 7.670037e-11 2.300946e-16 2.090331e-16 1.918219e-16 1.709272e-16 1.516526e-16 1.416429e-16 1.260668e-16 1.147334e-16 
1.364708e+03 8.539698e-11 8.541087e-11 8.489312e-11 8.030625e-11 7.953334e-11 8.131724e-11 7.601509e-11 7.545297e-11 2.260421e-16 2.054040e-16 1.884321e-16 1.681198e-16 1.491254e-16 1.391566e-16 1.240844e-16 1.128675e-16 
1.428843e+03 8.385713e-11 8.389199e-11 8.335930e-11 7.895864e-11 7.818325e-11 7.986661e-11 7.480289e-11 7.421547e-11 2.219662e-16 2.017512e-16 1.850276e-16 1.652986e-16 1.465940e-16 1.366741e-16 1.221057e-16 1.110164e-16 
1.496315e+03 8.229988e-11 8.235465e-11 8.181008e-11 7.759649e-11 7.682257e-11 7.840903e-11 7.358445e-11 7.297849e-11 2.178442e-16 1.980541e-16 1.815889e-16 1.624470e-16 1.440427e-16 1.341798e-16 1.201168e-16 1.091660e-16 
1.566887e+03 8.073979e-11 8.081310e-11 8.025973e-11 7.623220e-11 7.546340e-11 7.695708e-11 7.236968e-11 7.175143e-11 2.137147e-16 1.943469e-16 1.781477e-16 1.595908e-16 1.414943e-16 1.316951e-16 1.181338e-16 1.073305e-16 
1.640558e+03 7.918524e-11 7.927553e-11 7.871638e-11 7.487281e-11 7.411240e-11 7.551754e-11 7.116379e-11 7.053884e-11 2.095999e-16 1.906492e-16 1.747220e-16 1.567450e-16 1.389611e-16 1.292316e-16 1.161654e-16 1.055166e-16 
1.718044e+03 7.763011e-11 7.773583e-11 7.717377e-11 7.351276e-11 7.276378e-11 7.408389e-11 6.996093e-11 6.933424e-11 2.054835e-16 1.869463e-16 1.712979e-16 1.538977e-16 1.364325e-16 1.267783e-16 1.142018e-16 1.037147e-16 
1.798868e+03 7.609274e-11 7.621210e-11 7.564992e-11 7.216794e-11 7.143301e-11 7.267224e-11 6.877436e-11 6.815034e-11 2.014142e-16 1.832819e-16 1.679155e-16 1.510824e-16 1.339372e-16 1.243625e-16 1.122649e-16 1.019438e-16 
1.883745e+03 7.456794e-11 7.469920e-11 7.413957e-11 7.083371e-11 7.011523e-11 7.127714e-11 6.759934e-11 6.698185e-11 1.973781e-16 1.796436e-16 1.645631e-16 1.482892e-16 1.314664e-16 1.219751e-16 1.103469e-16 1.001958e-16 
1.972437e+03 7.306834e-11 7.320969e-11 7.265508e-11 6.952108e-11 6.882109e-11 6.990954e-11 6.644499e-11 6.583738e-11 1.934087e-16 1.760615e-16 1.612681e-16 1.455412e-16 1.290399e-16 1.196348e-16 1.084626e-16 9.848387e-17 
2.065420e+03 7.159370e-11 7.174337e-11 7.119610e-11 6.822982e-11 6.755012e-11 6.856865e-11 6.531067e-11 6.471582e-11 1.895054e-16 1.725351e-16 1.580297e-16 1.428380e-16 1.266568e-16 1.173402e-16 1.066109e-16 9.680618e-17 
2.162695e+03 7.015156e-11 7.030783e-11 6.977000e-11 6.696657e-11 6.630865e-11 6.726087e-11 6.420185e-11 6.362219e-11 1.856881e-16 1.690828e-16 1.548642e-16 1.401934e-16 1.243291e-16 1.151022e-16 1.048009e-16 9.517025e-17 
2.264738e+03 6.874207e-11 6.890327e-11 6.837682e-11 6.573150e-11 6.509664e-11 6.598589e-11 6.311838e-11 6.255597e-11 1.819573e-16 1.657050e-16 1.517719e-16 1.376078e-16 1.220565e-16 1.129203e-16 1.030323e-16 9.357533e-17 
2.371311e+03 6.737496e-11 6.753951e-11 6.702611e-11 6.453321e-11 6.392232e-11 6.475213e-11 6.206760e-11 6.152404e-11 1.783386e-16 1.624253e-16 1.487738e-16 1.350992e-16 1.198547e-16 1.108090e-16 1.013170e-16 9.203170e-17 
2.483130e+03 6.604701e-11 6.621346e-11 6.571462e-11 6.336896e-11 6.278284e-11 6.355633e-11 6.104695e-11 6.052357e-11 1.748236e-16 1.592363e-16 1.458628e-16 1.326619e-16 1.177181e-16 1.087627e-16 9.965096e-17 9.053513e-17 
2.600193e+03 6.476401e-11 6.493098e-11 6.444798e-11 6.224390e-11 6.168305e-11 6.240341e-11 6.006081e-11 5.955860e-11 1.714275e-16 1.561521e-16 1.430513e-16 1.303066e-16 1.156560e-16 1.067897e-16 9.804122e-17 8.909166e-17 
2.722740e+03 6.352819e-11 6.369447e-11 6.322835e-11 6.116007e-11 6.062481e-11 6.129508e-11 5.911091e-11 5.863056e-11 1.681564e-16 1.531784e-16 1.403441e-16 1.280376e-16 1.136718e-16 1.048930e-16 9.649065e-17 8.770345e-17 
2.851009e+03 6.234144e-11 6.250593e-11 6.205753e-11 6.011920e-11 5.960962e-11 6.023275e-11 5.819872e-11 5.774066e-11 1.650151e-16 1.503201e-16 1.377453e-16 1.258585e-16 1.117683e-16 1.030751e-16 9.500162e-17 8.637227e-17 
2.985239e+03 6.120522e-11 6.136694e-11 6.093691e-11 5.912264e-11 5.863868e-11 5.921751e-11 5.732540e-11 5.688981e-11 1.620076e-16 1.475809e-16 1.352580e-16 1.237723e-16 1.099478e-16 1.013377e-16 9.357603e-17 8.509952e-17 
3.125906e+03 6.011881e-11 6.027693e-11 5.986573e-11 5.816983e-11 5.771128e-11 5.824846e-11 5.649042e-11 5.607735e-11 1.591319e-16 1.449596e-16 1.328803e-16 1.217776e-16 1.082089e-16 9.967942e-17 9.221305e-17 8.388418e-17 
3.273249e+03 5.908332e-11 5.923712e-11 5.884505e-11 5.726180e-11 5.682829e-11 5.732640e-11 5.569470e-11 5.530397e-11 1.563910e-16 1.424589e-16 1.306148e-16 1.198766e-16 1.065533e-16 9.810151e-17 9.091414e-17 8.272731e-17 
3.427505e+03 5.809938e-11 5.824828e-11 5.787545e-11 5.639912e-11 5.599018e-11 5.645167e-11 5.493875e-11 5.457004e-11 1.537865e-16 1.400809e-16 1.284626e-16 1.180706e-16 1.049819e-16 9.660461e-17 8.968015e-17 8.162945e-17 
3.589153e+03 5.716586e-11 5.730938e-11 5.695578e-11 5.558084e-11 5.519588e-11 5.562309e-11 5.422173e-11 5.387460e-11 1.513156e-16 1.378229e-16 1.264213e-16 1.163576e-16 1.034926e-16 9.518667e-17 8.850972e-17 8.058917e-17 
3.758192e+03 5.628408e-11 5.642187e-11 5.608730e-11 5.480814e-11 5.444643e-11 5.484163e-11 5.354469e-11 5.321855e-11 1.489815e-16 1.356886e-16 1.244936e-16 1.147399e-16 1.020873e-16 9.384938e-17 8.740454e-17 7.960779e-17 
3.935337e+03 5.545127e-11 5.558304e-11 5.526724e-11 5.407857e-11 5.373938e-11 5.410466e-11 5.290549e-11 5.259970e-11 1.467771e-16 1.336713e-16 1.226733e-16 1.132126e-16 1.007616e-16 9.258821e-17 8.636113e-17 7.868208e-17 
4.120827e+03 5.466705e-11 5.479263e-11 5.449522e-11 5.339183e-11 5.307432e-11 5.341169e-11 5.230387e-11 5.201770e-11 1.447013e-16 1.317704e-16 1.209597e-16 1.117749e-16 9.951461e-17 9.140236e-17 8.537906e-17 7.781150e-17 
4.315138e+03 5.392982e-11 5.404911e-11 5.376961e-11 5.274648e-11 5.244979e-11 5.276116e-11 5.173858e-11 5.147127e-11 1.427499e-16 1.299823e-16 1.193491e-16 1.104239e-16 9.834361e-17 9.028911e-17 8.445630e-17 7.699410e-17 
4.518509e+03 5.323874e-11 5.335171e-11 5.308957e-11 5.214178e-11 5.186498e-11 5.215216e-11 5.120896e-11 5.095968e-11 1.409206e-16 1.283052e-16 1.178397e-16 1.091580e-16 9.724710e-17 8.924694e-17 8.359176e-17 7.622883e-17 
4.731417e+03 5.259194e-11 5.269863e-11 5.245323e-11 5.157607e-11 5.131822e-11 5.158291e-11 5.071355e-11 5.048145e-11 1.392086e-16 1.267346e-16 1.164273e-16 1.079737e-16 9.622192e-17 8.827280e-17 8.278308e-17 7.551347e-17 
4.954338e+03 5.198756e-11 5.208805e-11 5.185875e-11 5.104770e-11 5.080786e-11 5.105166e-11 5.025092e-11 5.003514e-11 1.376088e-16 1.252662e-16 1.151077e-16 1.068675e-16 9.526499e-17 8.736368e-17 8.202790e-17 7.484584e-17 
5.187750e+03 5.142375e-11 5.151818e-11 5.130427e-11 5.055503e-11 5.033224e-11 5.055667e-11 4.981961e-11 4.961928e-11 1.361165e-16 1.238957e-16 1.138770e-16 1.058361e-16 9.437320e-17 8.651661e-17 8.132385e-17 7.422378e-17 
5.432367e+03 5.089818e-11 5.098670e-11 5.078749e-11 5.009597e-11 4.988931e-11 5.009576e-11 4.941781e-11 4.923208e-11 1.347253e-16 1.226175e-16 1.127299e-16 1.048751e-16 9.354271e-17 8.572787e-17 8.066795e-17 7.364457e-17 
5.688429e+03 5.040958e-11 5.049238e-11 5.030714e-11 4.966939e-11 4.947792e-11 4.966773e-11 4.904449e-11 4.887251e-11 1.334320e-16 1.214288e-16 1.116637e-16 1.039820e-16 9.277136e-17 8.499539e-17 8.005857e-17 7.310671e-17 
5.956411e+03 4.995605e-11 5.003336e-11 4.986135e-11 4.927362e-11 4.909642e-11 4.927085e-11 4.869820e-11 4.853913e-11 1.322315e-16 1.203249e-16 1.106742e-16 1.031535e-16 9.205604e-17 8.431621e-17 7.949330e-17 7.260801e-17 
6.237030e+03 4.953540e-11 4.960744e-11 4.944793e-11 4.890669e-11 4.874289e-11 4.890308e-11 4.837721e-11 4.823023e-11 1.311181e-16 1.193006e-16 1.097566e-16 1.023853e-16 9.139316e-17 8.368687e-17 7.896932e-17 7.214595e-17 
6.531000e+03 4.914557e-11 4.921259e-11 4.906486e-11 4.856679e-11 4.841553e-11 4.856259e-11 4.807993e-11 4.794426e-11 1.300862e-16 1.183510e-16 1.089063e-16 1.016738e-16 9.077936e-17 8.310418e-17 7.848404e-17 7.171818e-17 
6.838799e+03 4.878493e-11 4.884718e-11 4.871051e-11 4.825248e-11 4.811292e-11 4.824786e-11 4.780506e-11 4.767996e-11 1.291316e-16 1.174722e-16 1.081198e-16 1.010158e-16 9.021197e-17 8.256559e-17 7.803536e-17 7.132281e-17 
7.161140e+03 4.845158e-11 4.850932e-11 4.838303e-11 4.796207e-11 4.783344e-11 4.795719e-11 4.755115e-11 4.743589e-11 1.282492e-16 1.166597e-16 1.073929e-16 1.004078e-16 8.968793e-17 8.206817e-17 7.762088e-17 7.095771e-17 
7.498741e+03 4.814377e-11 4.819724e-11 4.808067e-11 4.769401e-11 4.757554e-11 4.768898e-11 4.731681e-11 4.721070e-11 1.274345e-16 1.159092e-16 1.067217e-16 9.984661e-17 8.920437e-17 8.160920e-17 7.723835e-17 7.062087e-17 
