f            Pxx          
9.536743e-01 1.224717e-09 
1.430511e+00 1.322911e-09 
1.907349e+00 1.204725e-09 
2.384186e+00 1.160496e-09 
2.861023e+00 9.924083e-10 
3.337860e+00 9.537541e-10 
3.814697e+00 1.101219e-09 
4.291534e+00 1.048238e-09 
4.768372e+00 1.009149e-09 
5.245209e+00 9.581849e-10 
5.722046e+00 1.041911e-09 
6.198883e+00 1.078572e-09 
6.675720e+00 1.044339e-09 
7.152557e+00 9.902181e-10 
7.629395e+00 1.059616e-09 
8.106232e+00 1.024770e-09 
8.583069e+00 1.122546e-09 
9.059906e+00 1.253155e-09 
9.536743e+00 1.147332e-09 
1.001358e+01 1.206703e-09 
1.049042e+01 1.076464e-09 
1.096725e+01 9.998962e-10 
1.144409e+01 9.967099e-10 
1.192093e+01 9.393519e-10 
1.239777e+01 1.032342e-09 
1.287460e+01 1.081452e-09 
1.335144e+01 1.098329e-09 
1.382828e+01 1.086475e-09 
1.430511e+01 1.084657e-09 
1.478195e+01 1.073001e-09 
1.525879e+01 1.073285e-09 
1.573563e+01 9.980939e-10 
1.621246e+01 1.128969e-09 
1.668930e+01 1.123120e-09 
1.716614e+01 1.045806e-09 
1.764297e+01 9.642189e-10 
1.811981e+01 9.640903e-10 
1.859665e+01 1.005166e-09 
1.907349e+01 1.023652e-09 
1.955032e+01 1.059216e-09 
2.002716e+01 1.039166e-09 
2.050400e+01 1.156309e-09 
2.098083e+01 1.104830e-09 
2.145767e+01 1.071600e-09 
2.193451e+01 1.209125e-09 
2.241135e+01 1.111250e-09 
2.288818e+01 1.070887e-09 
2.336502e+01 1.080146e-09 
2.384186e+01 9.887726e-10 
2.431870e+01 9.080253e-10 
2.479553e+01 9.423308e-10 
2.527237e+01 1.023889e-09 
2.574921e+01 1.042521e-09 
2.622604e+01 9.245566e-10 
2.670288e+01 1.061513e-09 
2.717972e+01 1.130508e-09 
2.765656e+01 1.117118e-09 
2.813339e+01 1.059924e-09 
2.861023e+01 1.021736e-09 
2.908707e+01 9.979756e-10 
2.956390e+01 1.091290e-09 
3.004074e+01 1.056990e-09 
3.051758e+01 1.007669e-09 
3.099442e+01 1.041552e-09 
3.147125e+01 1.239157e-09 
3.194809e+01 1.138825e-09 
3.242493e+01 1.051821e-09 
3.290176e+01 1.147454e-09 
3.337860e+01 1.037319e-09 
3.385544e+01 9.219435e-10 
3.433228e+01 9.923918e-10 
3.480911e+01 1.032215e-09 
3.528595e+01 1.040213e-09 
3.576279e+01 9.534789e-10 
3.623962e+01 1.034625e-09 
3.671646e+01 1.019886e-09 
3.719330e+01 1.051938e-09 
3.767014e+01 1.068206e-09 
3.814697e+01 9.972665e-10 
3.862381e+01 9.659163e-10 
3.910065e+01 9.886423e-10 
3.957748e+01 9.396015e-10 
4.005432e+01 9.446504e-10 
4.053116e+01 9.836343e-10 
4.100800e+01 9.326263e-10 
4.148483e+01 1.001258e-09 
4.196167e+01 1.070175e-09 
4.243851e+01 1.042323e-09 
4.291534e+01 1.048633e-09 
4.339218e+01 9.865243e-10 
4.386902e+01 9.437053e-10 
4.434586e+01 1.036826e-09 
4.482269e+01 1.105141e-09 
4.529953e+01 1.091318e-09 
4.577637e+01 1.024294e-09 
4.625320e+01 1.110132e-09 
4.673004e+01 1.149041e-09 
4.720688e+01 1.062672e-09 
4.768372e+01 1.076930e-09 
4.816055e+01 1.080283e-09 
4.863739e+01 8.662848e-10 
4.911423e+01 8.677617e-10 
4.959106e+01 9.674132e-10 
5.006790e+01 9.575401e-10 
5.054474e+01 9.816021e-10 
5.102158e+01 1.013986e-09 
5.149841e+01 1.006489e-09 
5.197525e+01 9.898219e-10 
5.245209e+01 9.974476e-10 
5.292892e+01 9.669430e-10 
5.340576e+01 9.448396e-10 
5.388260e+01 9.634269e-10 
5.435944e+01 9.501733e-10 
5.483627e+01 1.033766e-09 
5.531311e+01 8.962027e-10 
5.578995e+01 9.050416e-10 
5.626678e+01 9.226381e-10 
5.674362e+01 8.416257e-10 
5.722046e+01 8.748569e-10 
5.769730e+01 9.326376e-10 
5.817413e+01 8.653450e-10 
5.865097e+01 9.588065e-10 
5.912781e+01 1.106681e-09 
5.960464e+01 9.829762e-10 
6.008148e+01 1.083011e-09 
6.055832e+01 9.146808e-10 
6.103516e+01 8.646525e-10 
6.151199e+01 9.973418e-10 
6.198883e+01 9.839575e-10 
6.246567e+01 8.992527e-10 
6.294250e+01 9.244806e-10 
6.341934e+01 9.202910e-10 
6.389618e+01 8.605196e-10 
6.437302e+01 9.289364e-10 
6.484985e+01 8.797618e-10 
6.532669e+01 8.679102e-10 
6.580353e+01 9.219478e-10 
6.628036e+01 9.296239e-10 
6.675720e+01 9.151302e-10 
6.723404e+01 8.991764e-10 
6.771088e+01 9.448229e-10 
6.818771e+01 9.290860e-10 
6.866455e+01 9.601616e-10 
6.914139e+01 8.430544e-10 
6.961823e+01 9.248163e-10 
7.009506e+01 1.062194e-09 
7.057190e+01 9.490192e-10 
7.104874e+01 8.478659e-10 
7.152557e+01 9.559542e-10 
7.200241e+01 9.061910e-10 
7.247925e+01 8.800703e-10 
7.295609e+01 9.531161e-10 
7.343292e+01 9.526700e-10 
7.390976e+01 8.305236e-10 
7.438660e+01 8.338156e-10 
7.486343e+01 8.182841e-10 
7.534027e+01 8.209472e-10 
7.581711e+01 8.704167e-10 
7.629395e+01 9.115624e-10 
7.677078e+01 9.502887e-10 
7.724762e+01 9.467843e-10 
7.772446e+01 9.657858e-10 
7.820129e+01 9.008264e-10 
7.867813e+01 8.291729e-10 
7.915497e+01 8.226945e-10 
7.963181e+01 8.466658e-10 
8.010864e+01 9.413329e-10 
8.058548e+01 8.004682e-10 
8.106232e+01 8.201144e-10 
8.153915e+01 8.041447e-10 
8.201599e+01 8.862732e-10 
8.249283e+01 9.470539e-10 
8.296967e+01 9.171795e-10 
8.344650e+01 8.627019e-10 
8.392334e+01 8.856139e-10 
8.440018e+01 9.010063e-10 
8.487701e+01 7.765172e-10 
8.535385e+01 7.818754e-10 
8.583069e+01 8.866191e-10 
8.630753e+01 8.620742e-10 
8.678436e+01 9.144429e-10 
8.726120e+01 9.047448e-10 
8.773804e+01 8.659442e-10 
8.821487e+01 9.084710e-10 
8.869171e+01 8.873725e-10 
8.916855e+01 7.435161e-10 
8.964539e+01 7.970058e-10 
9.012222e+01 8.411850e-10 
9.059906e+01 8.629833e-10 
9.107590e+01 9.161559e-10 
9.155273e+01 8.910705e-10 
9.202957e+01 8.688357e-10 
9.250641e+01 8.170676e-10 
9.298325e+01 8.011464e-10 
9.346008e+01 8.175456e-10 
9.393692e+01 8.457500e-10 
9.441376e+01 8.377184e-10 
9.489059e+01 7.792571e-10 
9.536743e+01 8.326208e-10 
9.584427e+01 8.231105e-10 
9.632111e+01 8.063865e-10 
9.679794e+01 8.787148e-10 
9.727478e+01 9.356585e-10 
9.775162e+01 9.203625e-10 
9.822845e+01 8.796052e-10 
9.870529e+01 8.266099e-10 
9.918213e+01 9.369509e-10 
9.965897e+01 9.610847e-10 
1.001358e+02 8.192392e-10 
1.006126e+02 8.181101e-10 
1.010895e+02 8.526571e-10 
1.015663e+02 7.514231e-10 
1.020432e+02 7.780308e-10 
1.025200e+02 8.378734e-10 
1.029968e+02 8.405468e-10 
1.034737e+02 7.978305e-10 
1.039505e+02 7.954976e-10 
1.044273e+02 8.810523e-10 
1.049042e+02 8.675290e-10 
1.053810e+02 7.918267e-10 
1.058578e+02 8.283782e-10 
1.063347e+02 8.859657e-10 
1.068115e+02 8.137226e-10 
1.072884e+02 9.135643e-10 
1.077652e+02 8.308046e-10 
1.082420e+02 8.444217e-10 
1.087189e+02 8.019375e-10 
1.091957e+02 8.689641e-10 
1.096725e+02 8.858418e-10 
1.101494e+02 7.257375e-10 
1.106262e+02 8.036378e-10 
1.111031e+02 7.439464e-10 
1.115799e+02 8.182765e-10 
1.120567e+02 7.862494e-10 
1.125336e+02 7.982873e-10 
1.130104e+02 8.507099e-10 
1.134872e+02 8.140228e-10 
1.139641e+02 8.045545e-10 
1.144409e+02 7.470879e-10 
1.149178e+02 7.491625e-10 
1.153946e+02 8.369822e-10 
1.158714e+02 8.399275e-10 
1.163483e+02 8.105629e-10 
1.168251e+02 7.715926e-10 
1.173019e+02 7.183466e-10 
1.177788e+02 7.680788e-10 
1.182556e+02 7.875523e-10 
1.187325e+02 7.375538e-10 
1.192093e+02 7.319808e-10 
1.196861e+02 7.810204e-10 
1.201630e+02 7.142249e-10 
1.206398e+02 7.469877e-10 
1.211166e+02 8.297584e-10 
1.215935e+02 7.665785e-10 
1.220703e+02 7.779492e-10 
1.225471e+02 8.611711e-10 
1.230240e+02 7.927644e-10 
1.235008e+02 7.579422e-10 
1.239777e+02 7.642784e-10 
1.244545e+02 7.552244e-10 
1.249313e+02 7.756093e-10 
1.254082e+02 7.613250e-10 
1.258850e+02 8.536598e-10 
1.263618e+02 7.833192e-10 
1.268387e+02 6.909604e-10 
1.273155e+02 7.603117e-10 
1.277924e+02 8.108249e-10 
1.282692e+02 7.485331e-10 
1.287460e+02 8.590632e-10 
1.292229e+02 8.723798e-10 
1.296997e+02 8.579222e-10 
1.301765e+02 7.906826e-10 
1.306534e+02 7.494220e-10 
1.311302e+02 7.196500e-10 
1.316071e+02 7.862607e-10 
1.320839e+02 8.497322e-10 
1.325607e+02 8.962352e-10 
1.330376e+02 8.393369e-10 
1.335144e+02 7.882786e-10 
1.339912e+02 7.992272e-10 
1.344681e+02 8.485166e-10 
1.349449e+02 7.965657e-10 
1.354218e+02 8.012726e-10 
1.358986e+02 7.533951e-10 
1.363754e+02 7.321306e-10 
1.368523e+02 7.097279e-10 
1.373291e+02 7.295744e-10 
1.378059e+02 8.117427e-10 
1.382828e+02 8.667430e-10 
1.387596e+02 7.529000e-10 
1.392365e+02 6.883540e-10 
1.397133e+02 7.325419e-10 
1.401901e+02 6.951952e-10 
1.406670e+02 7.841650e-10 
1.411438e+02 7.765128e-10 
1.416206e+02 7.584375e-10 
1.420975e+02 8.266986e-10 
1.425743e+02 8.004960e-10 
1.430511e+02 8.035393e-10 
1.435280e+02 7.525965e-10 
1.440048e+02 7.407193e-10 
1.444817e+02 8.433923e-10 
1.449585e+02 7.760514e-10 
1.454353e+02 7.138379e-10 
1.459122e+02 6.837103e-10 
1.463890e+02 7.110799e-10 
1.468658e+02 7.562517e-10 
1.473427e+02 7.400363e-10 
1.478195e+02 7.550169e-10 
1.482964e+02 7.120805e-10 
1.487732e+02 6.562834e-10 
1.492500e+02 7.383990e-10 
1.497269e+02 8.701357e-10 
1.502037e+02 7.768436e-10 
1.506805e+02 7.210499e-10 
1.511574e+02 7.216175e-10 
1.516342e+02 7.178763e-10 
1.521111e+02 6.719500e-10 
1.525879e+02 7.226878e-10 
1.530647e+02 7.714231e-10 
1.535416e+02 7.680883e-10 
1.540184e+02 6.768511e-10 
1.544952e+02 7.217865e-10 
1.549721e+02 7.066918e-10 
1.554489e+02 7.199654e-10 
1.559258e+02 8.180855e-10 
1.564026e+02 6.741942e-10 
1.568794e+02 6.694985e-10 
1.573563e+02 7.056175e-10 
1.578331e+02 6.895525e-10 
1.583099e+02 7.023276e-10 
1.587868e+02 7.432696e-10 
1.592636e+02 7.669623e-10 
1.597404e+02 7.546534e-10 
1.602173e+02 7.629982e-10 
1.606941e+02 7.060403e-10 
1.611710e+02 6.819132e-10 
1.616478e+02 7.275809e-10 
1.621246e+02 8.150179e-10 
1.626015e+02 7.909709e-10 
1.630783e+02 7.148334e-10 
1.635551e+02 7.813836e-10 
1.640320e+02 7.305260e-10 
1.645088e+02 7.273591e-10 
1.649857e+02 7.462414e-10 
1.654625e+02 7.214036e-10 
1.659393e+02 6.624695e-10 
1.664162e+02 7.279628e-10 
1.668930e+02 7.190068e-10 
1.673698e+02 7.092738e-10 
1.678467e+02 6.820011e-10 
1.683235e+02 7.254652e-10 
1.688004e+02 7.889512e-10 
1.692772e+02 7.672017e-10 
1.697540e+02 7.410519e-10 
1.702309e+02 6.857636e-10 
1.707077e+02 6.493032e-10 
1.711845e+02 7.016966e-10 
1.716614e+02 7.500887e-10 
1.721382e+02 7.775914e-10 
1.726151e+02 7.684421e-10 
1.730919e+02 7.232316e-10 
1.735687e+02 6.741186e-10 
1.740456e+02 6.629717e-10 
1.745224e+02 7.043022e-10 
1.749992e+02 7.064768e-10 
1.754761e+02 6.876556e-10 
1.759529e+02 7.412472e-10 
1.764297e+02 7.254039e-10 
1.769066e+02 6.486954e-10 
1.773834e+02 6.491511e-10 
1.778603e+02 7.140169e-10 
1.783371e+02 7.243666e-10 
1.788139e+02 7.456429e-10 
1.792908e+02 6.946108e-10 
1.797676e+02 6.972558e-10 
1.802444e+02 6.757133e-10 
1.807213e+02 6.715150e-10 
1.811981e+02 7.082392e-10 
1.816750e+02 6.376966e-10 
1.821518e+02 6.281680e-10 
1.826286e+02 6.318268e-10 
1.831055e+02 6.742017e-10 
1.835823e+02 6.705014e-10 
1.840591e+02 6.546665e-10 
1.845360e+02 6.295555e-10 
1.850128e+02 6.558690e-10 
1.854897e+02 6.514710e-10 
1.859665e+02 6.824725e-10 
1.864433e+02 7.734492e-10 
1.869202e+02 7.148967e-10 
1.873970e+02 7.218572e-10 
1.878738e+02 7.289857e-10 
1.883507e+02 6.889909e-10 
1.888275e+02 6.935945e-10 
1.893044e+02 6.231204e-10 
1.897812e+02 6.275617e-10 
1.902580e+02 6.721983e-10 
1.907349e+02 7.064278e-10 
1.912117e+02 6.629083e-10 
1.916885e+02 6.321586e-10 
1.921654e+02 6.357026e-10 
1.926422e+02 6.425252e-10 
1.931190e+02 7.836385e-10 
1.935959e+02 7.744183e-10 
1.940727e+02 6.733537e-10 
1.945496e+02 7.109168e-10 
1.950264e+02 7.433127e-10 
1.955032e+02 6.836524e-10 
1.959801e+02 6.893153e-10 
1.964569e+02 6.427449e-10 
1.969337e+02 6.503150e-10 
1.974106e+02 7.445521e-10 
1.978874e+02 6.851131e-10 
1.983643e+02 6.517313e-10 
1.988411e+02 7.748955e-10 
1.993179e+02 8.107108e-10 
1.997948e+02 7.080271e-10 
2.002716e+02 6.339507e-10 
2.007484e+02 6.078036e-10 
2.012253e+02 6.326757e-10 
2.017021e+02 6.904681e-10 
2.021790e+02 7.855791e-10 
2.026558e+02 7.252307e-10 
2.031326e+02 6.536129e-10 
2.036095e+02 7.031232e-10 
2.040863e+02 6.915132e-10 
2.045631e+02 6.794475e-10 
2.050400e+02 7.380131e-10 
2.055168e+02 7.595152e-10 
2.059937e+02 7.795683e-10 
2.064705e+02 7.194159e-10 
2.069473e+02 7.002446e-10 
2.074242e+02 7.829051e-10 
2.079010e+02 6.953750e-10 
2.083778e+02 6.934712e-10 
2.088547e+02 6.626491e-10 
2.093315e+02 6.488754e-10 
2.098083e+02 6.987426e-10 
2.102852e+02 6.851636e-10 
2.107620e+02 6.652907e-10 
2.112389e+02 6.569138e-10 
2.117157e+02 6.860466e-10 
2.121925e+02 6.958977e-10 
2.126694e+02 6.399586e-10 
2.131462e+02 6.045638e-10 
2.136230e+02 6.670453e-10 
2.140999e+02 7.048514e-10 
2.145767e+02 6.694030e-10 
2.150536e+02 6.029006e-10 
2.155304e+02 5.809681e-10 
2.160072e+02 6.202489e-10 
2.164841e+02 6.748138e-10 
2.169609e+02 6.290526e-10 
2.174377e+02 6.151833e-10 
2.179146e+02 7.053541e-10 
2.183914e+02 6.525629e-10 
2.188683e+02 6.349046e-10 
2.193451e+02 6.574412e-10 
2.198219e+02 7.020691e-10 
2.202988e+02 6.739240e-10 
2.207756e+02 6.459142e-10 
2.212524e+02 6.824769e-10 
2.217293e+02 6.693575e-10 
2.222061e+02 6.350051e-10 
2.226830e+02 6.306729e-10 
2.231598e+02 6.433014e-10 
2.236366e+02 6.469395e-10 
2.241135e+02 7.734553e-10 
2.245903e+02 7.378281e-10 
2.250671e+02 6.690245e-10 
2.255440e+02 6.336392e-10 
2.260208e+02 6.132482e-10 
2.264977e+02 6.208470e-10 
2.269745e+02 7.135479e-10 
2.274513e+02 6.829901e-10 
2.279282e+02 6.975325e-10 
2.284050e+02 6.871158e-10 
2.288818e+02 7.156570e-10 
2.293587e+02 6.714783e-10 
2.298355e+02 6.657333e-10 
2.303123e+02 6.481812e-10 
2.307892e+02 6.674164e-10 
2.312660e+02 6.523423e-10 
2.317429e+02 6.096558e-10 
2.322197e+02 6.412696e-10 
2.326965e+02 7.141598e-10 
2.331734e+02 6.837994e-10 
2.336502e+02 6.942985e-10 
2.341270e+02 7.131383e-10 
2.346039e+02 6.928631e-10 
2.350807e+02 5.711841e-10 
2.355576e+02 6.032350e-10 
2.360344e+02 6.633562e-10 
2.365112e+02 6.437716e-10 
2.369881e+02 6.739083e-10 
2.374649e+02 7.131328e-10 
2.379417e+02 7.210473e-10 
2.384186e+02 6.753850e-10 
2.388954e+02 6.116812e-10 
2.393723e+02 6.398982e-10 
2.398491e+02 6.834056e-10 
2.403259e+02 6.782287e-10 
2.408028e+02 6.528865e-10 
2.412796e+02 6.076990e-10 
2.417564e+02 6.639000e-10 
2.422333e+02 6.599449e-10 
2.427101e+02 6.208057e-10 
2.431870e+02 6.089204e-10 
2.436638e+02 5.899656e-10 
2.441406e+02 6.444150e-10 
2.446175e+02 6.246982e-10 
2.450943e+02 7.541978e-10 
2.455711e+02 7.225658e-10 
2.460480e+02 6.821899e-10 
2.465248e+02 6.827136e-10 
2.470016e+02 7.009128e-10 
2.474785e+02 7.076124e-10 
2.479553e+02 6.712279e-10 
2.484322e+02 6.995609e-10 
2.489090e+02 7.020099e-10 
2.493858e+02 6.581622e-10 
2.498627e+02 6.708196e-10 
2.503395e+02 6.821161e-10 
2.508163e+02 6.319644e-10 
2.512932e+02 6.362855e-10 
2.517700e+02 6.630296e-10 
2.522469e+02 6.952513e-10 
2.527237e+02 6.338789e-10 
2.532005e+02 5.800160e-10 
2.536774e+02 5.101458e-10 
2.541542e+02 5.992823e-10 
2.546310e+02 6.507342e-10 
2.551079e+02 6.668660e-10 
2.555847e+02 6.328445e-10 
2.560616e+02 6.033905e-10 
2.565384e+02 6.829860e-10 
2.570152e+02 7.457975e-10 
2.574921e+02 7.096242e-10 
2.579689e+02 7.153589e-10 
2.584457e+02 6.750622e-10 
2.589226e+02 6.615043e-10 
2.593994e+02 6.550692e-10 
2.598763e+02 6.440834e-10 
2.603531e+02 5.702000e-10 
2.608299e+02 6.560157e-10 
2.613068e+02 6.978059e-10 
2.617836e+02 7.133158e-10 
2.622604e+02 6.944322e-10 
2.627373e+02 6.856718e-10 
2.632141e+02 6.164281e-10 
2.636909e+02 6.295341e-10 
2.641678e+02 6.104983e-10 
2.646446e+02 6.136444e-10 
2.651215e+02 6.396902e-10 
2.655983e+02 6.560231e-10 
2.660751e+02 6.093277e-10 
2.665520e+02 5.692723e-10 
2.670288e+02 6.531512e-10 
2.675056e+02 6.980920e-10 
2.679825e+02 6.506112e-10 
2.684593e+02 6.165746e-10 
2.689362e+02 6.255174e-10 
2.694130e+02 6.151568e-10 
2.698898e+02 6.122859e-10 
2.703667e+02 6.205715e-10 
2.708435e+02 6.187279e-10 
2.713203e+02 6.516032e-10 
2.717972e+02 6.777509e-10 
2.722740e+02 6.889491e-10 
2.727509e+02 6.145738e-10 
2.732277e+02 5.835945e-10 
2.737045e+02 7.025672e-10 
2.741814e+02 7.009532e-10 
2.746582e+02 6.166486e-10 
2.751350e+02 6.745965e-10 
2.756119e+02 6.699836e-10 
2.760887e+02 6.024921e-10 
2.765656e+02 6.404363e-10 
2.770424e+02 6.717133e-10 
2.775192e+02 6.315735e-10 
2.779961e+02 5.891153e-10 
2.784729e+02 5.500931e-10 
2.789497e+02 5.968636e-10 
2.794266e+02 6.176280e-10 
2.799034e+02 6.115452e-10 
2.803802e+02 5.986893e-10 
2.808571e+02 5.709534e-10 
2.813339e+02 6.007640e-10 
2.818108e+02 5.854770e-10 
2.822876e+02 6.288730e-10 
2.827644e+02 5.564487e-10 
2.832413e+02 5.973664e-10 
2.837181e+02 6.088695e-10 
2.841949e+02 6.830814e-10 
2.846718e+02 6.180937e-10 
2.851486e+02 5.915332e-10 
2.856255e+02 5.886856e-10 
2.861023e+02 5.755966e-10 
2.865791e+02 6.019519e-10 
2.870560e+02 6.554816e-10 
2.875328e+02 6.514260e-10 
2.880096e+02 6.119107e-10 
2.884865e+02 5.709153e-10 
2.889633e+02 5.584028e-10 
2.894402e+02 6.305278e-10 
2.899170e+02 6.379296e-10 
2.903938e+02 6.943209e-10 
2.908707e+02 6.432545e-10 
2.913475e+02 5.539684e-10 
2.918243e+02 5.799379e-10 
2.923012e+02 6.401958e-10 
2.927780e+02 6.435903e-10 
2.932549e+02 6.311686e-10 
2.937317e+02 5.891160e-10 
2.942085e+02 6.371981e-10 
2.946854e+02 6.134368e-10 
2.951622e+02 6.184229e-10 
2.956390e+02 6.249477e-10 
2.961159e+02 6.891637e-10 
2.965927e+02 6.071182e-10 
2.970695e+02 6.059941e-10 
2.975464e+02 5.861982e-10 
2.980232e+02 5.733391e-10 
2.985001e+02 5.751524e-10 
2.989769e+02 6.336399e-10 
2.994537e+02 6.500666e-10 
2.999306e+02 6.082334e-10 
3.004074e+02 5.581200e-10 
3.008842e+02 5.890958e-10 
3.013611e+02 6.713882e-10 
3.018379e+02 5.972623e-10 
3.023148e+02 5.784330e-10 
3.027916e+02 6.143293e-10 
3.032684e+02 6.352923e-10 
3.037453e+02 6.617481e-10 
3.042221e+02 6.347253e-10 
3.046989e+02 4.935680e-10 
3.051758e+02 5.315666e-10 
3.056526e+02 5.972002e-10 
3.061295e+02 6.692073e-10 
3.066063e+02 6.361890e-10 
3.070831e+02 6.054111e-10 
3.075600e+02 6.055314e-10 
3.080368e+02 6.122445e-10 
3.085136e+02 6.675034e-10 
3.089905e+02 5.658252e-10 
3.094673e+02 5.387397e-10 
3.099442e+02 5.440528e-10 
3.104210e+02 5.328666e-10 
3.108978e+02 6.151559e-10 
3.113747e+02 6.643328e-10 
3.118515e+02 6.482908e-10 
3.123283e+02 5.837193e-10 
3.128052e+02 5.380637e-10 
3.132820e+02 5.302644e-10 
3.137589e+02 5.864379e-10 
3.142357e+02 6.315205e-10 
3.147125e+02 5.511176e-10 
3.151894e+02 5.612324e-10 
3.156662e+02 5.766512e-10 
3.161430e+02 6.008892e-10 
3.166199e+02 6.776724e-10 
3.170967e+02 6.750841e-10 
3.175735e+02 6.243282e-10 
3.180504e+02 6.460737e-10 
3.185272e+02 5.652148e-10 
3.190041e+02 5.869243e-10 
3.194809e+02 6.069103e-10 
3.199577e+02 6.382217e-10 
3.204346e+02 6.225869e-10 
3.209114e+02 6.015712e-10 
3.213882e+02 6.004777e-10 
3.218651e+02 5.696676e-10 
3.223419e+02 5.531026e-10 
3.228188e+02 6.052910e-10 
3.232956e+02 6.301919e-10 
3.237724e+02 6.115791e-10 
3.242493e+02 6.760094e-10 
3.247261e+02 5.962497e-10 
3.252029e+02 5.854819e-10 
3.256798e+02 6.291907e-10 
3.261566e+02 7.057887e-10 
3.266335e+02 6.717004e-10 
3.271103e+02 6.312172e-10 
3.275871e+02 6.718128e-10 
3.280640e+02 6.529699e-10 
3.285408e+02 5.878645e-10 
3.290176e+02 5.844473e-10 
3.294945e+02 6.193604e-10 
3.299713e+02 6.105413e-10 
3.304482e+02 6.344989e-10 
3.309250e+02 6.284967e-10 
3.314018e+02 6.435924e-10 
3.318787e+02 5.881779e-10 
3.323555e+02 6.004845e-10 
3.328323e+02 5.758621e-10 
3.333092e+02 6.436177e-10 
3.337860e+02 6.183455e-10 
3.342628e+02 6.119312e-10 
3.347397e+02 6.752834e-10 
3.352165e+02 6.360736e-10 
3.356934e+02 5.594556e-10 
3.361702e+02 6.158095e-10 
3.366470e+02 6.358941e-10 
3.371239e+02 6.732052e-10 
3.376007e+02 6.411306e-10 
3.380775e+02 5.800042e-10 
3.385544e+02 6.108517e-10 
3.390312e+02 7.010802e-10 
3.395081e+02 6.424038e-10 
3.399849e+02 5.295846e-10 
3.404617e+02 5.516999e-10 
3.409386e+02 6.121854e-10 
3.414154e+02 6.096071e-10 
3.418922e+02 5.392245e-10 
3.423691e+02 5.798181e-10 
3.428459e+02 6.599900e-10 
3.433228e+02 6.804380e-10 
3.437996e+02 6.970132e-10 
3.442764e+02 6.600055e-10 
3.447533e+02 6.115087e-10 
3.452301e+02 6.305177e-10 
3.457069e+02 5.957820e-10 
3.461838e+02 5.480422e-10 
3.466606e+02 6.389447e-10 
3.471375e+02 6.040073e-10 
3.476143e+02 5.524277e-10 
3.480911e+02 6.227707e-10 
3.485680e+02 6.230363e-10 
3.490448e+02 5.441569e-10 
3.495216e+02 5.982696e-10 
3.499985e+02 5.561525e-10 
3.504753e+02 5.669714e-10 
3.509521e+02 5.681553e-10 
3.514290e+02 5.814712e-10 
3.519058e+02 5.478769e-10 
3.523827e+02 5.613705e-10 
3.528595e+02 5.986201e-10 
3.533363e+02 5.382874e-10 
3.538132e+02 5.173334e-10 
3.542900e+02 5.565230e-10 
3.547668e+02 5.758182e-10 
3.552437e+02 5.561255e-10 
3.557205e+02 5.209517e-10 
3.561974e+02 5.850071e-10 
3.566742e+02 5.797832e-10 
3.571510e+02 5.802464e-10 
3.576279e+02 6.051444e-10 
3.581047e+02 5.709746e-10 
3.585815e+02 5.731846e-10 
3.590584e+02 6.011007e-10 
3.595352e+02 6.580963e-10 
3.600121e+02 6.523506e-10 
3.604889e+02 6.376098e-10 
3.609657e+02 5.904824e-10 
3.614426e+02 5.786868e-10 
3.619194e+02 5.860046e-10 
3.623962e+02 5.634263e-10 
3.628731e+02 5.383901e-10 
3.633499e+02 5.766078e-10 
3.638268e+02 5.988398e-10 
3.643036e+02 5.853661e-10 
3.647804e+02 6.502816e-10 
3.652573e+02 5.985193e-10 
3.657341e+02 5.728210e-10 
3.662109e+02 6.150362e-10 
3.666878e+02 6.074086e-10 
3.671646e+02 5.936313e-10 
3.676414e+02 6.380196e-10 
3.681183e+02 5.826572e-10 
3.685951e+02 5.490443e-10 
3.690720e+02 5.526801e-10 
3.695488e+02 6.122840e-10 
3.700256e+02 6.080456e-10 
3.705025e+02 5.906003e-10 
3.709793e+02 5.834876e-10 
3.714561e+02 5.587187e-10 
3.719330e+02 5.539886e-10 
3.724098e+02 5.320482e-10 
3.728867e+02 6.266443e-10 
3.733635e+02 5.720936e-10 
3.738403e+02 5.803197e-10 
3.743172e+02 5.668783e-10 
3.747940e+02 5.486144e-10 
3.752708e+02 5.459841e-10 
3.757477e+02 5.954509e-10 
3.762245e+02 6.348273e-10 
3.767014e+02 5.494750e-10 
3.771782e+02 5.633784e-10 
3.776550e+02 6.927983e-10 
3.781319e+02 6.109409e-10 
3.786087e+02 5.523952e-10 
3.790855e+02 5.838577e-10 
3.795624e+02 5.821729e-10 
3.800392e+02 6.257244e-10 
3.805161e+02 6.412601e-10 
3.809929e+02 6.084058e-10 
3.814697e+02 6.363743e-10 
3.819466e+02 6.413415e-10 
3.824234e+02 6.035313e-10 
3.829002e+02 5.966122e-10 
3.833771e+02 6.469365e-10 
3.838539e+02 6.272424e-10 
3.843307e+02 5.791329e-10 
3.848076e+02 5.435175e-10 
3.852844e+02 5.809822e-10 
3.857613e+02 5.903744e-10 
3.862381e+02 5.685910e-10 
3.867149e+02 6.139481e-10 
3.871918e+02 6.148925e-10 
3.876686e+02 5.380320e-10 
3.881454e+02 5.701589e-10 
3.886223e+02 5.878279e-10 
3.890991e+02 6.371470e-10 
3.895760e+02 5.882060e-10 
3.900528e+02 5.902622e-10 
3.905296e+02 5.440491e-10 
3.910065e+02 5.766460e-10 
3.914833e+02 6.818201e-10 
3.919601e+02 6.285023e-10 
3.924370e+02 6.859647e-10 
3.929138e+02 6.317631e-10 
3.933907e+02 5.489100e-10 
3.938675e+02 5.956573e-10 
3.943443e+02 5.536456e-10 
3.948212e+02 5.197675e-10 
3.952980e+02 5.733627e-10 
3.957748e+02 5.763752e-10 
3.962517e+02 6.285167e-10 
3.967285e+02 6.392189e-10 
3.972054e+02 6.168967e-10 
3.976822e+02 6.366659e-10 
3.981590e+02 6.352214e-10 
3.986359e+02 6.355515e-10 
3.991127e+02 5.783372e-10 
3.995895e+02 5.546373e-10 
4.000664e+02 6.459603e-10 
4.005432e+02 6.042975e-10 
4.010201e+02 5.627746e-10 
4.014969e+02 5.632474e-10 
4.019737e+02 6.124591e-10 
4.024506e+02 5.149133e-10 
4.029274e+02 5.680735e-10 
4.034042e+02 5.482226e-10 
4.038811e+02 5.903717e-10 
4.043579e+02 6.434583e-10 
4.048347e+02 5.718515e-10 
4.053116e+02 5.675860e-10 
4.057884e+02 5.686328e-10 
4.062653e+02 5.396896e-10 
4.067421e+02 5.385693e-10 
4.072189e+02 5.657773e-10 
4.076958e+02 5.649741e-10 
4.081726e+02 6.316245e-10 
4.086494e+02 5.915421e-10 
4.091263e+02 5.703498e-10 
4.096031e+02 6.227309e-10 
4.100800e+02 5.620478e-10 
4.105568e+02 6.062560e-10 
4.110336e+02 6.067766e-10 
4.115105e+02 5.489215e-10 
4.119873e+02 5.699779e-10 
4.124641e+02 6.225834e-10 
4.129410e+02 5.580832e-10 
4.134178e+02 5.154143e-10 
4.138947e+02 5.984073e-10 
4.143715e+02 6.206940e-10 
4.148483e+02 5.859557e-10 
4.153252e+02 5.449781e-10 
4.158020e+02 6.110725e-10 
4.162788e+02 6.579731e-10 
4.167557e+02 5.320996e-10 
4.172325e+02 5.710935e-10 
4.177094e+02 5.921190e-10 
4.181862e+02 6.038968e-10 
4.186630e+02 5.522270e-10 
4.191399e+02 5.609992e-10 
4.196167e+02 5.700555e-10 
4.200935e+02 5.854281e-10 
4.205704e+02 6.054642e-10 
4.210472e+02 6.198042e-10 
4.215240e+02 5.567215e-10 
4.220009e+02 5.611044e-10 
4.224777e+02 5.088893e-10 
4.229546e+02 5.507831e-10 
4.234314e+02 5.035076e-10 
4.239082e+02 5.168612e-10 
4.243851e+02 5.584876e-10 
4.248619e+02 5.281665e-10 
4.253387e+02 4.729476e-10 
4.258156e+02 5.839900e-10 
4.262924e+02 5.757558e-10 
4.267693e+02 5.281527e-10 
4.272461e+02 5.648627e-10 
4.277229e+02 5.774619e-10 
4.281998e+02 5.992877e-10 
4.286766e+02 6.196928e-10 
4.291534e+02 5.642169e-10 
4.296303e+02 6.260286e-10 
4.301071e+02 5.634197e-10 
4.305840e+02 5.927894e-10 
4.310608e+02 5.854104e-10 
4.315376e+02 6.433610e-10 
4.320145e+02 5.783250e-10 
4.324913e+02 5.464000e-10 
4.329681e+02 5.827501e-10 
4.334450e+02 5.700631e-10 
4.339218e+02 5.733401e-10 
4.343987e+02 5.696243e-10 
4.348755e+02 6.148593e-10 
4.353523e+02 6.071492e-10 
4.358292e+02 5.565066e-10 
4.363060e+02 5.522582e-10 
4.367828e+02 5.567850e-10 
4.372597e+02 5.863203e-10 
4.377365e+02 5.797877e-10 
4.382133e+02 6.070941e-10 
4.386902e+02 5.581180e-10 
4.391670e+02 4.821409e-10 
4.396439e+02 5.057276e-10 
4.401207e+02 5.508165e-10 
4.405975e+02 6.046094e-10 
4.410744e+02 6.322058e-10 
4.415512e+02 5.906662e-10 
4.420280e+02 5.665071e-10 
4.425049e+02 4.938663e-10 
4.429817e+02 5.400702e-10 
4.434586e+02 5.912375e-10 
4.439354e+02 5.717730e-10 
4.444122e+02 5.885481e-10 
4.448891e+02 5.511411e-10 
4.453659e+02 6.272109e-10 
4.458427e+02 5.564768e-10 
4.463196e+02 5.513643e-10 
4.467964e+02 5.731517e-10 
4.472733e+02 6.668991e-10 
4.477501e+02 5.595849e-10 
4.482269e+02 5.753123e-10 
4.487038e+02 5.804817e-10 
4.491806e+02 5.603221e-10 
4.496574e+02 5.670231e-10 
4.501343e+02 6.091989e-10 
4.506111e+02 6.588488e-10 
4.510880e+02 6.734400e-10 
4.515648e+02 5.836107e-10 
4.520416e+02 5.899624e-10 
4.525185e+02 5.258530e-10 
4.529953e+02 5.909328e-10 
4.534721e+02 6.163659e-10 
4.539490e+02 5.852172e-10 
4.544258e+02 5.381551e-10 
4.549026e+02 5.628682e-10 
4.553795e+02 6.164640e-10 
4.558563e+02 5.322418e-10 
4.563332e+02 5.880568e-10 
4.568100e+02 5.437168e-10 
4.572868e+02 5.496438e-10 
4.577637e+02 5.642377e-10 
4.582405e+02 5.576801e-10 
4.587173e+02 4.904676e-10 
4.591942e+02 5.662444e-10 
4.596710e+02 6.033209e-10 
4.601479e+02 6.471978e-10 
4.606247e+02 5.683989e-10 
4.611015e+02 5.740822e-10 
4.615784e+02 5.561657e-10 
4.620552e+02 5.773563e-10 
4.625320e+02 5.995720e-10 
4.630089e+02 5.329781e-10 
4.634857e+02 5.113651e-10 
4.639626e+02 5.019475e-10 
4.644394e+02 5.418954e-10 
4.649162e+02 5.382470e-10 
4.653931e+02 5.749620e-10 
4.658699e+02 5.607797e-10 
4.663467e+02 5.985982e-10 
4.668236e+02 5.452132e-10 
4.673004e+02 5.488211e-10 
4.677773e+02 6.123343e-10 
4.682541e+02 5.701009e-10 
4.687309e+02 5.421238e-10 
4.692078e+02 5.490249e-10 
4.696846e+02 5.337033e-10 
4.701614e+02 5.218108e-10 
4.706383e+02 5.520209e-10 
4.711151e+02 5.693154e-10 
4.715919e+02 4.918009e-10 
4.720688e+02 5.359937e-10 
4.725456e+02 5.567600e-10 
4.730225e+02 5.350650e-10 
4.734993e+02 5.625825e-10 
4.739761e+02 5.686368e-10 
4.744530e+02 5.712777e-10 
4.749298e+02 5.686193e-10 
4.754066e+02 5.803742e-10 
4.758835e+02 5.350697e-10 
4.763603e+02 5.432259e-10 
4.768372e+02 5.476633e-10 
4.773140e+02 5.998146e-10 
4.777908e+02 5.616903e-10 
4.782677e+02 5.523834e-10 
4.787445e+02 5.338916e-10 
4.792213e+02 5.664303e-10 
4.796982e+02 5.531649e-10 
4.801750e+02 5.651100e-10 
4.806519e+02 5.652379e-10 
4.811287e+02 5.663383e-10 
4.816055e+02 5.872764e-10 
4.820824e+02 5.593307e-10 
4.825592e+02 5.692139e-10 
4.830360e+02 5.743378e-10 
4.835129e+02 5.737514e-10 
4.839897e+02 5.341036e-10 
4.844666e+02 5.644360e-10 
4.849434e+02 5.877455e-10 
4.854202e+02 5.098487e-10 
4.858971e+02 5.135277e-10 
4.863739e+02 5.728417e-10 
4.868507e+02 5.682000e-10 
4.873276e+02 5.482012e-10 
4.878044e+02 5.420739e-10 
4.882813e+02 5.212060e-10 
4.887581e+02 5.557639e-10 
4.892349e+02 5.261711e-10 
4.897118e+02 5.204801e-10 
4.901886e+02 5.370065e-10 
4.906654e+02 4.766434e-10 
4.911423e+02 5.523417e-10 
4.916191e+02 5.793834e-10 
4.920959e+02 5.678991e-10 
4.925728e+02 5.566218e-10 
4.930496e+02 5.073210e-10 
4.935265e+02 5.807143e-10 
4.940033e+02 5.939627e-10 
4.944801e+02 6.093396e-10 
4.949570e+02 5.854979e-10 
4.954338e+02 5.442637e-10 
4.959106e+02 5.132809e-10 
4.963875e+02 5.620694e-10 
4.968643e+02 5.461136e-10 
4.973412e+02 5.841026e-10 
4.978180e+02 6.223294e-10 
4.982948e+02 5.871481e-10 
4.987717e+02 5.419844e-10 
4.992485e+02 5.789435e-10 
4.997253e+02 5.831956e-10 
5.002022e+02 5.924061e-10 
5.006790e+02 5.843875e-10 
5.011559e+02 5.232361e-10 
5.016327e+02 5.103870e-10 
5.021095e+02 5.114059e-10 
5.025864e+02 5.252703e-10 
5.030632e+02 4.645178e-10 
5.035400e+02 5.602130e-10 
5.040169e+02 5.904575e-10 
5.044937e+02 5.413126e-10 
5.049706e+02 5.115440e-10 
5.054474e+02 5.205965e-10 
5.059242e+02 5.589584e-10 
5.064011e+02 5.199877e-10 
5.068779e+02 5.358491e-10 
5.073547e+02 5.576985e-10 
5.078316e+02 5.869314e-10 
5.083084e+02 5.397594e-10 
5.087852e+02 5.030291e-10 
5.092621e+02 4.917999e-10 
5.097389e+02 5.078107e-10 
5.102158e+02 5.146802e-10 
5.106926e+02 5.171338e-10 
5.111694e+02 5.731306e-10 
5.116463e+02 5.801288e-10 
5.121231e+02 5.209376e-10 
5.125999e+02 5.539263e-10 
5.130768e+02 5.777079e-10 
5.135536e+02 5.480652e-10 
5.140305e+02 5.900208e-10 
5.145073e+02 5.971340e-10 
5.149841e+02 6.409377e-10 
5.154610e+02 5.922387e-10 
5.159378e+02 6.178377e-10 
5.164146e+02 5.426958e-10 
5.168915e+02 5.541538e-10 
5.173683e+02 5.709600e-10 
5.178452e+02 5.498777e-10 
5.183220e+02 5.865518e-10 
5.187988e+02 5.501102e-10 
5.192757e+02 5.630362e-10 
5.197525e+02 5.817685e-10 
5.202293e+02 6.095465e-10 
5.207062e+02 6.502203e-10 
5.211830e+02 5.522685e-10 
5.216599e+02 5.746159e-10 
5.221367e+02 6.325533e-10 
5.226135e+02 5.162983e-10 
5.230904e+02 5.066282e-10 
5.235672e+02 5.257535e-10 
5.240440e+02 5.642411e-10 
5.245209e+02 5.431555e-10 
5.249977e+02 5.551521e-10 
5.254745e+02 6.096234e-10 
5.259514e+02 5.550884e-10 
5.264282e+02 6.047088e-10 
5.269051e+02 6.493931e-10 
5.273819e+02 6.233819e-10 
5.278587e+02 5.939509e-10 
5.283356e+02 5.427740e-10 
5.288124e+02 5.372017e-10 
5.292892e+02 5.068443e-10 
5.297661e+02 5.100910e-10 
5.302429e+02 5.122385e-10 
5.307198e+02 5.242673e-10 
5.311966e+02 5.554804e-10 
5.316734e+02 5.260696e-10 
5.321503e+02 5.010416e-10 
5.326271e+02 5.185435e-10 
5.331039e+02 5.460866e-10 
5.335808e+02 5.087073e-10 
5.340576e+02 5.294711e-10 
5.345345e+02 5.027316e-10 
5.350113e+02 5.370953e-10 
5.354881e+02 6.204456e-10 
5.359650e+02 5.575033e-10 
5.364418e+02 5.193948e-10 
5.369186e+02 5.817118e-10 
5.373955e+02 6.215457e-10 
5.378723e+02 4.627651e-10 
5.383492e+02 4.775325e-10 
5.388260e+02 4.955784e-10 
5.393028e+02 5.758649e-10 
5.397797e+02 5.784787e-10 
5.402565e+02 5.285475e-10 
5.407333e+02 5.599021e-10 
5.412102e+02 5.644925e-10 
5.416870e+02 5.586472e-10 
5.421638e+02 5.252189e-10 
5.426407e+02 5.528572e-10 
5.431175e+02 5.647455e-10 
5.435944e+02 6.183515e-10 
5.440712e+02 5.532602e-10 
5.445480e+02 5.315455e-10 
5.450249e+02 5.425756e-10 
5.455017e+02 5.089747e-10 
5.459785e+02 5.308754e-10 
5.464554e+02 5.407283e-10 
5.469322e+02 4.985929e-10 
5.474091e+02 5.520631e-10 
5.478859e+02 5.600001e-10 
5.483627e+02 5.953251e-10 
5.488396e+02 5.729727e-10 
5.493164e+02 5.538951e-10 
5.497932e+02 5.426306e-10 
5.502701e+02 5.393017e-10 
5.507469e+02 5.383962e-10 
5.512238e+02 5.255874e-10 
5.517006e+02 4.796309e-10 
5.521774e+02 5.516028e-10 
5.526543e+02 5.294265e-10 
5.531311e+02 5.203842e-10 
5.536079e+02 5.245793e-10 
5.540848e+02 5.342053e-10 
5.545616e+02 5.756116e-10 
5.550385e+02 5.737171e-10 
5.555153e+02 5.333157e-10 
5.559921e+02 5.330686e-10 
5.564690e+02 5.040338e-10 
5.569458e+02 5.509513e-10 
5.574226e+02 5.708475e-10 
5.578995e+02 5.426228e-10 
5.583763e+02 4.958863e-10 
5.588531e+02 4.776112e-10 
5.593300e+02 5.135453e-10 
5.598068e+02 5.626015e-10 
5.602837e+02 5.733494e-10 
5.607605e+02 5.291739e-10 
5.612373e+02 5.242889e-10 
5.617142e+02 5.385950e-10 
5.621910e+02 5.558553e-10 
5.626678e+02 5.649239e-10 
5.631447e+02 5.390871e-10 
5.636215e+02 5.875862e-10 
5.640984e+02 5.293571e-10 
5.645752e+02 5.098501e-10 
5.650520e+02 5.658745e-10 
5.655289e+02 5.505318e-10 
5.660057e+02 5.170573e-10 
5.664825e+02 5.465842e-10 
5.669594e+02 5.539967e-10 
5.674362e+02 5.476832e-10 
5.679131e+02 5.480867e-10 
5.683899e+02 5.389774e-10 
5.688667e+02 5.417913e-10 
5.693436e+02 5.555825e-10 
5.698204e+02 5.250710e-10 
5.702972e+02 5.363284e-10 
5.707741e+02 5.966892e-10 
5.712509e+02 5.787737e-10 
5.717278e+02 5.412980e-10 
5.722046e+02 5.311802e-10 
5.726814e+02 5.357942e-10 
5.731583e+02 5.114744e-10 
5.736351e+02 5.302754e-10 
5.741119e+02 4.896730e-10 
5.745888e+02 5.054706e-10 
5.750656e+02 4.505448e-10 
5.755424e+02 4.675329e-10 
5.760193e+02 5.278582e-10 
5.764961e+02 5.445512e-10 
5.769730e+02 4.864815e-10 
5.774498e+02 4.246938e-10 
5.779266e+02 5.105782e-10 
5.784035e+02 5.134246e-10 
5.788803e+02 5.506433e-10 
5.793571e+02 5.593481e-10 
5.798340e+02 5.155926e-10 
5.803108e+02 5.001617e-10 
5.807877e+02 5.332432e-10 
5.812645e+02 5.684382e-10 
5.817413e+02 5.487612e-10 
5.822182e+02 5.429506e-10 
5.826950e+02 5.424596e-10 
5.831718e+02 5.584305e-10 
5.836487e+02 5.899000e-10 
5.841255e+02 5.008840e-10 
5.846024e+02 5.232507e-10 
5.850792e+02 6.108740e-10 
5.855560e+02 5.682224e-10 
5.860329e+02 5.442107e-10 
5.865097e+02 5.111887e-10 
5.869865e+02 5.316216e-10 
5.874634e+02 5.782420e-10 
5.879402e+02 5.744852e-10 
5.884171e+02 5.339079e-10 
5.888939e+02 5.536165e-10 
5.893707e+02 5.966554e-10 
5.898476e+02 5.652259e-10 
5.903244e+02 5.352602e-10 
5.908012e+02 5.333211e-10 
5.912781e+02 5.354221e-10 
5.917549e+02 5.091816e-10 
5.922318e+02 4.849852e-10 
5.927086e+02 5.218516e-10 
5.931854e+02 4.911532e-10 
5.936623e+02 5.266801e-10 
5.941391e+02 4.846064e-10 
5.946159e+02 5.017913e-10 
5.950928e+02 5.130653e-10 
5.955696e+02 5.234116e-10 
5.960464e+02 5.543087e-10 
5.965233e+02 5.292066e-10 
5.970001e+02 4.816487e-10 
5.974770e+02 4.900756e-10 
5.979538e+02 5.282442e-10 
5.984306e+02 5.324202e-10 
5.989075e+02 5.236242e-10 
5.993843e+02 4.993615e-10 
5.998611e+02 4.905985e-10 
6.003380e+02 4.639306e-10 
6.008148e+02 4.905861e-10 
6.012917e+02 5.329347e-10 
6.017685e+02 5.542360e-10 
6.022453e+02 5.671519e-10 
6.027222e+02 4.655360e-10 
6.031990e+02 4.971524e-10 
6.036758e+02 5.266608e-10 
6.041527e+02 6.191458e-10 
6.046295e+02 5.797215e-10 
6.051064e+02 4.769041e-10 
6.055832e+02 4.591232e-10 
6.060600e+02 5.444472e-10 
6.065369e+02 5.490233e-10 
6.070137e+02 5.133349e-10 
6.074905e+02 4.521067e-10 
6.079674e+02 4.383531e-10 
6.084442e+02 4.574528e-10 
6.089211e+02 5.157596e-10 
6.093979e+02 5.093331e-10 
6.098747e+02 4.942282e-10 
6.103516e+02 4.548294e-10 
6.108284e+02 4.858665e-10 
6.113052e+02 5.411653e-10 
6.117821e+02 5.428340e-10 
6.122589e+02 5.518450e-10 
6.127357e+02 5.533227e-10 
6.132126e+02 5.554450e-10 
6.136894e+02 5.195138e-10 
6.141663e+02 4.679370e-10 
6.146431e+02 5.088417e-10 
6.151199e+02 5.176211e-10 
6.155968e+02 4.944380e-10 
6.160736e+02 5.119995e-10 
6.165504e+02 4.870905e-10 
6.170273e+02 5.726608e-10 
6.175041e+02 5.155759e-10 
6.179810e+02 5.289356e-10 
6.184578e+02 5.741098e-10 
6.189346e+02 5.626243e-10 
6.194115e+02 4.856122e-10 
6.198883e+02 5.149399e-10 
6.203651e+02 5.297608e-10 
6.208420e+02 4.498494e-10 
6.213188e+02 4.794200e-10 
6.217957e+02 5.445024e-10 
6.222725e+02 5.144455e-10 
6.227493e+02 5.046382e-10 
6.232262e+02 5.297393e-10 
6.237030e+02 5.123879e-10 
6.241798e+02 5.593387e-10 
6.246567e+02 5.454357e-10 
6.251335e+02 4.745784e-10 
6.256104e+02 4.561684e-10 
6.260872e+02 5.001295e-10 
6.265640e+02 4.934060e-10 
6.270409e+02 4.917718e-10 
6.275177e+02 5.564421e-10 
6.279945e+02 5.882652e-10 
6.284714e+02 5.710304e-10 
6.289482e+02 5.508529e-10 
6.294250e+02 6.062830e-10 
6.299019e+02 5.727072e-10 
6.303787e+02 5.424699e-10 
6.308556e+02 5.043112e-10 
6.313324e+02 5.278633e-10 
6.318092e+02 5.051114e-10 
6.322861e+02 5.414067e-10 
6.327629e+02 5.102518e-10 
6.332397e+02 4.940214e-10 
6.337166e+02 5.524181e-10 
6.341934e+02 5.458281e-10 
6.346703e+02 5.213095e-10 
6.351471e+02 5.707569e-10 
6.356239e+02 5.250890e-10 
6.361008e+02 5.323201e-10 
6.365776e+02 5.271834e-10 
6.370544e+02 4.916357e-10 
6.375313e+02 4.653955e-10 
6.380081e+02 4.830269e-10 
6.384850e+02 5.113681e-10 
6.389618e+02 4.774177e-10 
6.394386e+02 4.518319e-10 
6.399155e+02 5.639863e-10 
6.403923e+02 5.120393e-10 
6.408691e+02 5.313424e-10 
6.413460e+02 4.998503e-10 
6.418228e+02 4.716926e-10 
6.422997e+02 5.110610e-10 
6.427765e+02 5.245342e-10 
6.432533e+02 5.693253e-10 
6.437302e+02 5.785075e-10 
6.442070e+02 5.641650e-10 
6.446838e+02 5.821746e-10 
6.451607e+02 5.666860e-10 
6.456375e+02 5.340552e-10 
6.461143e+02 4.360624e-10 
6.465912e+02 5.077820e-10 
6.470680e+02 4.966392e-10 
6.475449e+02 5.006040e-10 
6.480217e+02 5.287175e-10 
6.484985e+02 4.973900e-10 
6.489754e+02 4.446040e-10 
6.494522e+02 5.182155e-10 
6.499290e+02 5.028623e-10 
6.504059e+02 4.732152e-10 
6.508827e+02 5.116510e-10 
6.513596e+02 4.767052e-10 
6.518364e+02 5.087866e-10 
6.523132e+02 5.363851e-10 
6.527901e+02 4.859714e-10 
6.532669e+02 5.101962e-10 
6.537437e+02 5.390041e-10 
6.542206e+02 4.990967e-10 
6.546974e+02 4.826567e-10 
6.551743e+02 4.853857e-10 
6.556511e+02 5.733282e-10 
6.561279e+02 5.591962e-10 
6.566048e+02 5.179369e-10 
6.570816e+02 4.935350e-10 
6.575584e+02 5.416467e-10 
6.580353e+02 5.146222e-10 
6.585121e+02 5.195394e-10 
6.589890e+02 4.851342e-10 
6.594658e+02 4.919677e-10 
6.599426e+02 5.251513e-10 
6.604195e+02 5.353059e-10 
6.608963e+02 4.791023e-10 
6.613731e+02 4.743326e-10 
6.618500e+02 4.839962e-10 
6.623268e+02 4.975361e-10 
6.628036e+02 5.121907e-10 
6.632805e+02 5.281197e-10 
6.637573e+02 5.228562e-10 
6.642342e+02 5.013279e-10 
6.647110e+02 4.989980e-10 
6.651878e+02 4.835038e-10 
6.656647e+02 4.575809e-10 
6.661415e+02 4.639762e-10 
6.666183e+02 4.907789e-10 
6.670952e+02 5.492961e-10 
6.675720e+02 5.210704e-10 
6.680489e+02 5.347141e-10 
6.685257e+02 5.259391e-10 
6.690025e+02 5.210685e-10 
6.694794e+02 4.846723e-10 
6.699562e+02 5.273365e-10 
6.704330e+02 5.162253e-10 
6.709099e+02 4.658032e-10 
6.713867e+02 5.162061e-10 
6.718636e+02 5.070626e-10 
6.723404e+02 4.904235e-10 
6.728172e+02 5.258187e-10 
6.732941e+02 4.956401e-10 
6.737709e+02 4.551894e-10 
6.742477e+02 5.031867e-10 
6.747246e+02 4.736171e-10 
6.752014e+02 5.058307e-10 
6.756783e+02 4.755424e-10 
6.761551e+02 5.078080e-10 
6.766319e+02 5.038298e-10 
6.771088e+02 4.503869e-10 
6.775856e+02 4.699810e-10 
6.780624e+02 5.361859e-10 
6.785393e+02 5.322670e-10 
6.790161e+02 5.229508e-10 
6.794930e+02 5.267938e-10 
6.799698e+02 5.274865e-10 
6.804466e+02 5.413753e-10 
6.809235e+02 4.946394e-10 
6.814003e+02 4.445469e-10 
6.818771e+02 4.981106e-10 
6.823540e+02 5.059126e-10 
6.828308e+02 5.540412e-10 
6.833076e+02 5.614814e-10 
6.837845e+02 5.379136e-10 
6.842613e+02 4.768293e-10 
6.847382e+02 5.083505e-10 
6.852150e+02 5.503727e-10 
6.856918e+02 4.727446e-10 
6.861687e+02 4.643296e-10 
6.866455e+02 4.741874e-10 
6.871223e+02 4.860526e-10 
6.875992e+02 4.929035e-10 
6.880760e+02 4.800207e-10 
6.885529e+02 4.813901e-10 
6.890297e+02 5.691873e-10 
6.895065e+02 5.353365e-10 
6.899834e+02 5.577275e-10 
6.904602e+02 5.637292e-10 
6.909370e+02 5.260616e-10 
6.914139e+02 4.907659e-10 
6.918907e+02 4.727648e-10 
6.923676e+02 4.433405e-10 
6.928444e+02 4.594541e-10 
6.933212e+02 4.634320e-10 
6.937981e+02 4.472646e-10 
6.942749e+02 4.958713e-10 
6.947517e+02 4.980281e-10 
6.952286e+02 4.803205e-10 
6.957054e+02 4.527632e-10 
6.961823e+02 4.129733e-10 
6.966591e+02 4.586803e-10 
6.971359e+02 4.785401e-10 
6.976128e+02 5.376381e-10 
6.980896e+02 4.834000e-10 
6.985664e+02 4.750532e-10 
6.990433e+02 5.250707e-10 
6.995201e+02 5.515444e-10 
6.999969e+02 5.513557e-10 
7.004738e+02 5.694445e-10 
7.009506e+02 5.204121e-10 
7.014275e+02 5.325820e-10 
7.019043e+02 4.928965e-10 
7.023811e+02 5.463070e-10 
7.028580e+02 5.705495e-10 
7.033348e+02 5.453569e-10 
7.038116e+02 4.813730e-10 
7.042885e+02 4.897157e-10 
7.047653e+02 5.079142e-10 
7.052422e+02 4.743716e-10 
7.057190e+02 5.202662e-10 
7.061958e+02 5.591024e-10 
7.066727e+02 5.599002e-10 
7.071495e+02 4.918879e-10 
7.076263e+02 4.492407e-10 
7.081032e+02 4.709024e-10 
7.085800e+02 4.818922e-10 
7.090569e+02 4.499892e-10 
7.095337e+02 4.273889e-10 
7.100105e+02 5.225912e-10 
7.104874e+02 5.383203e-10 
7.109642e+02 4.877869e-10 
7.114410e+02 4.901611e-10 
7.119179e+02 4.899852e-10 
7.123947e+02 4.819154e-10 
7.128716e+02 4.564112e-10 
7.133484e+02 4.790565e-10 
7.138252e+02 4.550962e-10 
7.143021e+02 4.588364e-10 
7.147789e+02 4.387397e-10 
7.152557e+02 4.664689e-10 
7.157326e+02 4.739729e-10 
7.162094e+02 5.023267e-10 
7.166862e+02 4.973161e-10 
7.171631e+02 4.858490e-10 
7.176399e+02 5.079084e-10 
7.181168e+02 5.462969e-10 
7.185936e+02 5.289545e-10 
7.190704e+02 4.872021e-10 
7.195473e+02 4.912081e-10 
7.200241e+02 5.042075e-10 
7.205009e+02 5.266192e-10 
7.209778e+02 5.069359e-10 
7.214546e+02 5.158725e-10 
7.219315e+02 4.687788e-10 
7.224083e+02 4.285951e-10 
7.228851e+02 4.727380e-10 
7.233620e+02 4.967801e-10 
7.238388e+02 4.773160e-10 
7.243156e+02 5.204538e-10 
7.247925e+02 5.140049e-10 
7.252693e+02 5.270809e-10 
7.257462e+02 4.611630e-10 
7.262230e+02 4.795607e-10 
7.266998e+02 5.032469e-10 
7.271767e+02 4.686049e-10 
7.276535e+02 4.904582e-10 
7.281303e+02 4.230773e-10 
7.286072e+02 4.538754e-10 
7.290840e+02 5.001752e-10 
7.295609e+02 4.852307e-10 
7.300377e+02 5.297987e-10 
7.305145e+02 5.229597e-10 
7.309914e+02 4.865151e-10 
7.314682e+02 4.977420e-10 
7.319450e+02 4.538189e-10 
7.324219e+02 4.664669e-10 
7.328987e+02 4.655664e-10 
7.333755e+02 4.849504e-10 
7.338524e+02 5.141664e-10 
7.343292e+02 4.926025e-10 
7.348061e+02 4.539493e-10 
7.352829e+02 4.601315e-10 
7.357597e+02 4.671474e-10 
7.362366e+02 4.768693e-10 
7.367134e+02 4.534817e-10 
7.371902e+02 4.569910e-10 
7.376671e+02 4.614610e-10 
7.381439e+02 5.028539e-10 
7.386208e+02 5.158091e-10 
7.390976e+02 4.453417e-10 
7.395744e+02 4.524115e-10 
7.400513e+02 4.751639e-10 
7.405281e+02 5.126127e-10 
7.410049e+02 4.883173e-10 
7.414818e+02 4.898825e-10 
7.419586e+02 4.797946e-10 
7.424355e+02 4.630827e-10 
7.429123e+02 5.287788e-10 
7.433891e+02 5.535418e-10 
7.438660e+02 5.087705e-10 
7.443428e+02 5.105182e-10 
7.448196e+02 4.570511e-10 
7.452965e+02 4.689622e-10 
7.457733e+02 4.231454e-10 
7.462502e+02 4.089246e-10 
7.467270e+02 4.467253e-10 
7.472038e+02 4.832273e-10 
7.476807e+02 4.825934e-10 
7.481575e+02 5.188743e-10 
7.486343e+02 4.947377e-10 
7.491112e+02 4.584763e-10 
7.495880e+02 5.058763e-10 
7.500648e+02 5.347926e-10 
7.505417e+02 4.821774e-10 
7.510185e+02 4.752129e-10 
7.514954e+02 5.197543e-10 
7.519722e+02 5.317636e-10 
7.524490e+02 4.897125e-10 
7.529259e+02 4.813231e-10 
7.534027e+02 4.844609e-10 
7.538795e+02 4.756844e-10 
7.543564e+02 4.634472e-10 
7.548332e+02 4.402039e-10 
7.553101e+02 4.306757e-10 
7.557869e+02 4.549848e-10 
7.562637e+02 5.019478e-10 
7.567406e+02 5.296109e-10 
7.572174e+02 5.174945e-10 
7.576942e+02 5.104846e-10 
7.581711e+02 5.003617e-10 
7.586479e+02 4.844199e-10 
7.591248e+02 4.779640e-10 
7.596016e+02 4.924882e-10 
7.600784e+02 5.238414e-10 
7.605553e+02 5.508030e-10 
7.610321e+02 4.865535e-10 
7.615089e+02 4.954310e-10 
7.619858e+02 5.124082e-10 
7.624626e+02 4.725877e-10 
7.629395e+02 4.902720e-10 
7.634163e+02 4.897171e-10 
7.638931e+02 4.377999e-10 
7.643700e+02 4.619082e-10 
7.648468e+02 4.476184e-10 
7.653236e+02 4.896284e-10 
7.658005e+02 4.680762e-10 
7.662773e+02 4.902111e-10 
7.667542e+02 5.070990e-10 
7.672310e+02 4.503142e-10 
7.677078e+02 4.120663e-10 
7.681847e+02 4.971848e-10 
7.686615e+02 5.209338e-10 
7.691383e+02 4.846819e-10 
7.696152e+02 5.064332e-10 
7.700920e+02 5.080449e-10 
7.705688e+02 4.773080e-10 
7.710457e+02 4.339737e-10 
7.715225e+02 4.009227e-10 
7.719994e+02 4.784026e-10 
7.724762e+02 4.800913e-10 
7.729530e+02 4.272740e-10 
7.734299e+02 4.659923e-10 
7.739067e+02 4.994596e-10 
7.743835e+02 4.784233e-10 
7.748604e+02 5.528729e-10 
7.753372e+02 5.177119e-10 
7.758141e+02 4.958494e-10 
7.762909e+02 5.360484e-10 
7.767677e+02 4.951168e-10 
7.772446e+02 4.919851e-10 
7.777214e+02 5.131438e-10 
7.781982e+02 5.245927e-10 
7.786751e+02 5.161638e-10 
7.791519e+02 4.648992e-10 
7.796288e+02 4.620976e-10 
7.801056e+02 5.074946e-10 
7.805824e+02 5.447293e-10 
7.810593e+02 4.775106e-10 
7.815361e+02 4.955562e-10 
7.820129e+02 4.869638e-10 
7.824898e+02 5.084850e-10 
7.829666e+02 4.937545e-10 
7.834435e+02 4.563415e-10 
7.839203e+02 4.430991e-10 
7.843971e+02 5.048179e-10 
7.848740e+02 5.019084e-10 
7.853508e+02 4.673226e-10 
7.858276e+02 5.053146e-10 
7.863045e+02 5.075458e-10 
7.867813e+02 4.953582e-10 
7.872581e+02 4.460785e-10 
7.877350e+02 4.815889e-10 
7.882118e+02 5.244931e-10 
7.886887e+02 5.091287e-10 
7.891655e+02 5.420635e-10 
7.896423e+02 5.043264e-10 
7.901192e+02 4.414252e-10 
7.905960e+02 4.583759e-10 
7.910728e+02 4.730563e-10 
7.915497e+02 4.239514e-10 
7.920265e+02 4.735871e-10 
7.925034e+02 4.734556e-10 
7.929802e+02 4.903922e-10 
7.934570e+02 4.700391e-10 
7.939339e+02 4.636311e-10 
7.944107e+02 4.647157e-10 
7.948875e+02 4.537700e-10 
7.953644e+02 4.904019e-10 
7.958412e+02 4.722868e-10 
7.963181e+02 4.932302e-10 
7.967949e+02 4.420078e-10 
7.972717e+02 4.633452e-10 
7.977486e+02 4.691897e-10 
7.982254e+02 4.606144e-10 
7.987022e+02 5.129182e-10 
7.991791e+02 4.593876e-10 
7.996559e+02 4.857357e-10 
8.001328e+02 4.700860e-10 
8.006096e+02 5.230727e-10 
8.010864e+02 5.172168e-10 
8.015633e+02 4.301364e-10 
8.020401e+02 4.802772e-10 
8.025169e+02 4.674124e-10 
8.029938e+02 4.548184e-10 
8.034706e+02 4.760120e-10 
8.039474e+02 4.704961e-10 
8.044243e+02 3.933022e-10 
8.049011e+02 4.691656e-10 
8.053780e+02 4.952097e-10 
8.058548e+02 5.102926e-10 
8.063316e+02 4.836256e-10 
8.068085e+02 4.933267e-10 
8.072853e+02 5.223072e-10 
8.077621e+02 4.908459e-10 
8.082390e+02 4.692107e-10 
8.087158e+02 4.573718e-10 
8.091927e+02 4.801810e-10 
8.096695e+02 5.308888e-10 
8.101463e+02 5.031922e-10 
8.106232e+02 4.754521e-10 
8.111000e+02 5.037202e-10 
8.115768e+02 5.231995e-10 
8.120537e+02 4.867438e-10 
8.125305e+02 4.743122e-10 
8.130074e+02 4.995226e-10 
8.134842e+02 4.545979e-10 
8.139610e+02 4.341908e-10 
8.144379e+02 4.419058e-10 
8.149147e+02 4.511339e-10 
8.153915e+02 4.535165e-10 
8.158684e+02 4.871157e-10 
8.163452e+02 4.676078e-10 
8.168221e+02 4.919625e-10 
8.172989e+02 5.016191e-10 
8.177757e+02 4.646487e-10 
8.182526e+02 4.830203e-10 
8.187294e+02 4.791130e-10 
8.192062e+02 4.314628e-10 
8.196831e+02 4.851313e-10 
8.201599e+02 4.787598e-10 
8.206367e+02 4.833200e-10 
8.211136e+02 4.406797e-10 
8.215904e+02 5.217490e-10 
8.220673e+02 4.568948e-10 
8.225441e+02 4.318496e-10 
8.230209e+02 4.511611e-10 
8.234978e+02 4.448422e-10 
8.239746e+02 4.818894e-10 
8.244514e+02 5.260191e-10 
8.249283e+02 4.478448e-10 
8.254051e+02 4.562217e-10 
8.258820e+02 4.780182e-10 
8.263588e+02 5.295246e-10 
8.268356e+02 4.853912e-10 
8.273125e+02 4.496248e-10 
8.277893e+02 4.373736e-10 
8.282661e+02 4.790970e-10 
8.287430e+02 4.337379e-10 
8.292198e+02 4.812458e-10 
8.296967e+02 4.787001e-10 
8.301735e+02 4.785037e-10 
8.306503e+02 4.614041e-10 
8.311272e+02 4.993676e-10 
8.316040e+02 4.891534e-10 
8.320808e+02 4.892605e-10 
8.325577e+02 4.702898e-10 
8.330345e+02 5.174548e-10 
8.335114e+02 4.954992e-10 
8.339882e+02 4.549023e-10 
8.344650e+02 4.279455e-10 
8.349419e+02 4.316022e-10 
8.354187e+02 5.171147e-10 
8.358955e+02 5.296745e-10 
8.363724e+02 4.524544e-10 
8.368492e+02 4.777633e-10 
8.373260e+02 4.963705e-10 
8.378029e+02 4.946497e-10 
8.382797e+02 4.853555e-10 
8.387566e+02 4.429757e-10 
8.392334e+02 4.305987e-10 
8.397102e+02 4.229179e-10 
8.401871e+02 4.723111e-10 
8.406639e+02 4.647599e-10 
8.411407e+02 4.422165e-10 
8.416176e+02 4.271480e-10 
8.420944e+02 4.414077e-10 
8.425713e+02 4.203288e-10 
8.430481e+02 4.642438e-10 
8.435249e+02 4.520347e-10 
8.440018e+02 4.697790e-10 
8.444786e+02 4.127834e-10 
8.449554e+02 4.166372e-10 
8.454323e+02 4.196219e-10 
8.459091e+02 4.065574e-10 
8.463860e+02 3.917977e-10 
8.468628e+02 4.210629e-10 
8.473396e+02 4.614827e-10 
8.478165e+02 4.596064e-10 
8.482933e+02 4.247134e-10 
8.487701e+02 4.707972e-10 
8.492470e+02 4.675444e-10 
8.497238e+02 4.263330e-10 
8.502007e+02 4.521664e-10 
8.506775e+02 4.680293e-10 
8.511543e+02 4.605123e-10 
8.516312e+02 4.129193e-10 
8.521080e+02 4.080639e-10 
8.525848e+02 4.180402e-10 
8.530617e+02 4.289318e-10 
8.535385e+02 4.493186e-10 
8.540154e+02 4.694088e-10 
8.544922e+02 4.524327e-10 
8.549690e+02 4.563711e-10 
8.554459e+02 4.497297e-10 
8.559227e+02 4.357411e-10 
8.563995e+02 4.765508e-10 
8.568764e+02 4.547361e-10 
8.573532e+02 4.047826e-10 
8.578300e+02 4.369478e-10 
8.583069e+02 3.990634e-10 
8.587837e+02 4.289093e-10 
8.592606e+02 4.317212e-10 
8.597374e+02 4.378627e-10 
8.602142e+02 4.576707e-10 
8.606911e+02 5.091914e-10 
8.611679e+02 4.361330e-10 
8.616447e+02 4.303779e-10 
8.621216e+02 4.870289e-10 
8.625984e+02 4.651743e-10 
8.630753e+02 4.446680e-10 
8.635521e+02 4.981588e-10 
8.640289e+02 4.576344e-10 
8.645058e+02 5.062308e-10 
8.649826e+02 4.729858e-10 
8.654594e+02 4.808536e-10 
8.659363e+02 4.579402e-10 
8.664131e+02 4.445569e-10 
8.668900e+02 4.548151e-10 
8.673668e+02 4.837327e-10 
8.678436e+02 4.656405e-10 
8.683205e+02 4.477828e-10 
8.687973e+02 4.442898e-10 
8.692741e+02 4.348695e-10 
8.697510e+02 4.428770e-10 
8.702278e+02 4.330684e-10 
8.707047e+02 4.380740e-10 
8.711815e+02 4.461471e-10 
8.716583e+02 4.138100e-10 
8.721352e+02 4.516164e-10 
8.726120e+02 4.637490e-10 
8.730888e+02 4.642206e-10 
8.735657e+02 5.097743e-10 
8.740425e+02 4.861998e-10 
8.745193e+02 4.485772e-10 
8.749962e+02 4.421434e-10 
8.754730e+02 4.679813e-10 
8.759499e+02 4.856880e-10 
8.764267e+02 4.442340e-10 
8.769035e+02 4.500837e-10 
8.773804e+02 4.158492e-10 
8.778572e+02 4.447569e-10 
8.783340e+02 4.114700e-10 
8.788109e+02 4.489792e-10 
8.792877e+02 4.603732e-10 
8.797646e+02 4.105501e-10 
8.802414e+02 3.824095e-10 
8.807182e+02 4.187548e-10 
8.811951e+02 4.975590e-10 
8.816719e+02 4.787644e-10 
8.821487e+02 4.737872e-10 
8.826256e+02 4.516088e-10 
8.831024e+02 4.347396e-10 
8.835793e+02 4.636907e-10 
8.840561e+02 4.280993e-10 
8.845329e+02 4.175552e-10 
8.850098e+02 4.568979e-10 
8.854866e+02 5.006843e-10 
8.859634e+02 4.792196e-10 
8.864403e+02 4.623196e-10 
8.869171e+02 4.621087e-10 
8.873940e+02 4.304489e-10 
8.878708e+02 4.466752e-10 
8.883476e+02 5.003931e-10 
8.888245e+02 5.055623e-10 
8.893013e+02 4.607832e-10 
8.897781e+02 4.470085e-10 
8.902550e+02 4.568741e-10 
8.907318e+02 4.364258e-10 
8.912086e+02 3.929147e-10 
8.916855e+02 4.053788e-10 
8.921623e+02 4.120658e-10 
8.926392e+02 4.425107e-10 
8.931160e+02 5.223180e-10 
8.935928e+02 5.031624e-10 
8.940697e+02 4.484904e-10 
8.945465e+02 5.135643e-10 
8.950233e+02 4.755574e-10 
8.955002e+02 4.386073e-10 
8.959770e+02 4.021288e-10 
8.964539e+02 4.330488e-10 
8.969307e+02 4.329926e-10 
8.974075e+02 4.363678e-10 
8.978844e+02 4.574081e-10 
8.983612e+02 4.116794e-10 
8.988380e+02 4.094858e-10 
8.993149e+02 4.460851e-10 
8.997917e+02 4.401175e-10 
9.002686e+02 4.389121e-10 
9.007454e+02 4.131595e-10 
9.012222e+02 4.076432e-10 
9.016991e+02 4.025381e-10 
9.021759e+02 4.410882e-10 
9.026527e+02 4.370061e-10 
9.031296e+02 4.048280e-10 
9.036064e+02 3.873529e-10 
9.040833e+02 3.855354e-10 
9.045601e+02 4.597686e-10 
9.050369e+02 4.573974e-10 
9.055138e+02 4.430884e-10 
9.059906e+02 4.077809e-10 
9.064674e+02 4.623717e-10 
9.069443e+02 4.758053e-10 
9.074211e+02 4.864538e-10 
9.078979e+02 4.721881e-10 
9.083748e+02 4.447785e-10 
9.088516e+02 4.481552e-10 
9.093285e+02 4.574132e-10 
9.098053e+02 4.515459e-10 
9.102821e+02 4.486438e-10 
9.107590e+02 4.075321e-10 
9.112358e+02 4.533509e-10 
9.117126e+02 4.661992e-10 
9.121895e+02 4.455498e-10 
9.126663e+02 4.513130e-10 
9.131432e+02 3.929398e-10 
9.136200e+02 4.639834e-10 
9.140968e+02 4.643383e-10 
9.145737e+02 4.500313e-10 
9.150505e+02 5.342893e-10 
9.155273e+02 5.020915e-10 
9.160042e+02 4.709846e-10 
9.164810e+02 4.557417e-10 
9.169579e+02 4.621930e-10 
9.174347e+02 4.609570e-10 
9.179115e+02 4.251156e-10 
9.183884e+02 4.522580e-10 
9.188652e+02 4.637772e-10 
9.193420e+02 4.560946e-10 
9.198189e+02 4.305306e-10 
9.202957e+02 4.271165e-10 
9.207726e+02 4.813560e-10 
9.212494e+02 4.547989e-10 
9.217262e+02 4.169629e-10 
9.222031e+02 4.572878e-10 
9.226799e+02 4.534080e-10 
9.231567e+02 4.046220e-10 
9.236336e+02 4.398710e-10 
9.241104e+02 4.775045e-10 
9.245872e+02 4.421651e-10 
9.250641e+02 4.284242e-10 
9.255409e+02 4.613445e-10 
9.260178e+02 4.585023e-10 
9.264946e+02 4.801986e-10 
9.269714e+02 4.760885e-10 
9.274483e+02 4.421395e-10 
9.279251e+02 4.765300e-10 
9.284019e+02 5.122010e-10 
9.288788e+02 4.615513e-10 
9.293556e+02 4.339729e-10 
9.298325e+02 4.374494e-10 
9.303093e+02 4.291653e-10 
9.307861e+02 4.206167e-10 
9.312630e+02 4.624769e-10 
9.317398e+02 4.463326e-10 
9.322166e+02 4.186991e-10 
9.326935e+02 4.072659e-10 
9.331703e+02 3.756604e-10 
9.336472e+02 4.048177e-10 
9.341240e+02 4.479077e-10 
9.346008e+02 4.689685e-10 
9.350777e+02 4.767078e-10 
9.355545e+02 4.681676e-10 
9.360313e+02 4.556190e-10 
9.365082e+02 4.426920e-10 
9.369850e+02 4.249077e-10 
9.374619e+02 4.296735e-10 
9.379387e+02 4.459610e-10 
9.384155e+02 4.646246e-10 
9.388924e+02 4.741226e-10 
9.393692e+02 4.422150e-10 
9.398460e+02 4.149744e-10 
9.403229e+02 3.875337e-10 
9.407997e+02 4.236584e-10 
9.412766e+02 5.078856e-10 
9.417534e+02 4.982607e-10 
9.422302e+02 4.513347e-10 
9.427071e+02 4.350101e-10 
9.431839e+02 4.053213e-10 
9.436607e+02 4.112954e-10 
9.441376e+02 4.511954e-10 
9.446144e+02 4.591528e-10 
9.450912e+02 4.550337e-10 
9.455681e+02 3.870600e-10 
9.460449e+02 3.908528e-10 
9.465218e+02 4.194498e-10 
9.469986e+02 4.682155e-10 
9.474754e+02 5.088156e-10 
9.479523e+02 4.418068e-10 
9.484291e+02 4.556977e-10 
9.489059e+02 4.234497e-10 
9.493828e+02 4.668670e-10 
9.498596e+02 4.853619e-10 
9.503365e+02 4.127582e-10 
9.508133e+02 3.946950e-10 
9.512901e+02 4.542124e-10 
9.517670e+02 4.314845e-10 
9.522438e+02 3.973758e-10 
9.527206e+02 3.901506e-10 
9.531975e+02 4.139453e-10 
9.536743e+02 4.292761e-10 
9.541512e+02 4.196334e-10 
9.546280e+02 4.122898e-10 
9.551048e+02 4.343002e-10 
9.555817e+02 4.076634e-10 
9.560585e+02 4.439619e-10 
9.565353e+02 4.197152e-10 
9.570122e+02 4.091890e-10 
9.574890e+02 4.162469e-10 
9.579659e+02 4.053314e-10 
9.584427e+02 4.353324e-10 
9.589195e+02 4.405724e-10 
9.593964e+02 4.258844e-10 
9.598732e+02 4.118004e-10 
9.603500e+02 4.191958e-10 
9.608269e+02 4.537753e-10 
9.613037e+02 4.686667e-10 
9.617805e+02 4.705064e-10 
9.622574e+02 4.208273e-10 
9.627342e+02 4.145951e-10 
9.632111e+02 4.006138e-10 
9.636879e+02 3.879112e-10 
9.641647e+02 4.216018e-10 
9.646416e+02 3.775661e-10 
9.651184e+02 4.119779e-10 
9.655952e+02 4.268288e-10 
9.660721e+02 4.170752e-10 
9.665489e+02 4.095080e-10 
9.670258e+02 4.142258e-10 
9.675026e+02 4.482437e-10 
9.679794e+02 4.187098e-10 
9.684563e+02 4.403302e-10 
9.689331e+02 4.593200e-10 
9.694099e+02 4.888252e-10 
9.698868e+02 4.472951e-10 
9.703636e+02 4.613774e-10 
9.708405e+02 4.563146e-10 
9.713173e+02 4.188938e-10 
9.717941e+02 3.950403e-10 
9.722710e+02 4.384678e-10 
9.727478e+02 4.144258e-10 
9.732246e+02 3.759393e-10 
9.737015e+02 4.105173e-10 
9.741783e+02 4.078936e-10 
9.746552e+02 4.136224e-10 
9.751320e+02 4.516487e-10 
9.756088e+02 4.873483e-10 
9.760857e+02 4.957732e-10 
9.765625e+02 4.665642e-10 
9.770393e+02 4.721055e-10 
9.775162e+02 4.481138e-10 
9.779930e+02 4.412562e-10 
9.784698e+02 4.196115e-10 
9.789467e+02 3.915528e-10 
9.794235e+02 4.176217e-10 
9.799004e+02 4.322835e-10 
9.803772e+02 4.460006e-10 
9.808540e+02 4.307056e-10 
9.813309e+02 4.299799e-10 
9.818077e+02 4.633882e-10 
9.822845e+02 4.772203e-10 
9.827614e+02 4.086298e-10 
9.832382e+02 4.399467e-10 
9.837151e+02 4.306907e-10 
9.841919e+02 4.248982e-10 
9.846687e+02 4.251662e-10 
9.851456e+02 4.212147e-10 
9.856224e+02 4.453342e-10 
9.860992e+02 4.498548e-10 
9.865761e+02 4.045752e-10 
9.870529e+02 4.187933e-10 
9.875298e+02 4.559146e-10 
9.880066e+02 4.396154e-10 
9.884834e+02 3.975683e-10 
9.889603e+02 4.112134e-10 
9.894371e+02 4.184624e-10 
9.899139e+02 4.350963e-10 
9.903908e+02 4.278050e-10 
9.908676e+02 4.026484e-10 
9.913445e+02 3.910870e-10 
9.918213e+02 3.976999e-10 
9.922981e+02 4.233906e-10 
9.927750e+02 4.084597e-10 
9.932518e+02 4.387427e-10 
9.937286e+02 4.521715e-10 
9.942055e+02 3.746661e-10 
9.946823e+02 3.819781e-10 
9.951591e+02 4.282277e-10 
9.956360e+02 4.347099e-10 
9.961128e+02 4.129285e-10 
9.965897e+02 4.002450e-10 
9.970665e+02 4.426137e-10 
9.975433e+02 4.325297e-10 
9.980202e+02 4.336598e-10 
9.984970e+02 4.324680e-10 
9.989738e+02 4.182678e-10 
9.994507e+02 4.683275e-10 
9.999275e+02 4.804191e-10 
1.000404e+03 4.063074e-10 
1.000881e+03 4.614975e-10 
1.001358e+03 4.465002e-10 
1.001835e+03 4.470789e-10 
1.002312e+03 4.092381e-10 
1.002789e+03 3.931500e-10 
1.003265e+03 4.283349e-10 
1.003742e+03 4.304511e-10 
1.004219e+03 4.658495e-10 
1.004696e+03 4.344403e-10 
1.005173e+03 3.790680e-10 
1.005650e+03 4.160533e-10 
1.006126e+03 4.105671e-10 
1.006603e+03 4.323643e-10 
1.007080e+03 4.033993e-10 
1.007557e+03 4.245938e-10 
1.008034e+03 4.472289e-10 
1.008511e+03 4.542231e-10 
1.008987e+03 4.415002e-10 
1.009464e+03 4.302186e-10 
1.009941e+03 4.310265e-10 
1.010418e+03 4.338017e-10 
1.010895e+03 4.195936e-10 
1.011372e+03 4.278512e-10 
1.011848e+03 4.184458e-10 
1.012325e+03 4.136716e-10 
1.012802e+03 4.158649e-10 
1.013279e+03 4.164285e-10 
1.013756e+03 4.992630e-10 
1.014233e+03 4.560173e-10 
1.014709e+03 4.455013e-10 
1.015186e+03 4.486031e-10 
1.015663e+03 3.934167e-10 
1.016140e+03 4.472432e-10 
1.016617e+03 4.468661e-10 
1.017094e+03 4.287447e-10 
1.017570e+03 4.166913e-10 
1.018047e+03 4.339764e-10 
1.018524e+03 3.928477e-10 
1.019001e+03 3.959205e-10 
1.019478e+03 4.317035e-10 
1.019955e+03 4.188612e-10 
1.020432e+03 4.257688e-10 
1.020908e+03 4.381337e-10 
1.021385e+03 4.350882e-10 
1.021862e+03 4.100184e-10 
1.022339e+03 4.635916e-10 
1.022816e+03 4.073057e-10 
1.023293e+03 3.651539e-10 
1.023769e+03 3.994080e-10 
1.024246e+03 5.003439e-10 
1.024723e+03 5.124010e-10 
1.025200e+03 4.603426e-10 
1.025677e+03 4.293276e-10 
1.026154e+03 4.415096e-10 
1.026630e+03 4.695442e-10 
1.027107e+03 4.380059e-10 
1.027584e+03 4.197092e-10 
1.028061e+03 3.848970e-10 
1.028538e+03 3.911818e-10 
1.029015e+03 4.181856e-10 
1.029491e+03 4.431017e-10 
1.029968e+03 4.324399e-10 
1.030445e+03 4.549217e-10 
1.030922e+03 4.453423e-10 
1.031399e+03 4.757403e-10 
1.031876e+03 4.256542e-10 
1.032352e+03 3.801772e-10 
1.032829e+03 4.021250e-10 
1.033306e+03 4.309966e-10 
1.033783e+03 4.189140e-10 
1.034260e+03 4.198704e-10 
1.034737e+03 4.521143e-10 
1.035213e+03 4.280109e-10 
1.035690e+03 4.220896e-10 
1.036167e+03 4.224998e-10 
1.036644e+03 4.256979e-10 
1.037121e+03 4.213342e-10 
1.037598e+03 3.848143e-10 
1.038074e+03 4.148020e-10 
1.038551e+03 4.360605e-10 
1.039028e+03 4.616841e-10 
1.039505e+03 4.382923e-10 
1.039982e+03 4.047607e-10 
1.040459e+03 3.896647e-10 
1.040936e+03 3.835351e-10 
1.041412e+03 4.175502e-10 
1.041889e+03 4.326168e-10 
1.042366e+03 4.396700e-10 
1.042843e+03 4.253056e-10 
1.043320e+03 4.487625e-10 
1.043797e+03 3.979743e-10 
1.044273e+03 4.058094e-10 
1.044750e+03 4.153695e-10 
1.045227e+03 4.052514e-10 
1.045704e+03 4.254818e-10 
1.046181e+03 3.970120e-10 
1.046658e+03 3.572974e-10 
1.047134e+03 4.111230e-10 
1.047611e+03 3.997135e-10 
1.048088e+03 4.104310e-10 
1.048565e+03 3.822206e-10 
1.049042e+03 4.157065e-10 
1.049519e+03 4.300541e-10 
1.049995e+03 3.642083e-10 
1.050472e+03 3.920404e-10 
1.050949e+03 4.610384e-10 
1.051426e+03 3.939757e-10 
1.051903e+03 3.924456e-10 
1.052380e+03 4.317591e-10 
1.052856e+03 4.110963e-10 
1.053333e+03 3.746201e-10 
1.053810e+03 3.974233e-10 
1.054287e+03 4.015776e-10 
1.054764e+03 4.064628e-10 
1.055241e+03 4.250815e-10 
1.055717e+03 4.335216e-10 
1.056194e+03 4.379417e-10 
1.056671e+03 4.419465e-10 
1.057148e+03 4.104191e-10 
1.057625e+03 4.344162e-10 
1.058102e+03 4.345965e-10 
1.058578e+03 4.394285e-10 
1.059055e+03 4.180344e-10 
1.059532e+03 3.697394e-10 
1.060009e+03 3.683532e-10 
1.060486e+03 3.755163e-10 
1.060963e+03 3.870454e-10 
1.061440e+03 3.672208e-10 
1.061916e+03 3.758358e-10 
1.062393e+03 3.728386e-10 
1.062870e+03 4.030033e-10 
1.063347e+03 4.159531e-10 
1.063824e+03 4.224552e-10 
1.064301e+03 4.308487e-10 
1.064777e+03 4.426806e-10 
1.065254e+03 4.120279e-10 
1.065731e+03 4.204929e-10 
1.066208e+03 4.252044e-10 
1.066685e+03 4.434920e-10 
1.067162e+03 4.666001e-10 
1.067638e+03 3.999985e-10 
1.068115e+03 3.919184e-10 
1.068592e+03 4.110377e-10 
1.069069e+03 4.081308e-10 
1.069546e+03 3.743014e-10 
1.070023e+03 4.125929e-10 
1.070499e+03 4.559247e-10 
1.070976e+03 4.356153e-10 
1.071453e+03 3.929275e-10 
1.071930e+03 4.039551e-10 
1.072407e+03 4.028538e-10 
1.072884e+03 4.449968e-10 
1.073360e+03 4.032356e-10 
1.073837e+03 3.643004e-10 
1.074314e+03 3.746233e-10 
1.074791e+03 3.770421e-10 
1.075268e+03 3.546290e-10 
1.075745e+03 3.760167e-10 
1.076221e+03 3.642620e-10 
1.076698e+03 4.050315e-10 
1.077175e+03 3.941959e-10 
1.077652e+03 3.877570e-10 
1.078129e+03 3.787660e-10 
1.078606e+03 4.254554e-10 
1.079082e+03 4.316389e-10 
1.079559e+03 4.265426e-10 
1.080036e+03 4.440856e-10 
1.080513e+03 4.289939e-10 
1.080990e+03 3.920464e-10 
1.081467e+03 3.837707e-10 
1.081944e+03 4.342432e-10 
1.082420e+03 4.418809e-10 
1.082897e+03 4.394186e-10 
1.083374e+03 4.360901e-10 
1.083851e+03 4.302312e-10 
1.084328e+03 4.277042e-10 
1.084805e+03 4.272138e-10 
1.085281e+03 3.857609e-10 
1.085758e+03 3.797442e-10 
1.086235e+03 3.627350e-10 
1.086712e+03 4.303658e-10 
1.087189e+03 3.822711e-10 
1.087666e+03 4.135191e-10 
1.088142e+03 4.067392e-10 
1.088619e+03 4.371255e-10 
1.089096e+03 3.951371e-10 
1.089573e+03 3.692866e-10 
1.090050e+03 4.171753e-10 
1.090527e+03 4.425301e-10 
1.091003e+03 3.848734e-10 
1.091480e+03 3.906907e-10 
1.091957e+03 3.638519e-10 
1.092434e+03 3.899064e-10 
1.092911e+03 3.601923e-10 
1.093388e+03 4.097688e-10 
1.093864e+03 4.168736e-10 
1.094341e+03 3.919541e-10 
1.094818e+03 4.182709e-10 
1.095295e+03 4.189368e-10 
1.095772e+03 4.329857e-10 
1.096249e+03 4.149566e-10 
1.096725e+03 4.124868e-10 
1.097202e+03 4.353264e-10 
1.097679e+03 4.316014e-10 
1.098156e+03 4.333774e-10 
1.098633e+03 3.861915e-10 
1.099110e+03 4.369070e-10 
1.099586e+03 4.546980e-10 
1.100063e+03 4.395702e-10 
1.100540e+03 4.105476e-10 
1.101017e+03 4.150906e-10 
1.101494e+03 4.140434e-10 
1.101971e+03 4.034525e-10 
1.102448e+03 4.279611e-10 
1.102924e+03 4.602782e-10 
1.103401e+03 4.236615e-10 
1.103878e+03 4.289299e-10 
1.104355e+03 4.582328e-10 
1.104832e+03 4.178988e-10 
1.105309e+03 4.353990e-10 
1.105785e+03 4.120637e-10 
1.106262e+03 4.289750e-10 
1.106739e+03 3.991014e-10 
1.107216e+03 4.051775e-10 
1.107693e+03 4.387622e-10 
1.108170e+03 4.358825e-10 
1.108646e+03 4.072688e-10 
1.109123e+03 4.166780e-10 
1.109600e+03 4.044843e-10 
1.110077e+03 4.285391e-10 
1.110554e+03 4.070797e-10 
1.111031e+03 3.770120e-10 
1.111507e+03 3.943817e-10 
1.111984e+03 3.857071e-10 
1.112461e+03 3.904609e-10 
1.112938e+03 3.900343e-10 
1.113415e+03 4.224190e-10 
1.113892e+03 4.271574e-10 
1.114368e+03 4.174837e-10 
1.114845e+03 3.940443e-10 
1.115322e+03 3.811929e-10 
1.115799e+03 4.191740e-10 
1.116276e+03 4.347642e-10 
1.116753e+03 4.115888e-10 
1.117229e+03 3.818595e-10 
1.117706e+03 4.042851e-10 
1.118183e+03 3.907181e-10 
1.118660e+03 3.489916e-10 
1.119137e+03 3.994829e-10 
1.119614e+03 4.227245e-10 
1.120090e+03 3.863991e-10 
1.120567e+03 3.843935e-10 
1.121044e+03 3.786490e-10 
1.121521e+03 4.005227e-10 
1.121998e+03 3.891852e-10 
1.122475e+03 4.042586e-10 
1.122952e+03 4.140263e-10 
1.123428e+03 4.224941e-10 
1.123905e+03 3.601634e-10 
1.124382e+03 3.914864e-10 
1.124859e+03 4.238355e-10 
1.125336e+03 3.833457e-10 
1.125813e+03 3.689978e-10 
1.126289e+03 3.618527e-10 
1.126766e+03 3.541432e-10 
1.127243e+03 3.954992e-10 
1.127720e+03 4.242431e-10 
1.128197e+03 4.021922e-10 
1.128674e+03 3.696754e-10 
1.129150e+03 4.005842e-10 
1.129627e+03 4.361414e-10 
1.130104e+03 4.341550e-10 
1.130581e+03 4.457830e-10 
1.131058e+03 3.998255e-10 
1.131535e+03 3.975271e-10 
1.132011e+03 4.332572e-10 
1.132488e+03 4.596931e-10 
1.132965e+03 4.188969e-10 
1.133442e+03 3.520463e-10 
1.133919e+03 3.103079e-10 
1.134396e+03 3.596713e-10 
1.134872e+03 3.723382e-10 
1.135349e+03 4.102328e-10 
1.135826e+03 4.348313e-10 
1.136303e+03 3.903431e-10 
1.136780e+03 3.786430e-10 
1.137257e+03 3.688603e-10 
1.137733e+03 3.724810e-10 
1.138210e+03 4.115542e-10 
1.138687e+03 4.091425e-10 
1.139164e+03 3.858038e-10 
1.139641e+03 3.575878e-10 
1.140118e+03 3.627711e-10 
1.140594e+03 3.672318e-10 
1.141071e+03 4.058022e-10 
1.141548e+03 3.593986e-10 
1.142025e+03 3.589101e-10 
1.142502e+03 3.713979e-10 
1.142979e+03 4.152572e-10 
1.143456e+03 3.861408e-10 
1.143932e+03 3.520201e-10 
1.144409e+03 3.190452e-10 
1.144886e+03 3.606336e-10 
1.145363e+03 3.958896e-10 
1.145840e+03 4.200404e-10 
1.146317e+03 4.051302e-10 
1.146793e+03 3.674894e-10 
1.147270e+03 3.902327e-10 
1.147747e+03 3.966340e-10 
1.148224e+03 3.925453e-10 
1.148701e+03 4.357886e-10 
1.149178e+03 4.111778e-10 
1.149654e+03 3.808226e-10 
1.150131e+03 3.822946e-10 
1.150608e+03 3.759473e-10 
1.151085e+03 4.019449e-10 
1.151562e+03 4.133057e-10 
1.152039e+03 4.064179e-10 
1.152515e+03 3.861606e-10 
1.152992e+03 4.001787e-10 
1.153469e+03 3.719224e-10 
1.153946e+03 4.045220e-10 
1.154423e+03 4.056618e-10 
1.154900e+03 3.939947e-10 
1.155376e+03 3.795674e-10 
1.155853e+03 4.023486e-10 
1.156330e+03 3.890027e-10 
1.156807e+03 3.846078e-10 
1.157284e+03 3.917691e-10 
1.157761e+03 4.110698e-10 
1.158237e+03 3.807528e-10 
1.158714e+03 4.024929e-10 
1.159191e+03 4.454005e-10 
1.159668e+03 4.089686e-10 
1.160145e+03 3.871840e-10 
1.160622e+03 3.842684e-10 
1.161098e+03 3.663845e-10 
1.161575e+03 3.679191e-10 
1.162052e+03 3.904389e-10 
1.162529e+03 3.763223e-10 
1.163006e+03 4.245738e-10 
1.163483e+03 4.193440e-10 
1.163960e+03 3.989806e-10 
1.164436e+03 3.788007e-10 
1.164913e+03 3.993895e-10 
1.165390e+03 4.004679e-10 
1.165867e+03 4.046203e-10 
1.166344e+03 3.688766e-10 
1.166821e+03 3.624591e-10 
1.167297e+03 3.958551e-10 
1.167774e+03 4.042024e-10 
1.168251e+03 4.136445e-10 
1.168728e+03 4.206794e-10 
1.169205e+03 3.872154e-10 
1.169682e+03 3.726169e-10 
1.170158e+03 3.757338e-10 
1.170635e+03 3.757760e-10 
1.171112e+03 3.706566e-10 
1.171589e+03 4.110917e-10 
1.172066e+03 4.139678e-10 
1.172543e+03 4.161271e-10 
1.173019e+03 4.143018e-10 
1.173496e+03 4.049534e-10 
1.173973e+03 4.418007e-10 
1.174450e+03 4.475246e-10 
1.174927e+03 4.283526e-10 
1.175404e+03 4.313589e-10 
1.175880e+03 3.963684e-10 
1.176357e+03 3.506421e-10 
1.176834e+03 3.668698e-10 
1.177311e+03 3.967598e-10 
1.177788e+03 3.961776e-10 
1.178265e+03 3.970819e-10 
1.178741e+03 3.584338e-10 
1.179218e+03 3.768002e-10 
1.179695e+03 4.220210e-10 
1.180172e+03 4.420532e-10 
1.180649e+03 3.963592e-10 
1.181126e+03 3.793764e-10 
1.181602e+03 4.055207e-10 
1.182079e+03 3.626144e-10 
1.182556e+03 4.151191e-10 
1.183033e+03 4.196368e-10 
1.183510e+03 3.548206e-10 
1.183987e+03 3.939702e-10 
1.184464e+03 4.282605e-10 
1.184940e+03 3.887017e-10 
1.185417e+03 3.890888e-10 
1.185894e+03 4.442271e-10 
1.186371e+03 4.036869e-10 
1.186848e+03 4.365915e-10 
1.187325e+03 3.843430e-10 
1.187801e+03 3.710557e-10 
1.188278e+03 3.628504e-10 
1.188755e+03 3.580340e-10 
1.189232e+03 3.610995e-10 
1.189709e+03 4.050138e-10 
1.190186e+03 4.258424e-10 
1.190662e+03 4.320787e-10 
1.191139e+03 4.104524e-10 
1.191616e+03 4.009035e-10 
1.192093e+03 3.974596e-10 
1.192570e+03 4.164567e-10 
1.193047e+03 3.987948e-10 
1.193523e+03 3.983794e-10 
1.194000e+03 3.500904e-10 
1.194477e+03 3.786110e-10 
1.194954e+03 3.690549e-10 
1.195431e+03 3.518805e-10 
1.195908e+03 3.502700e-10 
1.196384e+03 3.860785e-10 
1.196861e+03 3.870607e-10 
1.197338e+03 3.541694e-10 
1.197815e+03 3.399901e-10 
1.198292e+03 3.874147e-10 
1.198769e+03 4.283607e-10 
1.199245e+03 3.933215e-10 
1.199722e+03 3.873856e-10 
1.200199e+03 4.006266e-10 
1.200676e+03 3.930626e-10 
1.201153e+03 3.728445e-10 
1.201630e+03 4.029389e-10 
1.202106e+03 4.051807e-10 
1.202583e+03 4.055145e-10 
1.203060e+03 3.826586e-10 
1.203537e+03 3.781797e-10 
1.204014e+03 3.720847e-10 
1.204491e+03 3.824051e-10 
1.204967e+03 4.065002e-10 
1.205444e+03 4.116003e-10 
1.205921e+03 3.948242e-10 
1.206398e+03 3.714247e-10 
1.206875e+03 3.784435e-10 
1.207352e+03 3.646930e-10 
1.207829e+03 3.452249e-10 
1.208305e+03 3.903397e-10 
1.208782e+03 4.362613e-10 
1.209259e+03 4.335563e-10 
1.209736e+03 4.088516e-10 
1.210213e+03 4.002784e-10 
1.210690e+03 4.209197e-10 
1.211166e+03 3.824499e-10 
1.211643e+03 3.530644e-10 
1.212120e+03 3.642921e-10 
1.212597e+03 3.643321e-10 
1.213074e+03 3.445962e-10 
1.213551e+03 3.413102e-10 
1.214027e+03 4.154874e-10 
1.214504e+03 4.117083e-10 
1.214981e+03 3.993056e-10 
1.215458e+03 3.763902e-10 
1.215935e+03 4.160611e-10 
1.216412e+03 4.068140e-10 
1.216888e+03 3.718185e-10 
1.217365e+03 3.821763e-10 
1.217842e+03 3.899657e-10 
1.218319e+03 4.054701e-10 
1.218796e+03 3.744293e-10 
1.219273e+03 3.742916e-10 
1.219749e+03 4.002910e-10 
1.220226e+03 3.668552e-10 
1.220703e+03 3.774355e-10 
1.221180e+03 4.318012e-10 
1.221657e+03 4.297617e-10 
1.222134e+03 4.227371e-10 
1.222610e+03 3.809759e-10 
1.223087e+03 3.328945e-10 
1.223564e+03 3.588890e-10 
1.224041e+03 3.981086e-10 
1.224518e+03 3.848284e-10 
1.224995e+03 4.079260e-10 
1.225471e+03 3.844618e-10 
1.225948e+03 3.997276e-10 
1.226425e+03 3.999223e-10 
1.226902e+03 3.837792e-10 
1.227379e+03 3.721438e-10 
1.227856e+03 3.615539e-10 
1.228333e+03 3.239968e-10 
1.228809e+03 3.446994e-10 
1.229286e+03 3.841696e-10 
1.229763e+03 3.901208e-10 
1.230240e+03 3.690511e-10 
1.230717e+03 3.902311e-10 
1.231194e+03 3.831604e-10 
1.231670e+03 3.726299e-10 
1.232147e+03 3.615175e-10 
1.232624e+03 3.684903e-10 
1.233101e+03 3.834734e-10 
1.233578e+03 3.711070e-10 
1.234055e+03 3.602921e-10 
1.234531e+03 3.774878e-10 
1.235008e+03 3.584715e-10 
1.235485e+03 3.365259e-10 
1.235962e+03 3.290867e-10 
1.236439e+03 3.860954e-10 
1.236916e+03 3.836495e-10 
1.237392e+03 4.094148e-10 
1.237869e+03 4.225776e-10 
1.238346e+03 4.362586e-10 
1.238823e+03 3.924512e-10 
1.239300e+03 3.980428e-10 
1.239777e+03 3.690046e-10 
1.240253e+03 3.593826e-10 
1.240730e+03 3.572267e-10 
1.241207e+03 3.437390e-10 
1.241684e+03 3.606627e-10 
1.242161e+03 3.890842e-10 
1.242638e+03 4.188068e-10 
1.243114e+03 4.151009e-10 
1.243591e+03 4.037249e-10 
1.244068e+03 3.754059e-10 
1.244545e+03 3.787903e-10 
1.245022e+03 3.988774e-10 
1.245499e+03 4.015238e-10 
1.245975e+03 3.850764e-10 
1.246452e+03 3.783933e-10 
1.246929e+03 3.823614e-10 
1.247406e+03 3.847764e-10 
1.247883e+03 3.792294e-10 
1.248360e+03 3.545744e-10 
1.248837e+03 3.644673e-10 
1.249313e+03 3.300217e-10 
1.249790e+03 3.510332e-10 
1.250267e+03 3.781960e-10 
1.250744e+03 3.907493e-10 
1.251221e+03 4.050078e-10 
1.251698e+03 4.109023e-10 
1.252174e+03 3.409976e-10 
1.252651e+03 3.488525e-10 
1.253128e+03 3.437667e-10 
1.253605e+03 3.808060e-10 
1.254082e+03 3.877100e-10 
1.254559e+03 3.863777e-10 
1.255035e+03 3.791136e-10 
1.255512e+03 3.390603e-10 
1.255989e+03 3.439368e-10 
1.256466e+03 3.610456e-10 
1.256943e+03 3.613962e-10 
1.257420e+03 3.626059e-10 
1.257896e+03 3.777327e-10 
1.258373e+03 3.667271e-10 
1.258850e+03 3.830163e-10 
1.259327e+03 3.863660e-10 
1.259804e+03 4.114091e-10 
1.260281e+03 4.014145e-10 
1.260757e+03 3.976879e-10 
1.261234e+03 4.216318e-10 
1.261711e+03 3.908287e-10 
1.262188e+03 3.584420e-10 
1.262665e+03 3.530363e-10 
1.263142e+03 4.134330e-10 
1.263618e+03 4.261564e-10 
1.264095e+03 3.631166e-10 
1.264572e+03 3.652906e-10 
1.265049e+03 3.977475e-10 
1.265526e+03 3.879559e-10 
1.266003e+03 3.919462e-10 
1.266479e+03 4.042189e-10 
1.266956e+03 4.157531e-10 
1.267433e+03 3.753012e-10 
1.267910e+03 3.833072e-10 
1.268387e+03 3.531599e-10 
1.268864e+03 3.522604e-10 
1.269341e+03 3.500860e-10 
1.269817e+03 3.722381e-10 
1.270294e+03 3.936279e-10 
1.270771e+03 4.087468e-10 
1.271248e+03 3.905247e-10 
1.271725e+03 3.583765e-10 
1.272202e+03 3.962224e-10 
1.272678e+03 4.047444e-10 
1.273155e+03 3.569340e-10 
1.273632e+03 3.651411e-10 
1.274109e+03 3.854256e-10 
1.274586e+03 4.003328e-10 
1.275063e+03 3.571146e-10 
1.275539e+03 3.696671e-10 
1.276016e+03 3.426205e-10 
1.276493e+03 3.713479e-10 
1.276970e+03 3.640898e-10 
1.277447e+03 3.738767e-10 
1.277924e+03 3.848701e-10 
1.278400e+03 3.911694e-10 
1.278877e+03 3.677247e-10 
1.279354e+03 3.442725e-10 
1.279831e+03 3.467243e-10 
1.280308e+03 3.990898e-10 
1.280785e+03 3.825533e-10 
1.281261e+03 3.401742e-10 
1.281738e+03 3.867928e-10 
1.282215e+03 3.677123e-10 
1.282692e+03 3.607699e-10 
1.283169e+03 3.833512e-10 
1.283646e+03 3.741289e-10 
1.284122e+03 3.848745e-10 
1.284599e+03 3.682728e-10 
1.285076e+03 3.574785e-10 
1.285553e+03 3.780314e-10 
1.286030e+03 3.769823e-10 
1.286507e+03 3.707251e-10 
1.286983e+03 3.682058e-10 
1.287460e+03 3.478334e-10 
1.287937e+03 3.667964e-10 
1.288414e+03 4.022382e-10 
1.288891e+03 3.982688e-10 
1.289368e+03 3.755850e-10 
1.289845e+03 3.904018e-10 
1.290321e+03 4.150282e-10 
1.290798e+03 3.706102e-10 
1.291275e+03 3.815122e-10 
1.291752e+03 3.585525e-10 
1.292229e+03 3.593735e-10 
1.292706e+03 3.659752e-10 
1.293182e+03 3.726683e-10 
1.293659e+03 3.618431e-10 
1.294136e+03 3.642419e-10 
1.294613e+03 3.345761e-10 
1.295090e+03 3.635475e-10 
1.295567e+03 3.881834e-10 
1.296043e+03 3.495489e-10 
1.296520e+03 3.678145e-10 
1.296997e+03 3.705204e-10 
1.297474e+03 3.568787e-10 
1.297951e+03 3.519370e-10 
1.298428e+03 3.427363e-10 
1.298904e+03 3.682428e-10 
1.299381e+03 3.690115e-10 
1.299858e+03 3.847275e-10 
1.300335e+03 3.799285e-10 
1.300812e+03 3.628389e-10 
1.301289e+03 3.609047e-10 
1.301765e+03 3.763634e-10 
1.302242e+03 3.982668e-10 
1.302719e+03 3.604546e-10 
1.303196e+03 3.792069e-10 
1.303673e+03 4.024366e-10 
1.304150e+03 3.999732e-10 
1.304626e+03 3.564515e-10 
1.305103e+03 3.594989e-10 
1.305580e+03 3.711997e-10 
1.306057e+03 3.676955e-10 
1.306534e+03 3.706551e-10 
1.307011e+03 3.624476e-10 
1.307487e+03 3.626637e-10 
1.307964e+03 3.736609e-10 
1.308441e+03 4.065164e-10 
1.308918e+03 4.042517e-10 
1.309395e+03 3.299048e-10 
1.309872e+03 3.839159e-10 
1.310349e+03 4.073740e-10 
1.310825e+03 4.057474e-10 
1.311302e+03 3.785025e-10 
1.311779e+03 3.618156e-10 
1.312256e+03 3.737861e-10 
1.312733e+03 3.860564e-10 
1.313210e+03 3.629105e-10 
1.313686e+03 3.577493e-10 
1.314163e+03 3.214497e-10 
1.314640e+03 3.523886e-10 
1.315117e+03 4.023286e-10 
1.315594e+03 4.196568e-10 
1.316071e+03 3.881574e-10 
1.316547e+03 3.636533e-10 
1.317024e+03 3.706470e-10 
1.317501e+03 4.003843e-10 
1.317978e+03 3.779756e-10 
1.318455e+03 3.434101e-10 
1.318932e+03 3.676176e-10 
1.319408e+03 3.446807e-10 
1.319885e+03 3.581734e-10 
1.320362e+03 3.641997e-10 
1.320839e+03 3.881838e-10 
1.321316e+03 3.836017e-10 
1.321793e+03 3.681512e-10 
1.322269e+03 3.675418e-10 
1.322746e+03 3.604685e-10 
1.323223e+03 3.414371e-10 
1.323700e+03 3.666253e-10 
1.324177e+03 3.460549e-10 
1.324654e+03 3.121320e-10 
1.325130e+03 3.251113e-10 
1.325607e+03 3.060554e-10 
1.326084e+03 3.467663e-10 
1.326561e+03 3.628861e-10 
1.327038e+03 3.499892e-10 
1.327515e+03 3.613214e-10 
1.327991e+03 4.099836e-10 
1.328468e+03 3.771308e-10 
1.328945e+03 3.593857e-10 
1.329422e+03 3.839746e-10 
1.329899e+03 3.888936e-10 
1.330376e+03 3.311461e-10 
1.330853e+03 3.823143e-10 
1.331329e+03 3.735725e-10 
1.331806e+03 3.672190e-10 
1.332283e+03 3.884613e-10 
1.332760e+03 4.030596e-10 
1.333237e+03 3.701648e-10 
1.333714e+03 3.618757e-10 
1.334190e+03 3.517682e-10 
1.334667e+03 3.542550e-10 
1.335144e+03 3.707469e-10 
1.335621e+03 3.801956e-10 
1.336098e+03 3.902772e-10 
1.336575e+03 3.425676e-10 
1.337051e+03 3.595759e-10 
1.337528e+03 3.581578e-10 
1.338005e+03 3.742054e-10 
1.338482e+03 3.917425e-10 
1.338959e+03 3.630964e-10 
1.339436e+03 3.382363e-10 
1.339912e+03 3.364839e-10 
1.340389e+03 3.282206e-10 
1.340866e+03 3.563081e-10 
1.341343e+03 3.598724e-10 
1.341820e+03 3.383123e-10 
1.342297e+03 3.740616e-10 
1.342773e+03 3.798050e-10 
1.343250e+03 3.734537e-10 
1.343727e+03 3.827720e-10 
1.344204e+03 3.675098e-10 
1.344681e+03 3.512930e-10 
1.345158e+03 3.282093e-10 
1.345634e+03 3.621739e-10 
1.346111e+03 3.815868e-10 
1.346588e+03 3.695132e-10 
1.347065e+03 3.693583e-10 
1.347542e+03 3.259236e-10 
1.348019e+03 3.373475e-10 
1.348495e+03 3.759961e-10 
1.348972e+03 4.137344e-10 
1.349449e+03 4.110915e-10 
1.349926e+03 3.972954e-10 
1.350403e+03 3.624459e-10 
1.350880e+03 3.619033e-10 
1.351357e+03 3.588049e-10 
1.351833e+03 3.754580e-10 
1.352310e+03 3.525861e-10 
1.352787e+03 3.745282e-10 
1.353264e+03 3.786222e-10 
1.353741e+03 3.918336e-10 
1.354218e+03 3.404179e-10 
1.354694e+03 3.460868e-10 
1.355171e+03 3.463878e-10 
1.355648e+03 3.634270e-10 
1.356125e+03 3.738781e-10 
1.356602e+03 3.533618e-10 
1.357079e+03 3.694009e-10 
1.357555e+03 3.636457e-10 
1.358032e+03 3.568387e-10 
1.358509e+03 3.246365e-10 
1.358986e+03 3.670121e-10 
1.359463e+03 3.876823e-10 
1.359940e+03 3.624850e-10 
1.360416e+03 3.446180e-10 
1.360893e+03 3.455997e-10 
1.361370e+03 3.374522e-10 
1.361847e+03 3.511291e-10 
1.362324e+03 3.639720e-10 
1.362801e+03 3.782298e-10 
1.363277e+03 3.557768e-10 
1.363754e+03 3.619411e-10 
1.364231e+03 3.487918e-10 
1.364708e+03 3.721820e-10 
1.365185e+03 3.511193e-10 
1.365662e+03 3.628812e-10 
1.366138e+03 3.778151e-10 
1.366615e+03 3.741898e-10 
1.367092e+03 3.609768e-10 
1.367569e+03 3.523353e-10 
1.368046e+03 3.555706e-10 
1.368523e+03 3.551502e-10 
1.368999e+03 3.611729e-10 
1.369476e+03 3.636297e-10 
1.369953e+03 3.405817e-10 
1.370430e+03 3.567005e-10 
1.370907e+03 3.497195e-10 
1.371384e+03 3.324674e-10 
1.371861e+03 3.501095e-10 
1.372337e+03 3.720171e-10 
1.372814e+03 3.656953e-10 
1.373291e+03 3.600815e-10 
1.373768e+03 3.560461e-10 
1.374245e+03 3.340074e-10 
1.374722e+03 3.346095e-10 
1.375198e+03 3.051275e-10 
1.375675e+03 3.600605e-10 
1.376152e+03 3.521647e-10 
1.376629e+03 3.077433e-10 
1.377106e+03 3.218896e-10 
1.377583e+03 3.616354e-10 
1.378059e+03 3.906904e-10 
1.378536e+03 3.724732e-10 
1.379013e+03 3.344635e-10 
1.379490e+03 3.565040e-10 
1.379967e+03 3.368410e-10 
1.380444e+03 3.621426e-10 
1.380920e+03 3.273053e-10 
1.381397e+03 2.865539e-10 
1.381874e+03 3.054242e-10 
1.382351e+03 3.630704e-10 
1.382828e+03 3.522763e-10 
1.383305e+03 3.058660e-10 
1.383781e+03 3.673341e-10 
1.384258e+03 3.778855e-10 
1.384735e+03 3.463712e-10 
1.385212e+03 3.616219e-10 
1.385689e+03 3.296316e-10 
1.386166e+03 3.587369e-10 
1.386642e+03 3.534805e-10 
1.387119e+03 3.349882e-10 
1.387596e+03 3.675885e-10 
1.388073e+03 3.424338e-10 
1.388550e+03 3.373854e-10 
1.389027e+03 3.529743e-10 
1.389503e+03 3.588499e-10 
1.389980e+03 3.512089e-10 
1.390457e+03 3.301217e-10 
1.390934e+03 3.574589e-10 
1.391411e+03 3.403319e-10 
1.391888e+03 3.221079e-10 
1.392365e+03 3.019008e-10 
1.392841e+03 3.163332e-10 
1.393318e+03 3.605709e-10 
1.393795e+03 3.541225e-10 
1.394272e+03 3.358950e-10 
1.394749e+03 3.258170e-10 
1.395226e+03 3.546567e-10 
1.395702e+03 3.307166e-10 
1.396179e+03 3.393332e-10 
1.396656e+03 3.509769e-10 
1.397133e+03 3.349147e-10 
1.397610e+03 3.401466e-10 
1.398087e+03 3.564234e-10 
1.398563e+03 3.807897e-10 
1.399040e+03 3.635171e-10 
1.399517e+03 3.499648e-10 
1.399994e+03 3.644706e-10 
1.400471e+03 3.820827e-10 
1.400948e+03 3.726145e-10 
1.401424e+03 3.449792e-10 
1.401901e+03 3.646305e-10 
1.402378e+03 3.640258e-10 
1.402855e+03 3.551619e-10 
1.403332e+03 3.496424e-10 
1.403809e+03 3.157982e-10 
1.404285e+03 3.390141e-10 
1.404762e+03 3.588218e-10 
1.405239e+03 3.435670e-10 
1.405716e+03 3.466895e-10 
1.406193e+03 3.370251e-10 
1.406670e+03 3.512777e-10 
1.407146e+03 3.437886e-10 
1.407623e+03 3.404297e-10 
1.408100e+03 3.515051e-10 
1.408577e+03 3.793577e-10 
1.409054e+03 3.660221e-10 
1.409531e+03 3.550781e-10 
1.410007e+03 3.300945e-10 
1.410484e+03 3.337662e-10 
1.410961e+03 3.542512e-10 
1.411438e+03 3.548225e-10 
1.411915e+03 3.484586e-10 
1.412392e+03 3.662206e-10 
1.412868e+03 3.522547e-10 
1.413345e+03 3.509636e-10 
1.413822e+03 3.589648e-10 
1.414299e+03 3.221473e-10 
1.414776e+03 3.322460e-10 
1.415253e+03 3.558591e-10 
1.415730e+03 3.505339e-10 
1.416206e+03 3.295489e-10 
1.416683e+03 3.266243e-10 
1.417160e+03 3.117645e-10 
1.417637e+03 3.118245e-10 
1.418114e+03 3.532171e-10 
1.418591e+03 3.416927e-10 
1.419067e+03 3.351777e-10 
1.419544e+03 3.577930e-10 
1.420021e+03 3.583078e-10 
1.420498e+03 3.285299e-10 
1.420975e+03 3.324452e-10 
1.421452e+03 3.173983e-10 
1.421928e+03 3.377988e-10 
1.422405e+03 3.600538e-10 
1.422882e+03 3.674996e-10 
1.423359e+03 3.553168e-10 
1.423836e+03 3.119449e-10 
1.424313e+03 3.407693e-10 
1.424789e+03 3.383384e-10 
1.425266e+03 3.705498e-10 
1.425743e+03 3.589505e-10 
1.426220e+03 3.416901e-10 
1.426697e+03 3.401832e-10 
1.427174e+03 3.416272e-10 
1.427650e+03 3.613248e-10 
1.428127e+03 3.494966e-10 
1.428604e+03 3.110869e-10 
1.429081e+03 2.971770e-10 
1.429558e+03 3.183990e-10 
1.430035e+03 3.279522e-10 
1.430511e+03 3.482144e-10 
1.430988e+03 3.604660e-10 
1.431465e+03 3.355361e-10 
1.431942e+03 3.447923e-10 
1.432419e+03 3.712714e-10 
1.432896e+03 3.621031e-10 
1.433372e+03 3.500796e-10 
1.433849e+03 3.603649e-10 
1.434326e+03 3.330416e-10 
1.434803e+03 3.468883e-10 
1.435280e+03 3.458333e-10 
1.435757e+03 3.694889e-10 
1.436234e+03 3.399872e-10 
1.436710e+03 3.401765e-10 
1.437187e+03 3.450630e-10 
1.437664e+03 3.336089e-10 
1.438141e+03 3.054280e-10 
1.438618e+03 3.553470e-10 
1.439095e+03 3.592532e-10 
1.439571e+03 3.549581e-10 
1.440048e+03 3.466050e-10 
1.440525e+03 3.509058e-10 
1.441002e+03 3.659721e-10 
1.441479e+03 3.815754e-10 
1.441956e+03 3.265367e-10 
1.442432e+03 3.248159e-10 
1.442909e+03 3.063347e-10 
1.443386e+03 3.107512e-10 
1.443863e+03 3.488495e-10 
1.444340e+03 3.772261e-10 
1.444817e+03 3.730300e-10 
1.445293e+03 3.710543e-10 
1.445770e+03 3.233792e-10 
1.446247e+03 3.229408e-10 
1.446724e+03 3.272190e-10 
1.447201e+03 3.129386e-10 
1.447678e+03 3.480130e-10 
1.448154e+03 3.491134e-10 
1.448631e+03 3.391420e-10 
1.449108e+03 3.532352e-10 
1.449585e+03 3.764969e-10 
1.450062e+03 3.561520e-10 
1.450539e+03 3.515398e-10 
1.451015e+03 3.271121e-10 
1.451492e+03 3.480319e-10 
1.451969e+03 3.452349e-10 
1.452446e+03 3.324848e-10 
1.452923e+03 3.431332e-10 
1.453400e+03 3.229542e-10 
1.453876e+03 3.430419e-10 
1.454353e+03 2.987463e-10 
1.454830e+03 3.072332e-10 
1.455307e+03 3.012637e-10 
1.455784e+03 3.170420e-10 
1.456261e+03 3.734760e-10 
1.456738e+03 3.498602e-10 
1.457214e+03 2.998302e-10 
1.457691e+03 3.254791e-10 
1.458168e+03 3.168889e-10 
1.458645e+03 3.277363e-10 
1.459122e+03 2.965629e-10 
1.459599e+03 3.143196e-10 
1.460075e+03 3.608058e-10 
1.460552e+03 3.191824e-10 
1.461029e+03 3.177931e-10 
1.461506e+03 3.479274e-10 
1.461983e+03 3.280747e-10 
1.462460e+03 3.036909e-10 
1.462936e+03 3.221586e-10 
1.463413e+03 3.340254e-10 
1.463890e+03 3.029308e-10 
1.464367e+03 3.197537e-10 
1.464844e+03 3.194786e-10 
1.465321e+03 3.157826e-10 
1.465797e+03 3.300147e-10 
1.466274e+03 3.341436e-10 
1.466751e+03 3.608186e-10 
1.467228e+03 3.489943e-10 
1.467705e+03 3.775280e-10 
1.468182e+03 3.762570e-10 
1.468658e+03 3.479402e-10 
1.469135e+03 3.453743e-10 
1.469612e+03 2.940205e-10 
1.470089e+03 3.125731e-10 
1.470566e+03 3.538759e-10 
1.471043e+03 3.635084e-10 
1.471519e+03 3.629583e-10 
1.471996e+03 3.279439e-10 
1.472473e+03 2.999259e-10 
1.472950e+03 3.140877e-10 
1.473427e+03 3.605166e-10 
1.473904e+03 3.876374e-10 
1.474380e+03 3.555206e-10 
1.474857e+03 3.248647e-10 
1.475334e+03 3.350086e-10 
1.475811e+03 3.004052e-10 
1.476288e+03 3.021119e-10 
1.476765e+03 2.848245e-10 
1.477242e+03 3.288263e-10 
1.477718e+03 3.351988e-10 
1.478195e+03 3.550627e-10 
1.478672e+03 3.737112e-10 
1.479149e+03 3.028451e-10 
1.479626e+03 3.161398e-10 
1.480103e+03 3.783625e-10 
1.480579e+03 3.530144e-10 
1.481056e+03 3.609587e-10 
1.481533e+03 3.345820e-10 
1.482010e+03 3.379798e-10 
1.482487e+03 3.565882e-10 
1.482964e+03 3.124432e-10 
1.483440e+03 3.549242e-10 
1.483917e+03 3.416071e-10 
1.484394e+03 3.035796e-10 
1.484871e+03 3.330029e-10 
1.485348e+03 3.610993e-10 
1.485825e+03 3.869587e-10 
1.486301e+03 3.246428e-10 
1.486778e+03 3.035040e-10 
1.487255e+03 3.515883e-10 
1.487732e+03 3.628847e-10 
1.488209e+03 3.373060e-10 
1.488686e+03 3.345740e-10 
1.489162e+03 3.141726e-10 
1.489639e+03 2.882415e-10 
1.490116e+03 3.327064e-10 
1.490593e+03 3.488051e-10 
1.491070e+03 3.112092e-10 
1.491547e+03 3.296122e-10 
1.492023e+03 2.978349e-10 
1.492500e+03 3.175296e-10 
1.492977e+03 3.011399e-10 
1.493454e+03 3.404497e-10 
1.493931e+03 3.190333e-10 
1.494408e+03 3.068320e-10 
1.494884e+03 3.288493e-10 
1.495361e+03 3.491245e-10 
1.495838e+03 3.601068e-10 
1.496315e+03 3.747117e-10 
1.496792e+03 3.425212e-10 
1.497269e+03 3.272770e-10 
1.497746e+03 3.541572e-10 
1.498222e+03 3.481084e-10 
1.498699e+03 3.512460e-10 
1.499176e+03 3.421826e-10 
1.499653e+03 3.138641e-10 
1.500130e+03 3.177316e-10 
1.500607e+03 3.125794e-10 
1.501083e+03 3.310139e-10 
1.501560e+03 3.220873e-10 
1.502037e+03 3.130414e-10 
1.502514e+03 3.508716e-10 
1.502991e+03 3.512925e-10 
1.503468e+03 3.458722e-10 
1.503944e+03 3.279803e-10 
1.504421e+03 3.530019e-10 
1.504898e+03 3.220166e-10 
1.505375e+03 2.962633e-10 
1.505852e+03 2.970230e-10 
1.506329e+03 2.692968e-10 
1.506805e+03 2.894317e-10 
1.507282e+03 3.420992e-10 
1.507759e+03 3.335854e-10 
1.508236e+03 3.109782e-10 
1.508713e+03 3.133543e-10 
1.509190e+03 2.943225e-10 
1.509666e+03 3.346866e-10 
1.510143e+03 3.360459e-10 
1.510620e+03 3.596014e-10 
1.511097e+03 3.072814e-10 
1.511574e+03 3.089587e-10 
1.512051e+03 3.590819e-10 
1.512527e+03 3.404283e-10 
1.513004e+03 3.384671e-10 
1.513481e+03 3.069112e-10 
1.513958e+03 3.094412e-10 
1.514435e+03 3.672837e-10 
1.514912e+03 3.468225e-10 
1.515388e+03 3.405960e-10 
1.515865e+03 3.381273e-10 
1.516342e+03 3.144693e-10 
1.516819e+03 3.387738e-10 
1.517296e+03 3.504664e-10 
1.517773e+03 3.376360e-10 
1.518250e+03 3.236224e-10 
1.518726e+03 3.066728e-10 
1.519203e+03 3.107199e-10 
1.519680e+03 3.026963e-10 
1.520157e+03 3.138943e-10 
1.520634e+03 3.088115e-10 
1.521111e+03 3.026033e-10 
1.521587e+03 3.390076e-10 
1.522064e+03 3.273687e-10 
1.522541e+03 3.628450e-10 
1.523018e+03 3.239760e-10 
1.523495e+03 3.223150e-10 
1.523972e+03 3.348654e-10 
1.524448e+03 3.107354e-10 
1.524925e+03 3.053809e-10 
1.525402e+03 3.305933e-10 
1.525879e+03 3.051260e-10 
1.526356e+03 3.421700e-10 
1.526833e+03 3.540281e-10 
1.527309e+03 3.466477e-10 
1.527786e+03 3.588604e-10 
1.528263e+03 3.426463e-10 
1.528740e+03 3.484266e-10 
1.529217e+03 3.567687e-10 
1.529694e+03 3.427113e-10 
1.530170e+03 3.225300e-10 
1.530647e+03 3.153535e-10 
1.531124e+03 3.039914e-10 
1.531601e+03 3.204235e-10 
1.532078e+03 3.487929e-10 
1.532555e+03 3.338976e-10 
1.533031e+03 3.377843e-10 
1.533508e+03 3.244718e-10 
1.533985e+03 3.447413e-10 
1.534462e+03 3.471502e-10 
1.534939e+03 3.013378e-10 
1.535416e+03 2.735648e-10 
1.535892e+03 3.020997e-10 
1.536369e+03 3.443047e-10 
1.536846e+03 3.222083e-10 
1.537323e+03 3.224317e-10 
1.537800e+03 3.090730e-10 
1.538277e+03 3.216077e-10 
1.538754e+03 2.931579e-10 
1.539230e+03 2.843817e-10 
1.539707e+03 3.280485e-10 
1.540184e+03 2.987640e-10 
1.540661e+03 3.118266e-10 
1.541138e+03 2.921606e-10 
1.541615e+03 3.076285e-10 
1.542091e+03 3.476581e-10 
1.542568e+03 2.948975e-10 
1.543045e+03 3.190422e-10 
1.543522e+03 3.081904e-10 
1.543999e+03 2.941222e-10 
1.544476e+03 3.315011e-10 
1.544952e+03 3.288323e-10 
1.545429e+03 3.163653e-10 
1.545906e+03 3.380116e-10 
1.546383e+03 3.168038e-10 
1.546860e+03 3.038518e-10 
1.547337e+03 3.418478e-10 
1.547813e+03 3.568934e-10 
1.548290e+03 3.353417e-10 
1.548767e+03 3.432997e-10 
1.549244e+03 3.256515e-10 
1.549721e+03 3.114307e-10 
1.550198e+03 3.340562e-10 
1.550674e+03 3.406401e-10 
1.551151e+03 3.337827e-10 
1.551628e+03 2.997073e-10 
1.552105e+03 2.958928e-10 
1.552582e+03 3.195718e-10 
1.553059e+03 3.074626e-10 
1.553535e+03 3.340880e-10 
1.554012e+03 3.545735e-10 
1.554489e+03 4.031751e-10 
1.554966e+03 3.774941e-10 
1.555443e+03 3.393414e-10 
1.555920e+03 3.101358e-10 
1.556396e+03 3.242400e-10 
1.556873e+03 3.520202e-10 
1.557350e+03 3.471937e-10 
1.557827e+03 3.179273e-10 
1.558304e+03 2.977264e-10 
1.558781e+03 2.985886e-10 
1.559258e+03 3.417117e-10 
1.559734e+03 3.812673e-10 
1.560211e+03 3.334344e-10 
1.560688e+03 3.286075e-10 
1.561165e+03 3.141981e-10 
1.561642e+03 2.860282e-10 
1.562119e+03 3.278684e-10 
