fs           Pxxs         Pxxnos       
1.430511e+00 1.115014e-17 1.281734e-18 
1.668930e+00 1.080424e-17 1.650798e-18 
1.907349e+00 8.810928e-18 1.452219e-18 
2.145767e+00 5.007901e-18 1.446314e-18 
2.384186e+00 5.278005e-18 1.500746e-18 
2.622604e+00 5.316844e-18 1.495771e-18 
2.861023e+00 4.684572e-18 1.520042e-18 
3.099442e+00 2.743102e-18 1.245630e-18 
3.337860e+00 2.267743e-18 1.313799e-18 
3.576279e+00 2.971743e-18 1.196033e-18 
3.814697e+00 4.821584e-18 1.521440e-18 
4.053116e+00 4.449496e-18 1.300173e-18 
4.291534e+00 5.349005e-18 1.626535e-18 
4.529953e+00 3.324012e-18 1.389078e-18 
4.768372e+00 1.938590e-18 1.106781e-18 
5.006790e+00 2.139666e-18 1.217390e-18 
5.245209e+00 2.403173e-18 1.270115e-18 
5.483627e+00 2.220543e-18 1.347087e-18 
5.722046e+00 2.281154e-18 1.272249e-18 
5.960464e+00 1.879871e-18 1.324931e-18 
6.198883e+00 2.889834e-18 1.044503e-18 
6.437302e+00 1.554431e-18 1.286265e-18 
6.675720e+00 3.017180e-18 1.171079e-18 
6.914139e+00 2.091799e-18 1.254715e-18 
7.152557e+00 1.525877e-18 1.327746e-18 
7.390976e+00 2.754516e-18 1.350794e-18 
7.629395e+00 3.011948e-18 1.244714e-18 
7.867813e+00 2.359116e-18 1.339315e-18 
8.106232e+00 3.046986e-18 1.307161e-18 
8.344650e+00 1.759304e-18 1.075812e-18 
8.583069e+00 1.281608e-18 1.120056e-18 
8.821487e+00 1.555912e-18 1.430327e-18 
9.059906e+00 1.833868e-18 1.411440e-18 
9.298325e+00 3.848335e-18 1.553670e-18 
9.536743e+00 6.743417e-18 1.148964e-18 
9.775162e+00 3.978993e-18 1.232711e-18 
1.001358e+01 1.752472e-18 9.442668e-19 
1.025200e+01 1.316104e-18 1.043356e-18 
1.049042e+01 1.701105e-18 1.103489e-18 
1.072884e+01 2.479445e-18 1.274244e-18 
1.096725e+01 2.994557e-18 1.149440e-18 
1.120567e+01 1.909484e-18 1.221821e-18 
1.144409e+01 1.132430e-18 1.190373e-18 
1.168251e+01 1.459363e-18 1.025399e-18 
1.192093e+01 1.741078e-18 1.245879e-18 
1.215935e+01 1.951901e-18 1.167927e-18 
1.239777e+01 3.567690e-18 1.081408e-18 
1.263618e+01 2.061803e-18 9.960985e-19 
1.287460e+01 1.604839e-18 1.114196e-18 
1.311302e+01 1.254678e-18 1.159015e-18 
1.335144e+01 1.269576e-18 1.325450e-18 
1.358986e+01 1.367490e-18 1.093052e-18 
1.382828e+01 1.067310e-18 1.017048e-18 
1.406670e+01 1.228330e-18 1.189480e-18 
1.430511e+01 2.212161e-18 1.071801e-18 
1.454353e+01 1.803850e-18 1.256081e-18 
1.478195e+01 2.476514e-18 1.606107e-18 
1.502037e+01 2.161281e-18 1.460691e-18 
1.525879e+01 1.304908e-18 1.109379e-18 
1.549721e+01 9.298670e-19 1.055664e-18 
1.573563e+01 1.093112e-18 1.238713e-18 
1.597404e+01 1.450267e-18 1.033932e-18 
1.621246e+01 1.752885e-18 1.420594e-18 
1.645088e+01 1.134822e-18 1.324816e-18 
1.668930e+01 1.678034e-18 1.078989e-18 
1.692772e+01 2.167914e-18 1.059936e-18 
1.716614e+01 1.936274e-18 1.361987e-18 
1.740456e+01 1.925370e-18 9.749364e-19 
1.764297e+01 1.207093e-18 1.063919e-18 
1.788139e+01 1.078636e-18 1.344311e-18 
1.811981e+01 1.417988e-18 1.027878e-18 
1.835823e+01 1.273034e-18 8.451498e-19 
1.859665e+01 1.742761e-18 1.088051e-18 
1.883507e+01 1.470005e-18 1.042504e-18 
1.907349e+01 1.138198e-18 1.226804e-18 
1.931190e+01 1.171621e-18 1.233077e-18 
1.955032e+01 1.164787e-18 1.333678e-18 
1.978874e+01 1.990595e-18 1.131727e-18 
2.002716e+01 1.881865e-18 9.864863e-19 
2.026558e+01 1.739672e-18 9.920446e-19 
2.050400e+01 1.690235e-18 1.154359e-18 
2.074242e+01 1.262776e-18 9.782145e-19 
2.098083e+01 1.091788e-18 9.270492e-19 
2.121925e+01 1.300387e-18 9.009944e-19 
2.145767e+01 1.152654e-18 9.804483e-19 
2.169609e+01 1.548199e-18 1.259315e-18 
2.193451e+01 2.497236e-18 1.147845e-18 
2.217293e+01 1.804555e-18 6.958335e-19 
2.241135e+01 1.377011e-18 7.747010e-19 
2.264977e+01 1.345435e-18 9.205514e-19 
2.288818e+01 1.494232e-18 8.180063e-19 
2.312660e+01 1.388919e-18 9.209076e-19 
2.336502e+01 1.187986e-18 8.991354e-19 
2.360344e+01 1.443328e-18 5.986512e-19 
2.384186e+01 1.307719e-18 6.676099e-19 
2.408028e+01 8.719569e-19 9.195454e-19 
2.431870e+01 1.163344e-18 1.218016e-18 
2.455711e+01 1.172706e-18 1.136560e-18 
2.479553e+01 1.323611e-18 1.030312e-18 
2.503395e+01 1.441988e-18 8.630697e-19 
2.527237e+01 1.430578e-18 8.683226e-19 
2.551079e+01 1.570759e-18 9.263514e-19 
2.574921e+01 1.200269e-18 9.356422e-19 
2.598763e+01 1.306992e-18 8.607765e-19 
2.622604e+01 1.556477e-18 1.106865e-18 
2.646446e+01 1.002226e-18 9.951146e-19 
2.670288e+01 1.017017e-18 7.699155e-19 
2.694130e+01 9.624743e-19 7.142047e-19 
2.717972e+01 9.234561e-19 8.792613e-19 
2.741814e+01 7.481154e-19 9.557828e-19 
2.765656e+01 9.923476e-19 8.631016e-19 
2.789497e+01 1.145432e-18 1.092063e-18 
2.813339e+01 9.650995e-19 1.001028e-18 
2.837181e+01 9.441377e-19 9.540496e-19 
2.861023e+01 1.183291e-18 9.978648e-19 
2.884865e+01 1.337225e-18 9.302107e-19 
2.908707e+01 8.423472e-19 9.191859e-19 
2.932549e+01 6.691725e-19 8.726393e-19 
2.956390e+01 9.856009e-19 7.946452e-19 
2.980232e+01 1.542031e-18 9.242297e-19 
3.004074e+01 1.272844e-18 9.780657e-19 
3.027916e+01 1.210398e-18 7.312252e-19 
3.051758e+01 1.233473e-18 9.435297e-19 
3.075600e+01 1.146101e-18 7.944864e-19 
3.099442e+01 1.194532e-18 9.688737e-19 
3.123283e+01 9.101607e-19 1.019632e-18 
3.147125e+01 8.549931e-19 7.944376e-19 
3.170967e+01 1.001646e-18 8.226348e-19 
3.194809e+01 1.050940e-18 8.561266e-19 
3.218651e+01 1.152042e-18 8.369334e-19 
3.242493e+01 9.712808e-19 8.958160e-19 
3.266335e+01 6.983555e-19 7.642433e-19 
3.290176e+01 9.288040e-19 7.339610e-19 
3.314018e+01 8.431167e-19 7.572254e-19 
3.337860e+01 8.332060e-19 6.162907e-19 
3.361702e+01 9.491341e-19 8.220063e-19 
3.385544e+01 8.918471e-19 9.128940e-19 
3.409386e+01 9.787089e-19 9.918258e-19 
3.433228e+01 9.088200e-19 9.424189e-19 
3.457069e+01 8.349934e-19 9.424798e-19 
3.480911e+01 7.775428e-19 9.069861e-19 
3.504753e+01 7.138214e-19 8.431219e-19 
3.528595e+01 1.083784e-18 8.083011e-19 
3.552437e+01 9.920522e-19 8.610654e-19 
3.576279e+01 8.510296e-19 8.778453e-19 
3.600121e+01 7.636968e-19 1.026090e-18 
3.623962e+01 7.533137e-19 6.565430e-19 
3.647804e+01 8.741829e-19 6.928938e-19 
3.671646e+01 7.328879e-19 7.650605e-19 
3.695488e+01 6.737214e-19 7.130383e-19 
3.719330e+01 6.893253e-19 6.736498e-19 
3.743172e+01 6.028431e-19 6.794970e-19 
3.767014e+01 6.435498e-19 1.168354e-18 
3.790855e+01 7.622498e-19 1.084374e-18 
3.814697e+01 7.187818e-19 9.566981e-19 
3.838539e+01 8.876611e-19 8.977248e-19 
3.862381e+01 7.627977e-19 6.587002e-19 
3.886223e+01 6.745907e-19 8.892756e-19 
3.910065e+01 7.517889e-19 7.462042e-19 
3.933907e+01 7.896346e-19 8.077198e-19 
3.957748e+01 8.648046e-19 7.337042e-19 
3.981590e+01 9.498834e-19 7.058606e-19 
4.005432e+01 8.198774e-19 6.495032e-19 
4.029274e+01 6.444868e-19 7.653215e-19 
4.053116e+01 7.690381e-19 6.568745e-19 
4.076958e+01 8.435369e-19 7.858143e-19 
4.100800e+01 8.667866e-19 7.439878e-19 
4.124641e+01 7.105218e-19 6.871658e-19 
4.148483e+01 8.332435e-19 7.966022e-19 
4.172325e+01 9.266871e-19 7.956002e-19 
4.196167e+01 7.311649e-19 6.626562e-19 
4.220009e+01 5.926528e-19 5.855818e-19 
4.243851e+01 6.920245e-19 5.729657e-19 
4.267693e+01 6.808705e-19 5.429586e-19 
4.291534e+01 6.368323e-19 5.425230e-19 
4.315376e+01 6.609097e-19 6.145747e-19 
4.339218e+01 7.441277e-19 6.367231e-19 
4.363060e+01 5.772754e-19 6.365598e-19 
4.386902e+01 6.130959e-19 6.280158e-19 
4.410744e+01 7.055341e-19 6.100123e-19 
4.434586e+01 8.671915e-19 6.609515e-19 
4.458427e+01 8.493297e-19 8.231144e-19 
4.482269e+01 5.965858e-19 6.484032e-19 
4.506111e+01 5.598089e-19 6.712658e-19 
4.529953e+01 5.776470e-19 7.961128e-19 
4.553795e+01 7.668696e-19 7.525893e-19 
4.577637e+01 7.260572e-19 7.643335e-19 
4.601479e+01 6.959801e-19 7.938877e-19 
4.625320e+01 5.520731e-19 6.942803e-19 
4.649162e+01 6.534987e-19 6.524139e-19 
4.673004e+01 7.642026e-19 5.986458e-19 
4.696846e+01 1.019459e-18 5.192130e-19 
4.720688e+01 8.562932e-19 5.653306e-19 
4.744530e+01 5.883177e-19 6.319620e-19 
4.768372e+01 6.257305e-19 6.893847e-19 
4.792213e+01 9.106094e-19 7.787520e-19 
4.816055e+01 7.849464e-19 7.558549e-19 
4.839897e+01 6.094915e-19 7.130490e-19 
4.863739e+01 5.149734e-19 5.817854e-19 
4.887581e+01 5.031226e-19 6.023944e-19 
4.911423e+01 5.839632e-19 5.492485e-19 
4.935265e+01 6.450447e-19 4.520003e-19 
4.959106e+01 4.863707e-19 7.105241e-19 
4.982948e+01 6.321693e-19 6.994961e-19 
5.006790e+01 8.116309e-19 6.725098e-19 
5.030632e+01 6.801403e-19 6.423455e-19 
5.054474e+01 6.971014e-19 6.882473e-19 
5.078316e+01 7.036506e-19 6.625199e-19 
5.102158e+01 6.824161e-19 6.188339e-19 
5.125999e+01 5.870976e-19 6.479869e-19 
5.149841e+01 5.858246e-19 5.752503e-19 
5.173683e+01 5.382448e-19 5.830868e-19 
5.197525e+01 5.075083e-19 7.907957e-19 
5.221367e+01 5.070113e-19 5.128729e-19 
5.245209e+01 5.074244e-19 5.884506e-19 
5.269051e+01 5.225690e-19 6.446035e-19 
5.292892e+01 6.015507e-19 4.994791e-19 
5.316734e+01 6.241977e-19 4.686934e-19 
5.340576e+01 5.840725e-19 6.299253e-19 
5.364418e+01 6.697318e-19 6.184357e-19 
5.388260e+01 6.003018e-19 5.327802e-19 
5.412102e+01 6.956738e-19 5.682757e-19 
5.435944e+01 6.347419e-19 5.347013e-19 
5.459785e+01 6.305545e-19 4.854960e-19 
5.507469e+01 5.650504e-19 4.520713e-19 
5.531311e+01 6.500873e-19 6.000955e-19 
5.555153e+01 5.904897e-19 6.052415e-19 
5.578995e+01 6.765539e-19 5.648103e-19 
5.602837e+01 5.907135e-19 5.141529e-19 
5.626678e+01 6.213123e-19 5.299295e-19 
5.650520e+01 4.952597e-19 5.901914e-19 
5.674362e+01 4.440026e-19 6.089519e-19 
5.698204e+01 4.673612e-19 6.272388e-19 
5.722046e+01 5.000763e-19 5.878992e-19 
5.745888e+01 4.117465e-19 6.300996e-19 
5.769730e+01 4.540821e-19 6.577734e-19 
5.817413e+01 5.632846e-19 4.517294e-19 
5.841255e+01 5.603477e-19 5.611588e-19 
5.865097e+01 6.504838e-19 7.726304e-19 
5.888939e+01 4.241563e-19 6.119954e-19 
5.912781e+01 6.191134e-19 6.410758e-19 
5.936623e+01 5.657654e-19 6.960969e-19 
5.960464e+01 6.898429e-19 6.283461e-19 
6.008148e+01 1.033589e-18 1.311339e-18 
6.031990e+01 4.525422e-19 5.699575e-19 
6.055832e+01 4.025529e-19 6.688825e-19 
6.079674e+01 4.865369e-19 6.492327e-19 
6.103516e+01 5.600927e-19 7.913464e-19 
6.127357e+01 4.925376e-19 5.833560e-19 
6.175041e+01 5.991995e-19 6.006868e-19 
6.198883e+01 5.761552e-19 5.928691e-19 
6.222725e+01 6.266684e-19 4.067935e-19 
6.246567e+01 5.522357e-19 4.543513e-19 
6.270409e+01 4.254978e-19 4.260072e-19 
6.318092e+01 4.942900e-19 5.142830e-19 
6.341934e+01 5.341255e-19 4.840676e-19 
6.365776e+01 4.855897e-19 4.247677e-19 
6.389618e+01 6.129511e-19 5.131202e-19 
6.437302e+01 4.544537e-19 4.831884e-19 
6.461143e+01 4.488060e-19 4.842972e-19 
6.484985e+01 5.407593e-19 3.772307e-19 
6.508827e+01 4.429380e-19 4.738998e-19 
6.556511e+01 5.366093e-19 3.992548e-19 
6.580353e+01 3.408766e-19 4.679273e-19 
6.604195e+01 4.080592e-19 4.899520e-19 
6.628036e+01 4.547331e-19 4.982580e-19 
6.675720e+01 4.849099e-19 3.586908e-19 
6.699562e+01 4.813027e-19 3.733830e-19 
6.723404e+01 4.292985e-19 5.003331e-19 
6.771088e+01 5.383743e-19 4.085873e-19 
6.794930e+01 4.268174e-19 4.416081e-19 
6.818771e+01 4.514252e-19 3.829243e-19 
6.842613e+01 6.136871e-19 4.195306e-19 
6.890297e+01 4.266167e-19 5.461666e-19 
6.914139e+01 4.953132e-19 5.407454e-19 
6.937981e+01 4.908347e-19 4.725272e-19 
6.985664e+01 4.751725e-19 4.034542e-19 
7.009506e+01 4.024580e-19 4.717578e-19 
7.033348e+01 5.245051e-19 5.931502e-19 
7.081032e+01 4.400012e-19 3.823791e-19 
7.104874e+01 3.846800e-19 3.578589e-19 
7.152557e+01 4.339780e-19 4.038889e-19 
7.176399e+01 5.493299e-19 4.821698e-19 
7.200241e+01 4.305965e-19 4.706406e-19 
7.247925e+01 6.228245e-19 4.425046e-19 
7.271767e+01 5.376354e-19 3.460732e-19 
7.319450e+01 4.778964e-19 4.843097e-19 
7.343292e+01 5.200001e-19 4.516016e-19 
7.367134e+01 4.523854e-19 3.642128e-19 
7.414818e+01 4.734400e-19 4.053654e-19 
7.438660e+01 4.018235e-19 4.776377e-19 
7.486343e+01 3.781636e-19 3.956906e-19 
7.510185e+01 3.479682e-19 3.731783e-19 
7.557869e+01 5.434492e-19 4.779823e-19 
7.581711e+01 4.747211e-19 4.768119e-19 
7.605553e+01 4.192101e-19 4.037526e-19 
7.653236e+01 5.506326e-19 3.506428e-19 
7.677078e+01 4.994712e-19 4.077371e-19 
7.724762e+01 4.369742e-19 5.506227e-19 
7.748604e+01 3.244448e-19 4.037492e-19 
7.796288e+01 4.608550e-19 4.552874e-19 
7.820129e+01 5.651622e-19 4.689818e-19 
7.867813e+01 5.051238e-19 5.102601e-19 
7.891655e+01 5.164410e-19 3.893461e-19 
7.939339e+01 3.673113e-19 4.288801e-19 
7.987022e+01 3.647268e-19 3.706319e-19 
8.010864e+01 3.925688e-19 5.481589e-19 
8.058548e+01 3.404934e-19 3.595207e-19 
8.082390e+01 3.950153e-19 3.738038e-19 
8.130074e+01 4.405978e-19 3.410491e-19 
8.153915e+01 4.837887e-19 3.633227e-19 
8.201599e+01 4.746838e-19 3.651835e-19 
8.225441e+01 4.505710e-19 3.763467e-19 
8.273125e+01 4.581323e-19 3.582752e-19 
8.320808e+01 3.919979e-19 4.097091e-19 
8.344650e+01 4.176060e-19 3.407764e-19 
8.392334e+01 3.757817e-19 4.440911e-19 
8.440018e+01 3.595676e-19 3.814611e-19 
8.463860e+01 3.272138e-19 4.221845e-19 
8.511543e+01 3.698389e-19 4.208469e-19 
8.535385e+01 4.443826e-19 3.397731e-19 
8.583069e+01 4.896158e-19 4.275210e-19 
8.630753e+01 3.065385e-19 4.110776e-19 
8.654594e+01 3.985782e-19 3.719088e-19 
8.702278e+01 3.248750e-19 4.085343e-19 
8.749962e+01 3.557357e-19 3.494846e-19 
8.773804e+01 3.352925e-19 3.377710e-19 
8.821487e+01 2.395200e-19 5.118403e-19 
8.869171e+01 3.774033e-19 3.845523e-19 
8.916855e+01 3.533613e-19 4.317584e-19 
8.940697e+01 3.811945e-19 3.428847e-19 
8.988380e+01 3.532829e-19 3.698014e-19 
9.036064e+01 4.387394e-19 2.395846e-19 
9.083748e+01 3.824085e-19 3.834228e-19 
9.107590e+01 3.289126e-19 3.063391e-19 
9.155273e+01 3.677365e-19 4.273534e-19 
9.202957e+01 3.586787e-19 4.776977e-19 
9.250641e+01 3.110410e-19 3.559097e-19 
9.274483e+01 4.481418e-19 2.693032e-19 
9.322166e+01 3.576601e-19 4.270453e-19 
9.369850e+01 4.360997e-19 4.719640e-19 
9.417534e+01 3.238769e-19 4.744207e-19 
9.465218e+01 3.343429e-19 3.756640e-19 
9.489059e+01 3.556520e-19 3.920870e-19 
9.536743e+01 2.512512e-19 3.458103e-19 
9.584427e+01 3.291405e-19 4.781538e-19 
9.632111e+01 3.487085e-19 3.655502e-19 
9.679794e+01 2.930138e-19 4.086209e-19 
9.727478e+01 3.238259e-19 2.303173e-19 
9.775162e+01 3.598058e-19 4.325715e-19 
9.799004e+01 3.753005e-19 3.982381e-19 
9.846687e+01 3.191314e-19 2.567463e-19 
9.894371e+01 2.672647e-19 2.819129e-19 
9.942055e+01 3.377201e-19 2.825341e-19 
9.989738e+01 2.936620e-19 3.044608e-19 
1.003742e+02 2.354159e-19 3.205057e-19 
1.008511e+02 3.011875e-19 3.278830e-19 
1.013279e+02 3.921059e-19 2.914949e-19 
1.018047e+02 4.636973e-19 2.664835e-19 
1.022816e+02 2.768420e-19 4.080530e-19 
1.027584e+02 3.435048e-19 3.469960e-19 
1.032352e+02 4.048343e-19 2.696874e-19 
1.037121e+02 3.129859e-19 3.625454e-19 
1.041889e+02 3.470631e-19 3.073183e-19 
1.046658e+02 2.811122e-19 2.854760e-19 
1.051426e+02 2.800743e-19 3.134562e-19 
1.056194e+02 2.867246e-19 3.420715e-19 
1.060963e+02 2.686599e-19 3.044870e-19 
1.065731e+02 2.793465e-19 2.941292e-19 
1.070499e+02 3.611908e-19 2.870314e-19 
1.075268e+02 3.076240e-19 3.122269e-19 
1.080036e+02 3.130036e-19 2.596585e-19 
1.084805e+02 3.936995e-19 3.144692e-19 
1.089573e+02 2.264217e-19 2.404165e-19 
1.094341e+02 3.039551e-19 3.482295e-19 
1.101494e+02 2.906554e-19 3.514095e-19 
1.106262e+02 4.195548e-19 2.434013e-19 
1.111031e+02 2.647281e-19 3.012531e-19 
1.115799e+02 2.688461e-19 2.951293e-19 
1.120567e+02 3.291277e-19 2.564919e-19 
1.125336e+02 2.935985e-19 3.234487e-19 
1.132488e+02 3.681910e-19 3.463273e-19 
1.137257e+02 2.614585e-19 3.812382e-19 
1.142025e+02 2.773477e-19 2.460171e-19 
1.146793e+02 2.015476e-19 2.928571e-19 
1.151562e+02 2.667782e-19 2.865758e-19 
1.158714e+02 2.479790e-19 2.368997e-19 
1.163483e+02 3.877254e-19 3.055488e-19 
1.168251e+02 3.459768e-19 2.790384e-19 
1.173019e+02 2.507895e-19 2.810348e-19 
1.180172e+02 2.827429e-19 2.842030e-19 
1.184940e+02 2.384543e-19 2.759063e-19 
1.189709e+02 2.476768e-19 2.731146e-19 
1.194477e+02 2.659247e-19 2.495209e-19 
1.201630e+02 3.925268e-19 3.293185e-19 
1.206398e+02 3.098383e-19 2.568712e-19 
1.211166e+02 2.228977e-19 2.434292e-19 
1.218319e+02 3.291992e-19 3.283072e-19 
1.223087e+02 2.647381e-19 2.764034e-19 
1.227856e+02 2.306232e-19 2.730458e-19 
1.235008e+02 3.123829e-19 3.520457e-19 
1.239777e+02 2.443656e-19 2.530180e-19 
1.246929e+02 2.776055e-19 2.852706e-19 
1.251698e+02 3.107480e-19 2.825701e-19 
1.256466e+02 2.966336e-19 2.618519e-19 
1.263618e+02 2.486188e-19 2.983662e-19 
1.268387e+02 1.957829e-19 2.476807e-19 
1.275539e+02 1.905428e-19 3.118311e-19 
1.280308e+02 2.406152e-19 2.774355e-19 
1.287460e+02 2.199557e-19 1.962977e-19 
1.292229e+02 3.403147e-19 2.393082e-19 
1.299381e+02 2.180086e-19 3.242528e-19 
1.304150e+02 2.826220e-19 3.611517e-19 
1.311302e+02 2.542131e-19 2.627846e-19 
1.316071e+02 1.766208e-19 3.134871e-19 
1.323223e+02 2.620510e-19 2.391885e-19 
1.327991e+02 2.624169e-19 1.879054e-19 
1.335144e+02 2.761731e-19 2.658997e-19 
1.342297e+02 2.095571e-19 2.139292e-19 
1.347065e+02 3.011053e-19 2.653203e-19 
1.354218e+02 2.406711e-19 2.288087e-19 
1.358986e+02 2.983118e-19 2.821631e-19 
1.366138e+02 2.069732e-19 2.739598e-19 
1.373291e+02 2.859065e-19 2.540379e-19 
1.378059e+02 2.282982e-19 3.458656e-19 
1.385212e+02 2.265081e-19 2.429949e-19 
1.392365e+02 2.174141e-19 2.015650e-19 
1.397133e+02 2.177135e-19 2.957858e-19 
1.404285e+02 2.085862e-19 2.171164e-19 
1.411438e+02 2.914083e-19 2.163885e-19 
1.418591e+02 2.553256e-19 1.980760e-19 
1.423359e+02 2.629471e-19 2.968863e-19 
1.430511e+02 2.919631e-19 2.108145e-19 
1.437664e+02 2.348037e-19 2.310862e-19 
1.444817e+02 1.653700e-19 2.506802e-19 
1.449585e+02 2.152515e-19 1.993762e-19 
1.456738e+02 2.209135e-19 2.739459e-19 
1.463890e+02 1.978108e-19 2.370335e-19 
1.471043e+02 3.046111e-19 2.355162e-19 
1.478195e+02 2.018802e-19 2.501644e-19 
1.482964e+02 2.405681e-19 2.479077e-19 
1.490116e+02 1.945899e-19 2.754890e-19 
1.497269e+02 2.513251e-19 2.415316e-19 
1.504421e+02 4.043152e-19 2.211371e-19 
1.511574e+02 2.636560e-19 3.203438e-19 
1.518726e+02 2.313605e-19 2.339042e-19 
1.525879e+02 2.526716e-19 2.527504e-19 
1.533031e+02 2.835190e-19 1.997864e-19 
1.540184e+02 2.594914e-19 2.034786e-19 
1.547337e+02 2.158248e-19 2.483916e-19 
1.554489e+02 2.220179e-19 2.152530e-19 
1.561642e+02 2.499137e-19 1.733243e-19 
1.568794e+02 2.051909e-19 2.122984e-19 
1.575947e+02 2.247340e-19 2.505661e-19 
1.583099e+02 2.127110e-19 2.263690e-19 
1.590252e+02 2.288290e-19 2.135153e-19 
1.597404e+02 1.859367e-19 1.845655e-19 
1.604557e+02 1.774373e-19 2.093600e-19 
1.611710e+02 2.144635e-19 2.531709e-19 
1.618862e+02 2.142593e-19 2.156148e-19 
1.628399e+02 2.587438e-19 2.704983e-19 
1.635551e+02 1.763160e-19 2.302148e-19 
1.642704e+02 2.465394e-19 2.539957e-19 
1.649857e+02 2.264915e-19 1.886453e-19 
1.657009e+02 2.240271e-19 2.643288e-19 
1.664162e+02 1.973002e-19 2.494245e-19 
1.673698e+02 2.206351e-19 1.868277e-19 
1.680851e+02 1.842135e-19 2.202022e-19 
1.688004e+02 2.543874e-19 2.180272e-19 
1.695156e+02 1.972060e-19 2.266022e-19 
1.704693e+02 1.842026e-19 2.611546e-19 
1.711845e+02 1.904818e-19 1.790154e-19 
1.718998e+02 2.384889e-19 1.644205e-19 
1.728535e+02 1.873586e-19 2.523410e-19 
1.735687e+02 1.940910e-19 1.918769e-19 
1.742840e+02 2.817098e-19 2.393643e-19 
1.752377e+02 2.333450e-19 2.356913e-19 
1.759529e+02 2.223981e-19 1.594938e-19 
1.766682e+02 2.402281e-19 2.130890e-19 
1.776218e+02 1.777984e-19 2.117526e-19 
1.783371e+02 1.708909e-19 2.059266e-19 
1.792908e+02 2.060381e-19 2.011754e-19 
1.800060e+02 1.562590e-19 2.060773e-19 
1.809597e+02 1.894040e-19 2.192329e-19 
1.816750e+02 2.007817e-19 1.892567e-19 
1.826286e+02 1.620026e-19 2.189431e-19 
1.833439e+02 2.092409e-19 2.059705e-19 
1.842976e+02 2.054212e-19 1.952639e-19 
1.850128e+02 2.031734e-19 2.332164e-19 
1.859665e+02 1.720200e-19 1.748297e-19 
1.869202e+02 2.004048e-19 1.991312e-19 
1.876354e+02 2.381221e-19 1.758877e-19 
1.885891e+02 2.239690e-19 2.242506e-19 
1.893044e+02 2.689446e-19 2.477583e-19 
1.902580e+02 1.455343e-19 1.694821e-19 
1.912117e+02 1.607621e-19 1.642385e-19 
1.919270e+02 2.000401e-19 2.225030e-19 
1.928806e+02 2.268320e-19 1.845713e-19 
1.938343e+02 2.358336e-19 1.854508e-19 
1.947880e+02 1.856620e-19 1.728642e-19 
1.955032e+02 1.962582e-19 2.833242e-19 
1.964569e+02 1.485787e-19 2.368485e-19 
1.974106e+02 1.537453e-19 1.992505e-19 
1.983643e+02 1.330368e-19 2.011360e-19 
1.993179e+02 2.050811e-19 2.098314e-19 
2.002716e+02 1.671137e-19 1.548056e-19 
2.009869e+02 1.791435e-19 1.843231e-19 
2.019405e+02 1.726768e-19 1.852676e-19 
2.028942e+02 1.491581e-19 2.214433e-19 
2.038479e+02 2.013540e-19 2.358654e-19 
2.048016e+02 1.621442e-19 1.978832e-19 
2.057552e+02 2.146038e-19 1.663440e-19 
2.067089e+02 2.038361e-19 1.854816e-19 
2.076626e+02 1.813991e-19 1.540944e-19 
2.086163e+02 1.948032e-19 1.569802e-19 
2.095699e+02 1.987144e-19 1.789466e-19 
2.105236e+02 1.643713e-19 1.712102e-19 
2.114773e+02 1.777058e-19 1.743658e-19 
2.124310e+02 2.024858e-19 1.909245e-19 
2.133846e+02 1.449835e-19 1.726973e-19 
2.145767e+02 1.815362e-19 1.771971e-19 
2.155304e+02 1.881767e-19 2.446030e-19 
2.164841e+02 1.542466e-19 1.751352e-19 
2.174377e+02 1.848236e-19 1.880155e-19 
2.183914e+02 1.546536e-19 1.916974e-19 
2.193451e+02 1.842672e-19 1.654014e-19 
2.205372e+02 1.915122e-19 1.903057e-19 
2.214909e+02 2.098354e-19 2.102923e-19 
2.224445e+02 1.953099e-19 1.586423e-19 
2.236366e+02 1.719390e-19 1.664214e-19 
2.245903e+02 2.276162e-19 2.557608e-19 
2.255440e+02 1.475903e-19 1.966164e-19 
2.267361e+02 1.622757e-19 1.995475e-19 
2.276897e+02 1.433209e-19 2.116070e-19 
2.286434e+02 1.517364e-19 1.291483e-19 
2.298355e+02 1.956456e-19 1.763635e-19 
2.307892e+02 1.394293e-19 1.653528e-19 
2.319813e+02 1.816158e-19 1.587533e-19 
2.329350e+02 1.817529e-19 2.246466e-19 
2.341270e+02 1.970898e-19 1.266139e-19 
2.350807e+02 1.435940e-19 1.847384e-19 
2.362728e+02 1.563717e-19 1.792712e-19 
2.372265e+02 1.592843e-19 1.612708e-19 
2.384186e+02 1.823463e-19 1.512000e-19 
2.396107e+02 1.478729e-19 1.600216e-19 
2.405643e+02 2.011681e-19 1.651837e-19 
2.417564e+02 1.442491e-19 1.772677e-19 
2.429485e+02 1.976762e-19 1.615058e-19 
2.439022e+02 1.569602e-19 1.603590e-19 
2.450943e+02 1.087802e-19 1.479635e-19 
2.462864e+02 1.855805e-19 2.128749e-19 
2.474785e+02 1.548080e-19 1.373739e-19 
2.484322e+02 1.401383e-19 1.361640e-19 
2.496243e+02 1.418264e-19 1.922424e-19 
2.508163e+02 1.271905e-19 1.399160e-19 
2.520084e+02 1.677797e-19 1.620099e-19 
2.532005e+02 2.151835e-19 1.683246e-19 
2.543926e+02 1.387047e-19 1.392089e-19 
2.553463e+02 1.656503e-19 1.558499e-19 
2.565384e+02 1.701206e-19 1.499996e-19 
2.577305e+02 2.140545e-19 1.815887e-19 
2.589226e+02 1.425040e-19 1.989103e-19 
2.601147e+02 2.472543e-19 1.695900e-19 
2.613068e+02 1.606940e-19 1.791466e-19 
2.624989e+02 1.949060e-19 1.232769e-19 
2.639294e+02 1.432376e-19 2.041449e-19 
2.651215e+02 1.478076e-19 1.635659e-19 
2.663136e+02 1.356332e-19 1.350261e-19 
2.675056e+02 1.249233e-19 1.681490e-19 
2.686977e+02 1.592365e-19 1.275173e-19 
2.698898e+02 1.411781e-19 1.885666e-19 
2.713203e+02 1.577209e-19 1.984791e-19 
2.725124e+02 1.564551e-19 1.617401e-19 
2.737045e+02 1.475863e-19 1.641601e-19 
2.748966e+02 1.345519e-19 1.518894e-19 
2.763271e+02 1.543240e-19 2.001860e-19 
2.775192e+02 1.270222e-19 2.010654e-19 
2.787113e+02 1.457686e-19 1.761006e-19 
2.801418e+02 1.180292e-19 1.405266e-19 
2.813339e+02 1.523505e-19 1.483845e-19 
2.827644e+02 1.130909e-19 1.625311e-19 
2.839565e+02 1.908474e-19 1.445929e-19 
2.853870e+02 1.581464e-19 1.767772e-19 
2.865791e+02 1.601677e-19 1.581755e-19 
2.880096e+02 1.267911e-19 1.237643e-19 
2.892017e+02 1.755251e-19 1.486071e-19 
2.906322e+02 1.571387e-19 1.536140e-19 
2.920628e+02 1.492524e-19 1.986934e-19 
2.932549e+02 1.516891e-19 1.741894e-19 
2.946854e+02 1.519457e-19 1.759772e-19 
2.961159e+02 1.753987e-19 1.893182e-19 
2.973080e+02 1.306446e-19 1.606292e-19 
2.987385e+02 1.289409e-19 1.813098e-19 
3.001690e+02 1.208246e-19 1.969682e-19 
3.015995e+02 1.418205e-19 1.122770e-19 
3.027916e+02 1.752865e-19 1.635109e-19 
3.042221e+02 1.360473e-19 1.408913e-19 
3.056526e+02 1.342249e-19 1.840086e-19 
3.070831e+02 1.792234e-19 2.204609e-19 
3.085136e+02 1.653588e-19 1.592343e-19 
3.099442e+02 1.354812e-19 1.331118e-19 
3.113747e+02 1.682384e-19 1.264436e-19 
3.128052e+02 1.439205e-19 1.292981e-19 
3.142357e+02 1.370859e-19 1.671502e-19 
3.156662e+02 1.249051e-19 1.078468e-19 
3.170967e+02 1.245932e-19 1.864106e-19 
3.185272e+02 1.816551e-19 1.664376e-19 
3.201962e+02 1.481791e-19 9.194949e-20 
3.216267e+02 1.243233e-19 1.733998e-19 
3.230572e+02 1.617101e-19 1.548370e-19 
3.244877e+02 1.359076e-19 1.483815e-19 
3.261566e+02 1.309691e-19 1.810023e-19 
3.275871e+02 1.540190e-19 1.456339e-19 
3.290176e+02 1.599453e-19 1.629021e-19 
3.306866e+02 1.242065e-19 1.611329e-19 
3.321171e+02 1.225913e-19 1.937324e-19 
3.335476e+02 1.710342e-19 1.273343e-19 
3.352165e+02 1.427225e-19 1.339251e-19 
3.366470e+02 1.668471e-19 1.653436e-19 
3.383160e+02 1.554935e-19 1.423187e-19 
3.397465e+02 1.464284e-19 1.487786e-19 
3.414154e+02 1.537518e-19 1.601303e-19 
3.430843e+02 1.107817e-19 1.104901e-19 
3.445148e+02 1.188521e-19 1.676191e-19 
3.461838e+02 1.378875e-19 1.233558e-19 
3.478527e+02 1.211775e-19 1.568863e-19 
3.492832e+02 1.510517e-19 1.179378e-19 
3.509521e+02 1.340936e-19 1.225455e-19 
3.526211e+02 1.395862e-19 1.336416e-19 
3.542900e+02 1.224987e-19 1.738752e-19 
3.559589e+02 1.504569e-19 1.653320e-19 
3.573895e+02 1.232421e-19 1.568807e-19 
3.590584e+02 1.489705e-19 1.574617e-19 
3.607273e+02 1.541903e-19 1.960316e-19 
3.623962e+02 1.379674e-19 1.676941e-19 
3.640652e+02 1.623673e-19 1.172125e-19 
3.657341e+02 1.233002e-19 1.544401e-19 
3.674030e+02 1.444917e-19 1.348084e-19 
3.693104e+02 1.492747e-19 1.398263e-19 
3.709793e+02 1.295449e-19 1.766060e-19 
3.726482e+02 1.243412e-19 1.367801e-19 
3.743172e+02 1.211928e-19 1.332235e-19 
3.759861e+02 1.079933e-19 1.112037e-19 
3.778934e+02 1.422344e-19 1.394690e-19 
3.795624e+02 1.531693e-19 9.783663e-20 
3.812313e+02 1.341195e-19 1.481605e-19 
3.831387e+02 1.518716e-19 1.437174e-19 
3.848076e+02 1.193663e-19 1.052954e-19 
3.867149e+02 1.419857e-19 1.756534e-19 
3.883839e+02 1.491462e-19 1.184838e-19 
3.902912e+02 1.350401e-19 1.103395e-19 
3.919601e+02 1.489701e-19 1.231801e-19 
3.938675e+02 1.274408e-19 1.918625e-19 
3.955364e+02 1.325649e-19 9.792941e-20 
3.974438e+02 1.459128e-19 1.104092e-19 
3.993511e+02 1.729748e-19 1.178777e-19 
4.010201e+02 1.332975e-19 1.395771e-19 
4.029274e+02 1.139391e-19 1.695075e-19 
4.048347e+02 1.422602e-19 1.414475e-19 
4.067421e+02 1.568716e-19 1.206539e-19 
4.086494e+02 1.453291e-19 1.186091e-19 
4.105568e+02 1.274608e-19 1.490732e-19 
4.122257e+02 1.280601e-19 1.525955e-19 
4.141331e+02 1.519974e-19 1.205637e-19 
4.160404e+02 1.253976e-19 1.203375e-19 
4.181862e+02 1.387404e-19 1.362291e-19 
4.200935e+02 1.558661e-19 1.398057e-19 
4.220009e+02 1.272628e-19 1.523871e-19 
4.239082e+02 1.328362e-19 9.652098e-20 
4.258156e+02 1.970738e-19 1.504180e-19 
4.277229e+02 1.420386e-19 1.064011e-19 
4.298687e+02 1.193395e-19 1.200430e-19 
4.317760e+02 1.485647e-19 1.541480e-19 
4.336834e+02 1.142730e-19 1.495864e-19 
4.358292e+02 1.510994e-19 1.400688e-19 
4.377365e+02 1.253153e-19 1.089850e-19 
4.398823e+02 1.361609e-19 1.277679e-19 
4.417896e+02 9.850948e-20 1.190350e-19 
4.439354e+02 1.491386e-19 1.063936e-19 
4.458427e+02 1.643900e-19 1.501643e-19 
4.479885e+02 1.492559e-19 1.166484e-19 
4.501343e+02 1.761033e-19 1.239127e-19 
4.520416e+02 1.339608e-19 1.661251e-19 
4.541874e+02 1.190235e-19 1.709426e-19 
4.563332e+02 8.096521e-20 1.072846e-19 
4.584789e+02 1.419413e-19 1.359077e-19 
4.606247e+02 1.271161e-19 1.511990e-19 
4.625320e+02 1.223194e-19 1.553681e-19 
4.646778e+02 1.151747e-19 1.061765e-19 
4.668236e+02 1.143206e-19 1.214297e-19 
4.689693e+02 1.157112e-19 1.156123e-19 
4.711151e+02 1.315235e-19 1.357753e-19 
4.734993e+02 1.060144e-19 1.332481e-19 
4.756451e+02 1.173982e-19 1.263446e-19 
4.777908e+02 8.509932e-20 1.494191e-19 
4.799366e+02 1.373978e-19 1.218339e-19 
4.823208e+02 1.475856e-19 9.780187e-20 
4.844666e+02 1.424275e-19 1.106913e-19 
4.866123e+02 1.136457e-19 1.654343e-19 
4.889965e+02 1.011766e-19 1.273612e-19 
4.911423e+02 9.090678e-20 1.677390e-19 
4.935265e+02 1.326284e-19 1.200140e-19 
4.956722e+02 1.230352e-19 1.434548e-19 
4.980564e+02 1.536925e-19 1.340033e-19 
5.002022e+02 1.554940e-19 1.494909e-19 
5.025864e+02 1.161349e-19 1.225183e-19 
5.049706e+02 9.783873e-20 1.161318e-19 
5.073547e+02 1.317679e-19 1.091708e-19 
5.095005e+02 8.699113e-20 1.135364e-19 
5.118847e+02 1.644458e-19 6.908011e-20 
5.142689e+02 1.234843e-19 9.093513e-20 
5.166531e+02 1.380841e-19 1.156279e-19 
5.190372e+02 1.327770e-19 1.309128e-19 
5.214214e+02 1.122553e-19 1.063781e-19 
5.238056e+02 1.172652e-19 1.000453e-19 
5.261898e+02 1.230213e-19 9.778678e-20 
5.288124e+02 1.139375e-19 1.616462e-19 
5.311966e+02 1.053553e-19 1.446259e-19 
5.335808e+02 8.822819e-20 1.213021e-19 
5.359650e+02 9.883349e-20 8.854391e-20 
5.385876e+02 6.737848e-20 1.134623e-19 
5.409718e+02 1.433991e-19 1.261431e-19 
5.435944e+02 1.078401e-19 1.251429e-19 
5.459785e+02 1.322763e-19 1.563949e-19 
5.486012e+02 1.206191e-19 1.320737e-19 
5.509853e+02 1.001685e-19 9.319423e-20 
5.536079e+02 8.673656e-20 1.388987e-19 
5.562305e+02 1.432667e-19 1.464926e-19 
5.588531e+02 1.234871e-19 1.363945e-19 
5.612373e+02 1.192169e-19 9.940221e-20 
5.638599e+02 1.188444e-19 1.201066e-19 
5.664825e+02 1.256640e-19 1.325411e-19 
5.691051e+02 1.044155e-19 9.839510e-20 
5.717278e+02 1.121779e-19 1.150340e-19 
5.743504e+02 1.307328e-19 9.952526e-20 
5.769730e+02 1.023718e-19 9.401370e-20 
5.798340e+02 9.643102e-20 1.120022e-19 
5.824566e+02 1.264828e-19 1.177287e-19 
5.850792e+02 1.464801e-19 1.035558e-19 
5.877018e+02 1.048503e-19 1.020428e-19 
5.905628e+02 7.585539e-20 1.300202e-19 
5.931854e+02 1.165168e-19 1.190288e-19 
5.960464e+02 1.331046e-19 1.217911e-19 
5.986691e+02 8.095133e-20 8.881499e-20 
6.015301e+02 1.222589e-19 1.063978e-19 
6.041527e+02 9.967094e-20 1.460134e-19 
6.070137e+02 1.139509e-19 1.064524e-19 
6.098747e+02 1.450883e-19 9.857915e-20 
6.127357e+02 9.596466e-20 8.084365e-20 
6.153584e+02 7.363513e-20 1.106212e-19 
6.182194e+02 1.116595e-19 1.184159e-19 
6.210804e+02 8.734847e-20 1.174747e-19 
6.239414e+02 9.414978e-20 1.029248e-19 
6.268024e+02 1.312889e-19 9.902988e-20 
6.299019e+02 1.037296e-19 1.206091e-19 
6.327629e+02 1.142903e-19 9.844943e-20 
6.356239e+02 1.119216e-19 1.025947e-19 
6.384850e+02 1.062470e-19 1.166094e-19 
6.415844e+02 8.718130e-20 1.014538e-19 
6.444454e+02 1.207371e-19 9.989583e-20 
6.475449e+02 9.505282e-20 8.977805e-20 
6.504059e+02 9.093542e-20 1.116765e-19 
6.535053e+02 8.866934e-20 1.352944e-19 
6.563663e+02 9.866027e-20 1.153985e-19 
6.594658e+02 7.964503e-20 9.400734e-20 
6.625652e+02 8.261383e-20 1.042882e-19 
6.656647e+02 9.532528e-20 8.334232e-20 
6.687641e+02 9.366308e-20 8.723404e-20 
6.716251e+02 8.330598e-20 9.468472e-20 
6.749630e+02 9.768622e-20 1.044446e-19 
6.780624e+02 8.999128e-20 1.232704e-19 
6.811619e+02 1.106578e-19 1.161101e-19 
6.842613e+02 8.018034e-20 1.036964e-19 
6.873608e+02 9.702729e-20 9.071469e-20 
6.904602e+02 1.177995e-19 6.978380e-20 
6.937981e+02 1.193336e-19 9.724121e-20 
6.968975e+02 1.155752e-19 6.329531e-20 
7.002354e+02 1.044304e-19 8.990902e-20 
7.033348e+02 1.017486e-19 9.660749e-20 
7.066727e+02 7.628300e-20 9.146892e-20 
7.100105e+02 9.590495e-20 9.543547e-20 
7.131100e+02 1.008131e-19 7.604524e-20 
7.164478e+02 1.069845e-19 1.074998e-19 
7.197857e+02 9.112585e-20 9.777162e-20 
7.231236e+02 8.397632e-20 1.016210e-19 
7.264614e+02 1.156071e-19 9.713753e-20 
7.297993e+02 8.248601e-20 1.182311e-19 
7.331371e+02 8.858365e-20 6.337710e-20 
7.364750e+02 7.642640e-20 8.845072e-20 
7.400513e+02 7.901577e-20 9.386045e-20 
7.433891e+02 9.132515e-20 8.278803e-20 
7.467270e+02 1.016511e-19 8.892401e-20 
7.503033e+02 9.830996e-20 1.048845e-19 
7.536411e+02 1.030689e-19 1.017048e-19 
7.572174e+02 8.733442e-20 8.695611e-20 
7.605553e+02 9.372279e-20 1.034942e-19 
7.641315e+02 8.436485e-20 8.076316e-20 
7.677078e+02 8.620242e-20 1.095049e-19 
7.712841e+02 7.904367e-20 1.034567e-19 
7.748604e+02 9.281655e-20 8.630329e-20 
7.784367e+02 1.101671e-19 9.220041e-20 
7.820129e+02 7.619087e-20 8.257250e-20 
7.855892e+02 1.179560e-19 9.065111e-20 
7.891655e+02 1.102512e-19 8.491626e-20 
7.927418e+02 8.488336e-20 8.870906e-20 
7.965565e+02 9.979788e-20 8.931219e-20 
8.001328e+02 8.776645e-20 9.332379e-20 
8.039474e+02 8.679374e-20 1.101127e-19 
8.075237e+02 9.454774e-20 8.701763e-20 
8.113384e+02 8.210604e-20 8.708953e-20 
8.151531e+02 7.850328e-20 7.784665e-20 
8.187294e+02 8.462958e-20 9.858789e-20 
8.225441e+02 7.332218e-20 6.660811e-20 
8.263588e+02 6.879088e-20 9.070313e-20 
8.301735e+02 8.643221e-20 7.486932e-20 
8.339882e+02 1.090247e-19 9.389684e-20 
8.378029e+02 1.014870e-19 1.076598e-19 
8.418560e+02 6.689165e-20 8.200512e-20 
8.456707e+02 8.323253e-20 8.234531e-20 
8.494854e+02 7.318482e-20 7.459298e-20 
8.535385e+02 8.925933e-20 1.043601e-19 
8.573532e+02 7.212351e-20 7.875611e-20 
8.614063e+02 9.806995e-20 1.019100e-19 
8.652210e+02 7.705828e-20 7.710235e-20 
8.692741e+02 8.929924e-20 1.112493e-19 
8.733273e+02 8.713048e-20 7.083636e-20 
8.773804e+02 9.685989e-20 7.998885e-20 
8.814335e+02 7.617871e-20 6.606160e-20 
8.854866e+02 1.017939e-19 9.934056e-20 
8.895397e+02 7.090686e-20 7.343532e-20 
8.935928e+02 1.039533e-19 6.780137e-20 
8.978844e+02 8.081319e-20 8.510679e-20 
9.019375e+02 1.010726e-19 1.021123e-19 
9.062290e+02 8.223637e-20 7.286684e-20 
9.102821e+02 9.887466e-20 8.324699e-20 
9.145737e+02 6.282303e-20 7.948666e-20 
9.186268e+02 7.823415e-20 7.461238e-20 
9.229183e+02 8.871637e-20 6.565052e-20 
9.272099e+02 5.425977e-20 7.732433e-20 
9.315014e+02 6.839385e-20 5.989210e-20 
9.357929e+02 9.756218e-20 7.845093e-20 
9.400845e+02 6.612083e-20 8.818003e-20 
9.443760e+02 6.652034e-20 8.913376e-20 
9.489059e+02 7.195151e-20 7.804726e-20 
9.531975e+02 6.816438e-20 7.514670e-20 
9.574890e+02 8.577842e-20 8.930485e-20 
9.620190e+02 7.024854e-20 7.084419e-20 
9.665489e+02 9.610805e-20 6.902626e-20 
9.708405e+02 8.077183e-20 8.453112e-20 
9.753704e+02 7.493299e-20 7.264447e-20 
9.799004e+02 6.824776e-20 8.311465e-20 
9.844303e+02 8.310636e-20 9.885792e-20 
9.889603e+02 6.909208e-20 6.787351e-20 
9.934902e+02 6.534236e-20 8.803893e-20 
9.980202e+02 7.639255e-20 6.826640e-20 
1.002789e+03 8.136086e-20 8.203323e-20 
1.007318e+03 5.966993e-20 5.997679e-20 
1.012087e+03 7.041914e-20 7.039316e-20 
1.016617e+03 8.174130e-20 7.516962e-20 
1.021385e+03 7.922055e-20 5.735523e-20 
1.026154e+03 6.732769e-20 8.151891e-20 
1.030922e+03 7.754158e-20 6.882486e-20 
1.035452e+03 8.046852e-20 7.789354e-20 
1.040459e+03 8.751958e-20 7.306002e-20 
1.045227e+03 6.679896e-20 7.654987e-20 
1.049995e+03 6.760439e-20 6.406675e-20 
1.054764e+03 7.642559e-20 7.623351e-20 
1.059771e+03 7.149714e-20 8.334301e-20 
1.064539e+03 6.644452e-20 8.888107e-20 
1.069546e+03 6.807324e-20 5.403415e-20 
1.074314e+03 6.299777e-20 7.449336e-20 
1.079321e+03 5.397533e-20 7.370732e-20 
1.084328e+03 7.398200e-20 5.746977e-20 
1.089334e+03 6.868903e-20 6.871771e-20 
1.094341e+03 6.020757e-20 7.325205e-20 
1.099348e+03 5.610230e-20 7.023312e-20 
1.104593e+03 7.186581e-20 8.279311e-20 
1.109600e+03 5.064290e-20 7.441875e-20 
1.114845e+03 6.920536e-20 5.976062e-20 
1.119852e+03 8.376253e-20 9.862339e-20 
1.125097e+03 6.502002e-20 7.699893e-20 
1.130342e+03 6.377289e-20 8.009875e-20 
1.135349e+03 5.806689e-20 8.622028e-20 
1.140594e+03 6.920098e-20 7.899637e-20 
1.146078e+03 5.189391e-20 9.042014e-20 
1.151323e+03 5.945656e-20 5.118436e-20 
1.156569e+03 5.822714e-20 6.304357e-20 
1.161814e+03 7.253454e-20 6.958123e-20 
1.167297e+03 5.526668e-20 6.974481e-20 
1.172543e+03 5.908313e-20 5.105618e-20 
1.178026e+03 4.267190e-20 7.442864e-20 
1.183510e+03 7.158698e-20 6.101777e-20 
1.188993e+03 4.857057e-20 4.379878e-20 
1.194477e+03 5.608367e-20 6.266323e-20 
1.199961e+03 6.613546e-20 5.973674e-20 
1.205444e+03 5.622504e-20 4.328639e-20 
1.211166e+03 6.176371e-20 6.394817e-20 
1.216650e+03 6.491320e-20 5.075471e-20 
1.222372e+03 4.770528e-20 4.736637e-20 
1.227856e+03 4.274358e-20 5.806006e-20 
1.233578e+03 6.759877e-20 6.591381e-20 
1.239300e+03 5.912401e-20 7.160774e-20 
1.245022e+03 4.884764e-20 6.265663e-20 
1.250744e+03 4.865855e-20 5.066693e-20 
1.256466e+03 5.459487e-20 6.089206e-20 
1.262426e+03 5.740748e-20 4.247999e-20 
1.268148e+03 5.818845e-20 6.593700e-20 
1.274109e+03 5.709874e-20 4.917413e-20 
1.279831e+03 7.616335e-20 3.800746e-20 
1.285791e+03 5.571776e-20 6.125838e-20 
1.291752e+03 5.181150e-20 3.971392e-20 
1.297712e+03 4.918293e-20 4.839517e-20 
1.303673e+03 7.791100e-20 4.987404e-20 
1.309633e+03 5.417678e-20 4.611489e-20 
1.315832e+03 5.228878e-20 5.570875e-20 
1.321793e+03 5.325442e-20 4.808655e-20 
1.327991e+03 4.438891e-20 5.639376e-20 
1.333952e+03 4.718792e-20 5.488603e-20 
1.340151e+03 5.576703e-20 4.655620e-20 
1.346350e+03 4.524712e-20 5.517545e-20 
1.352549e+03 4.526477e-20 5.051388e-20 
1.358747e+03 4.725997e-20 4.035024e-20 
1.365185e+03 4.314257e-20 4.995913e-20 
1.371384e+03 4.521813e-20 4.947845e-20 
1.377821e+03 6.117330e-20 5.060272e-20 
1.384020e+03 4.340965e-20 4.857099e-20 
1.390457e+03 4.971334e-20 4.708723e-20 
1.396894e+03 3.631350e-20 4.793140e-20 
1.403332e+03 4.672164e-20 5.122556e-20 
1.409769e+03 5.294653e-20 5.276575e-20 
1.416445e+03 4.565971e-20 5.281830e-20 
1.422882e+03 4.034243e-20 4.797009e-20 
1.429319e+03 4.611432e-20 6.015379e-20 
1.435995e+03 6.635779e-20 3.969074e-20 
1.442671e+03 4.201114e-20 4.159937e-20 
1.449347e+03 6.756608e-20 3.715934e-20 
1.456022e+03 4.319023e-20 4.599980e-20 
1.462698e+03 2.774794e-20 5.041696e-20 
1.469374e+03 4.350588e-20 4.149034e-20 
1.476288e+03 4.356845e-20 4.539169e-20 
1.482964e+03 4.044528e-20 3.789330e-20 
1.489878e+03 5.389099e-20 5.881863e-20 
1.496792e+03 5.053352e-20 4.967558e-20 
1.503706e+03 4.655408e-20 5.436713e-20 
1.510620e+03 3.724186e-20 3.893494e-20 
1.517534e+03 4.248932e-20 4.482200e-20 
1.524687e+03 3.962220e-20 4.406990e-20 
1.531601e+03 5.368575e-20 3.655121e-20 
1.538754e+03 3.797516e-20 3.367085e-20 
1.545906e+03 3.768947e-20 3.671593e-20 
1.553059e+03 3.148440e-20 4.560092e-20 
1.560211e+03 5.483633e-20 3.497240e-20 
