
  614.0670
  591.5496
  553.0134
  552.8719
  186.6269
  542.6867
  545.3162
  553.8314
  558.6130
  548.0054
  574.6693
  554.4669
  578.2215
  598.9792
  594.5696
  608.0408
  600.1042
  595.8934
  570.5230
  178.8267
  634.5719
  599.3117
  550.5899
  579.5911
  425.7683
  603.1794
  590.4691
  600.1696
  602.3447
  600.1348
  609.5197
  531.3211
  504.9836
  529.4834
  189.3692
  488.3352
  535.0070
  535.0418
  544.2245
  570.1509
  523.6808
  531.0957
  506.1038
  562.0586
  535.4903
  571.1875
  530.8247
  624.5518
  618.0908
  618.6555
  613.9745
  585.4257
  445.1598
  561.9903
  610.7099
  604.0833
  514.3864
  606.8303
  605.3294
  634.6146
  613.1850
  203.3310
  570.5950
  607.1532
  615.1882
  607.8233
  627.1469
  478.9414
  611.5016
  599.4027
  600.3124
  607.9035
  608.9857
  620.0079
  610.7935
  607.0185
  626.6960
  612.5459
  602.5315
  615.9345
  443.7316
  598.3502
  617.4660
  598.0965
  599.0450
  592.6383
  559.4009
  619.1397
  187.5402
  504.7328
  621.4073
  569.8364
  569.4660
  625.8363
  531.3103
  626.6013
  595.1297
  628.1040
  627.9789
  593.6790
  634.0355
  554.9498
  550.8473
  623.7060
  559.0276
  555.3841
  623.7601
  448.2812
  527.8890
  625.8296
  629.4732
  527.9272
  622.7360
  615.2643
  606.7728
  608.6463
  616.9242
  612.4117
  621.2585
  619.8501
  602.7980
  599.9246
  587.3345
  611.4424
  634.6024
  614.7086
  620.0043
  612.7531
  611.7512
  622.5315
  608.9719
  450.5457
  614.6401
  628.2708
  594.0675
  614.9745
  611.8030
  607.4235
  604.1154
  618.6867
  203.2944
  611.6676
  605.4054
  580.0799
  605.3497
  621.4683
  612.6913
  600.5969
  612.1601
  617.0253
  613.8571
  621.6782
  610.0360
  609.0657
  617.6768
  606.5779
  613.1740
  444.4662
  605.8663
  613.9964
  621.1608
  606.4796
  604.1003
  607.0995
  620.1484
  617.2337
  593.8549
  207.2079
  608.1349
  617.3306
  616.8111
  619.3809
  610.0608
  618.5485
  604.6340
  607.5051
  593.7804
  605.4597
  587.4390
  608.3014
  606.7412
  601.8458
  610.5485
  616.0015
  440.3690
  590.7509
  616.9224
  588.4612
  605.2225
  605.9771
  625.7981
  630.2154
  205.0064
  607.1837
  601.7581
  610.1548
  610.4291
  614.1858
  605.6760
  609.3020
  609.5897
  602.6066
  591.4627
  609.7911
  609.0352
  600.6053
  618.4741
  614.8757
  626.5303
  585.0549
  436.2078
  587.0869
  442.8907
