f Pxx 
0.000000e+00 3.553781e-19 
7.398201e-01 1.682987e-19 
1.479640e+00 2.866819e-19 
2.219460e+00 2.699070e-19 
2.959280e+00 3.364133e-19 
3.699100e+00 4.461988e-19 
4.438920e+00 1.512811e-19 
5.178741e+00 5.463939e-19 
5.918561e+00 4.714417e-19 
6.658381e+00 4.089630e-19 
7.398201e+00 3.183274e-19 
8.138021e+00 2.542732e-19 
8.877841e+00 2.870258e-19 
9.617661e+00 5.552529e-19 
1.035748e+01 3.415238e-19 
1.109730e+01 3.862766e-19 
1.183712e+01 2.643404e-19 
1.257694e+01 1.732164e-19 
1.331676e+01 2.823378e-19 
1.405658e+01 3.487178e-19 
1.479640e+01 2.835273e-19 
1.553622e+01 3.693098e-19 
1.627604e+01 2.493006e-19 
1.701586e+01 5.868546e-19 
1.775568e+01 4.768996e-19 
1.849550e+01 3.997727e-19 
1.923532e+01 3.403936e-19 
1.997514e+01 1.019367e-19 
2.071496e+01 2.392162e-19 
2.145478e+01 1.467092e-19 
2.219460e+01 2.789321e-19 
2.293442e+01 5.441332e-19 
2.367424e+01 3.140311e-19 
2.441406e+01 1.698488e-19 
2.515388e+01 2.102659e-19 
2.589370e+01 1.568188e-19 
2.663352e+01 1.875218e-19 
2.737334e+01 3.743635e-19 
2.811316e+01 2.133284e-19 
2.885298e+01 1.961637e-19 
2.959280e+01 1.174292e-19 
3.033262e+01 2.270990e-19 
3.107244e+01 1.442232e-19 
3.181226e+01 2.786250e-19 
3.255208e+01 3.254769e-19 
3.329190e+01 2.007345e-19 
3.403172e+01 1.427057e-19 
3.477154e+01 1.737002e-19 
3.551136e+01 9.824048e-20 
3.625118e+01 1.532281e-19 
3.699100e+01 2.129765e-19 
3.773082e+01 2.443411e-19 
3.847064e+01 1.663063e-19 
3.921046e+01 1.725940e-19 
3.995028e+01 1.386871e-19 
4.069010e+01 1.476541e-19 
4.142992e+01 1.271044e-19 
4.216974e+01 2.048516e-19 
4.290956e+01 1.985749e-19 
4.364938e+01 1.402609e-19 
4.438920e+01 2.819523e-19 
4.512902e+01 2.029846e-19 
4.586884e+01 1.494417e-19 
4.660866e+01 1.120208e-19 
4.734848e+01 1.251208e-19 
4.808830e+01 1.826736e-19 
4.882813e+01 8.549977e-20 
4.956795e+01 1.137733e-19 
5.030777e+01 8.473723e-20 
5.104759e+01 7.972824e-20 
5.178741e+01 1.502674e-19 
5.252723e+01 1.008141e-19 
5.326705e+01 9.851183e-20 
5.400687e+01 1.508731e-19 
5.474669e+01 1.196161e-19 
5.548651e+01 1.722712e-19 
5.622633e+01 1.315189e-19 
5.696615e+01 2.172675e-19 
5.770597e+01 9.929421e-20 
5.844579e+01 1.171950e-19 
5.918561e+01 9.595055e-20 
5.992543e+01 2.474622e-19 
6.066525e+01 1.116658e-19 
6.140507e+01 1.019826e-19 
6.214489e+01 1.381608e-19 
6.288471e+01 3.604267e-20 
6.362453e+01 1.866791e-19 
6.436435e+01 1.490281e-19 
6.510417e+01 1.492583e-19 
6.584399e+01 1.109272e-19 
6.658381e+01 7.501244e-20 
6.732363e+01 1.267650e-19 
6.806345e+01 6.684117e-20 
6.880327e+01 1.041052e-19 
6.954309e+01 8.786699e-20 
7.028291e+01 1.172465e-19 
7.102273e+01 1.210853e-19 
7.176255e+01 8.951239e-20 
7.250237e+01 6.672957e-20 
7.324219e+01 9.891350e-20 
7.398201e+01 7.567527e-20 
7.472183e+01 1.064782e-19 
7.546165e+01 7.926876e-20 
7.620147e+01 1.236679e-19 
7.694129e+01 4.052347e-20 
7.768111e+01 7.381917e-20 
7.842093e+01 7.205265e-20 
7.916075e+01 7.765393e-20 
7.990057e+01 6.894090e-20 
8.064039e+01 5.942290e-20 
8.138021e+01 5.807544e-20 
8.212003e+01 5.161098e-20 
8.285985e+01 1.415973e-19 
8.359967e+01 9.420133e-20 
8.433949e+01 8.634564e-20 
8.507931e+01 1.150899e-19 
8.581913e+01 1.052568e-19 
8.655895e+01 4.990417e-20 
8.729877e+01 9.575213e-20 
8.803859e+01 5.899298e-20 
8.877841e+01 8.004707e-20 
8.951823e+01 5.215713e-20 
9.025805e+01 6.593830e-20 
9.099787e+01 4.964784e-20 
9.173769e+01 1.151505e-19 
9.247751e+01 5.677611e-20 
9.321733e+01 7.203091e-20 
9.395715e+01 9.252647e-20 
9.469697e+01 4.809215e-20 
9.543679e+01 1.308812e-19 
9.617661e+01 5.588668e-20 
9.691643e+01 4.904923e-20 
9.765625e+01 6.279001e-20 
9.839607e+01 5.868622e-20 
9.913589e+01 6.534563e-20 
9.987571e+01 3.855126e-20 
1.006155e+02 7.696688e-20 
1.013554e+02 5.722190e-20 
1.020952e+02 7.898113e-20 
1.028350e+02 3.313917e-20 
1.035748e+02 6.210454e-20 
1.043146e+02 7.864253e-20 
1.050545e+02 8.098783e-20 
1.057943e+02 3.900868e-20 
1.065341e+02 6.753847e-20 
1.072739e+02 5.779486e-20 
1.080137e+02 4.478126e-20 
1.087536e+02 4.884929e-20 
1.094934e+02 4.838332e-20 
1.102332e+02 5.575008e-20 
1.109730e+02 7.646565e-20 
1.117128e+02 7.626280e-20 
1.124527e+02 6.444311e-20 
1.131925e+02 6.472518e-20 
1.139323e+02 6.251882e-20 
1.146721e+02 8.050343e-20 
1.154119e+02 3.535614e-20 
1.161518e+02 2.410090e-20 
1.168916e+02 7.432088e-20 
1.176314e+02 2.833983e-20 
1.183712e+02 7.268515e-20 
1.191110e+02 3.582773e-20 
1.198509e+02 4.908505e-20 
1.205907e+02 2.241763e-20 
1.213305e+02 5.694333e-20 
1.220703e+02 3.489214e-20 
1.228101e+02 3.369521e-20 
1.235500e+02 8.966594e-20 
1.242898e+02 8.632329e-20 
1.250296e+02 2.699436e-20 
1.257694e+02 1.649365e-20 
1.265092e+02 4.471927e-20 
1.272491e+02 7.656699e-20 
1.279889e+02 4.250003e-20 
1.287287e+02 4.943886e-20 
1.294685e+02 3.777844e-20 
1.302083e+02 2.991105e-20 
1.309482e+02 6.672339e-20 
1.316880e+02 2.982871e-20 
1.324278e+02 1.002442e-19 
1.331676e+02 5.416568e-20 
1.339074e+02 1.027589e-19 
1.346473e+02 6.647893e-20 
1.353871e+02 4.489215e-20 
1.361269e+02 4.872077e-20 
1.368667e+02 3.755112e-20 
1.376065e+02 5.662418e-20 
1.383464e+02 2.601259e-20 
1.390862e+02 4.934325e-20 
1.398260e+02 2.157919e-20 
1.405658e+02 5.319031e-20 
1.413056e+02 6.626394e-20 
1.420455e+02 4.638947e-20 
1.427853e+02 3.598654e-20 
1.435251e+02 3.951454e-20 
1.442649e+02 3.620047e-20 
1.450047e+02 3.772295e-20 
1.457446e+02 2.479863e-20 
1.464844e+02 8.140098e-20 
1.472242e+02 3.956263e-20 
1.479640e+02 4.486696e-20 
1.487038e+02 3.324549e-20 
1.494437e+02 2.994094e-20 
1.501835e+02 3.293247e-20 
1.509233e+02 4.087532e-20 
1.516631e+02 5.102984e-20 
1.524029e+02 3.471585e-20 
1.531428e+02 3.810837e-20 
1.538826e+02 2.476860e-20 
1.546224e+02 1.738164e-20 
1.553622e+02 6.332038e-20 
1.561020e+02 5.191270e-20 
1.568419e+02 4.842946e-20 
1.575817e+02 5.503023e-20 
1.583215e+02 4.042264e-20 
1.590613e+02 2.487314e-20 
1.598011e+02 5.438630e-20 
1.605410e+02 4.676895e-20 
1.612808e+02 5.137017e-20 
1.620206e+02 2.403134e-20 
1.627604e+02 2.973028e-20 
1.635002e+02 3.986095e-20 
1.642401e+02 2.780526e-20 
1.649799e+02 3.923010e-20 
1.657197e+02 2.377911e-20 
1.664595e+02 3.911566e-20 
1.671993e+02 1.632092e-20 
1.679392e+02 1.182135e-20 
1.686790e+02 3.529205e-20 
1.694188e+02 6.011846e-20 
1.701586e+02 4.986143e-20 
1.708984e+02 2.995165e-20 
1.716383e+02 2.066025e-20 
1.723781e+02 2.371534e-20 
1.731179e+02 4.184790e-20 
1.738577e+02 2.168067e-20 
1.745975e+02 5.297056e-20 
1.753374e+02 3.908784e-20 
1.760772e+02 2.018313e-20 
1.768170e+02 5.040041e-20 
1.775568e+02 1.574048e-20 
1.782966e+02 3.168965e-20 
1.790365e+02 2.200409e-20 
1.797763e+02 1.813676e-20 
1.805161e+02 3.930065e-20 
1.812559e+02 4.328626e-20 
1.819957e+02 4.308352e-20 
1.827356e+02 1.796867e-20 
1.834754e+02 2.910455e-20 
1.842152e+02 1.827016e-20 
1.849550e+02 2.122126e-20 
1.856948e+02 2.454608e-20 
1.864347e+02 3.454075e-20 
1.871745e+02 3.605632e-20 
1.879143e+02 1.909352e-20 
1.886541e+02 4.913384e-20 
1.893939e+02 2.496263e-20 
1.901338e+02 3.847207e-20 
1.908736e+02 2.930664e-20 
1.916134e+02 3.223896e-20 
1.923532e+02 3.224611e-20 
1.930930e+02 1.884673e-20 
1.938329e+02 1.289990e-20 
1.945727e+02 2.805692e-20 
1.953125e+02 2.456430e-20 
1.960523e+02 1.860021e-20 
1.967921e+02 2.715125e-20 
1.975320e+02 2.961927e-20 
1.982718e+02 2.413290e-20 
1.990116e+02 2.343387e-20 
1.997514e+02 4.073907e-20 
2.004912e+02 3.552907e-20 
2.012311e+02 1.407792e-20 
2.019709e+02 2.813308e-20 
2.027107e+02 2.769160e-20 
2.034505e+02 2.636292e-20 
2.041903e+02 2.759770e-20 
2.049302e+02 1.650647e-20 
2.056700e+02 2.656705e-20 
2.064098e+02 3.018075e-20 
2.071496e+02 2.945418e-20 
2.078894e+02 2.692393e-20 
2.086293e+02 1.068898e-20 
2.093691e+02 3.359855e-20 
2.101089e+02 1.653146e-20 
2.108487e+02 3.336028e-20 
2.115885e+02 4.463363e-20 
2.123284e+02 3.130414e-20 
2.130682e+02 1.836758e-20 
2.138080e+02 3.224523e-20 
2.145478e+02 3.068998e-20 
2.152876e+02 1.651943e-20 
2.160275e+02 1.419450e-20 
2.167673e+02 2.574199e-20 
2.175071e+02 3.635447e-20 
2.182469e+02 2.769085e-20 
2.189867e+02 2.755436e-20 
2.197266e+02 2.740097e-20 
2.204664e+02 2.562072e-20 
2.212062e+02 3.042588e-20 
2.219460e+02 1.544347e-20 
2.226858e+02 2.055547e-20 
2.234257e+02 3.835036e-20 
2.241655e+02 3.583805e-20 
2.249053e+02 2.427586e-20 
2.256451e+02 4.453990e-20 
2.263849e+02 2.996359e-20 
2.271248e+02 1.579289e-20 
2.278646e+02 3.291567e-20 
2.286044e+02 5.321731e-20 
2.293442e+02 1.996403e-20 
2.300840e+02 9.615817e-21 
2.308239e+02 2.383530e-20 
2.315637e+02 2.275536e-20 
2.323035e+02 1.490394e-20 
2.330433e+02 1.329873e-20 
2.337831e+02 4.933075e-20 
2.345230e+02 2.344320e-20 
2.352628e+02 2.956482e-20 
2.360026e+02 2.848468e-20 
2.367424e+02 2.697072e-20 
2.374822e+02 2.404598e-20 
2.382221e+02 1.650040e-20 
2.389619e+02 2.007859e-20 
2.397017e+02 1.772505e-20 
2.404415e+02 1.679834e-20 
2.411813e+02 1.958509e-20 
2.419212e+02 3.146435e-20 
2.426610e+02 1.556992e-20 
2.434008e+02 2.169309e-20 
2.441406e+02 3.519420e-20 
2.448804e+02 1.666816e-20 
2.456203e+02 1.476217e-20 
2.463601e+02 1.867060e-20 
2.470999e+02 2.076317e-20 
2.478397e+02 1.117247e-20 
2.485795e+02 3.324116e-20 
2.493194e+02 2.710440e-20 
2.500592e+02 2.642260e-20 
2.507990e+02 1.913347e-20 
2.515388e+02 3.677671e-20 
2.522786e+02 1.078377e-20 
2.530185e+02 3.704850e-20 
2.537583e+02 4.119105e-20 
2.544981e+02 2.055438e-20 
2.552379e+02 1.767446e-20 
2.559777e+02 1.429035e-20 
2.567176e+02 2.515345e-20 
2.574574e+02 2.185290e-20 
2.581972e+02 2.548960e-20 
2.589370e+02 2.440173e-20 
2.596768e+02 3.397427e-20 
2.604167e+02 2.725133e-20 
2.611565e+02 2.087675e-20 
2.618963e+02 2.667431e-20 
2.626361e+02 3.915097e-20 
2.633759e+02 2.516936e-20 
2.641158e+02 1.392251e-20 
2.648556e+02 2.456119e-20 
2.655954e+02 1.030563e-20 
2.663352e+02 2.232304e-20 
2.670750e+02 1.569444e-20 
2.678149e+02 1.137182e-20 
2.685547e+02 2.356242e-20 
2.692945e+02 2.248057e-20 
2.700343e+02 2.202050e-20 
2.707741e+02 2.616671e-20 
2.715140e+02 2.370728e-20 
2.722538e+02 1.546633e-20 
2.729936e+02 1.529034e-20 
2.737334e+02 1.373488e-20 
2.744732e+02 1.730798e-20 
2.752131e+02 6.273969e-20 
2.759529e+02 2.724065e-20 
2.766927e+02 1.919265e-20 
2.774325e+02 2.009732e-20 
2.781723e+02 1.585428e-20 
2.789122e+02 1.394911e-20 
2.796520e+02 3.292872e-20 
2.803918e+02 2.257150e-20 
2.811316e+02 2.332349e-20 
2.818714e+02 2.297288e-20 
2.826113e+02 1.791302e-20 
2.833511e+02 2.752745e-20 
2.840909e+02 2.081399e-20 
2.848307e+02 1.944619e-20 
2.855705e+02 1.362152e-20 
2.863104e+02 2.312221e-20 
2.870502e+02 3.317433e-20 
2.877900e+02 2.475464e-20 
2.885298e+02 1.561045e-20 
2.892696e+02 1.905624e-20 
2.900095e+02 1.272184e-20 
2.907493e+02 1.814912e-20 
2.914891e+02 1.206682e-20 
2.922289e+02 1.914229e-20 
2.929688e+02 1.859541e-20 
2.937086e+02 1.045315e-20 
2.944484e+02 2.785750e-20 
2.951882e+02 2.371987e-20 
2.959280e+02 1.647207e-20 
2.966679e+02 2.255375e-20 
2.974077e+02 5.350489e-20 
2.981475e+02 1.342121e-20 
2.988873e+02 2.001328e-20 
2.996271e+02 3.115692e-20 
3.003670e+02 1.941289e-20 
3.011068e+02 1.665623e-20 
3.018466e+02 2.187723e-20 
3.025864e+02 1.399030e-20 
3.033262e+02 3.324918e-20 
3.040661e+02 1.349357e-20 
3.048059e+02 1.256591e-20 
3.055457e+02 1.029834e-20 
3.062855e+02 2.565732e-20 
3.070253e+02 1.359972e-20 
3.077652e+02 1.291121e-20 
3.085050e+02 1.906973e-20 
3.092448e+02 3.020111e-20 
3.099846e+02 1.166075e-20 
3.107244e+02 1.105720e-20 
3.114643e+02 1.255997e-20 
3.122041e+02 8.616051e-21 
3.129439e+02 2.122952e-20 
3.136837e+02 1.694319e-20 
3.144235e+02 1.469343e-20 
3.151634e+02 2.312266e-20 
3.159032e+02 2.375019e-20 
3.166430e+02 9.820415e-21 
3.173828e+02 1.843296e-20 
3.181226e+02 1.599889e-20 
3.188625e+02 2.385825e-20 
3.196023e+02 2.049500e-20 
3.203421e+02 1.611246e-20 
3.210819e+02 2.411997e-20 
3.218217e+02 1.646028e-20 
3.225616e+02 1.796294e-20 
3.233014e+02 1.135788e-20 
3.240412e+02 1.570337e-20 
3.247810e+02 2.503299e-20 
3.255208e+02 1.455494e-20 
3.262607e+02 1.865693e-20 
3.270005e+02 8.563274e-21 
3.277403e+02 3.434849e-20 
3.284801e+02 2.756622e-20 
3.292199e+02 2.161979e-20 
3.299598e+02 2.171367e-20 
3.306996e+02 1.744557e-20 
3.314394e+02 2.109146e-20 
3.321792e+02 1.878151e-20 
3.329190e+02 1.991830e-20 
3.336589e+02 2.660940e-20 
3.343987e+02 3.190932e-20 
3.351385e+02 3.373886e-20 
3.358783e+02 2.100100e-20 
3.366181e+02 2.087712e-20 
3.373580e+02 2.848045e-20 
3.380978e+02 2.191648e-20 
3.388376e+02 1.199024e-20 
3.395774e+02 1.092708e-20 
3.403172e+02 3.293254e-20 
3.410571e+02 2.100005e-20 
3.417969e+02 2.345260e-20 
3.425367e+02 4.380434e-20 
3.432765e+02 1.907913e-20 
3.440163e+02 2.184892e-20 
3.447562e+02 1.510183e-20 
3.454960e+02 2.954200e-20 
3.462358e+02 2.728275e-20 
3.469756e+02 2.070290e-20 
3.477154e+02 2.616878e-20 
3.484553e+02 2.274327e-20 
3.491951e+02 1.999580e-20 
3.499349e+02 2.535503e-20 
3.506747e+02 8.845923e-21 
3.514145e+02 1.103582e-20 
3.521544e+02 9.766019e-21 
3.528942e+02 7.957186e-21 
3.536340e+02 2.409611e-20 
3.543738e+02 9.364202e-21 
3.551136e+02 1.871861e-20 
3.558535e+02 1.611180e-20 
3.565933e+02 1.628853e-20 
3.573331e+02 2.370287e-20 
3.580729e+02 1.383403e-20 
3.588127e+02 2.178358e-20 
3.595526e+02 7.806702e-21 
3.602924e+02 4.076755e-21 
3.610322e+02 1.311074e-20 
3.617720e+02 2.231296e-20 
3.625118e+02 1.382993e-20 
3.632517e+02 1.102946e-20 
3.639915e+02 1.595242e-20 
3.647313e+02 1.666964e-20 
3.654711e+02 2.450952e-20 
3.662109e+02 2.060861e-20 
3.669508e+02 1.020779e-20 
3.676906e+02 1.134572e-20 
3.684304e+02 1.104945e-20 
3.691702e+02 1.416119e-20 
3.699100e+02 1.348683e-20 
3.706499e+02 1.164329e-20 
3.713897e+02 2.254258e-20 
3.721295e+02 1.148286e-20 
3.728693e+02 2.606973e-20 
3.736091e+02 1.394433e-20 
3.743490e+02 1.567941e-20 
3.750888e+02 2.939036e-20 
3.758286e+02 1.095878e-20 
3.765684e+02 2.092119e-20 
3.773082e+02 2.617805e-20 
3.780481e+02 1.210747e-20 
3.787879e+02 2.717650e-20 
3.795277e+02 7.634589e-21 
3.802675e+02 1.296235e-20 
3.810073e+02 1.164904e-20 
3.817472e+02 2.239098e-20 
3.824870e+02 2.561804e-20 
3.832268e+02 2.190128e-20 
3.839666e+02 3.263904e-20 
3.847064e+02 1.451767e-20 
3.854463e+02 9.735564e-21 
3.861861e+02 1.817126e-20 
3.869259e+02 1.600724e-20 
3.876657e+02 1.435950e-20 
3.884055e+02 1.705893e-20 
3.891454e+02 1.730559e-20 
3.898852e+02 1.176253e-20 
3.906250e+02 2.489806e-20 
3.913648e+02 9.194647e-21 
3.921046e+02 2.981359e-20 
3.928445e+02 2.351558e-20 
3.935843e+02 1.777129e-20 
3.943241e+02 2.473443e-20 
3.950639e+02 2.221487e-20 
3.958037e+02 1.638479e-20 
3.965436e+02 2.224670e-20 
3.972834e+02 2.569116e-20 
3.980232e+02 1.602150e-20 
3.987630e+02 1.305425e-20 
3.995028e+02 2.195789e-20 
4.002427e+02 1.742971e-20 
4.009825e+02 2.103745e-20 
4.017223e+02 1.838964e-20 
4.024621e+02 1.869916e-20 
4.032019e+02 2.565075e-20 
4.039418e+02 2.077761e-20 
4.046816e+02 1.586272e-20 
4.054214e+02 3.370862e-20 
4.061612e+02 1.599908e-20 
4.069010e+02 3.782054e-20 
4.076409e+02 2.956412e-20 
4.083807e+02 3.687555e-20 
4.091205e+02 1.122752e-20 
4.098603e+02 1.166882e-20 
4.106001e+02 1.750084e-20 
4.113400e+02 9.782374e-21 
4.120798e+02 2.415351e-20 
4.128196e+02 2.594885e-20 
4.135594e+02 2.717235e-20 
4.142992e+02 3.309926e-20 
4.150391e+02 1.042102e-20 
4.157789e+02 8.596513e-21 
4.165187e+02 1.369580e-20 
4.172585e+02 1.607731e-20 
4.179983e+02 1.894988e-20 
4.187382e+02 1.107946e-20 
4.194780e+02 1.577233e-20 
4.202178e+02 1.412421e-20 
4.209576e+02 1.307353e-20 
4.216974e+02 1.200395e-20 
4.224373e+02 1.347499e-20 
4.231771e+02 2.967416e-20 
4.239169e+02 1.655015e-20 
4.246567e+02 1.575660e-20 
4.253965e+02 2.039470e-20 
4.261364e+02 1.518184e-20 
4.268762e+02 1.283559e-20 
4.276160e+02 1.609406e-20 
4.283558e+02 2.246176e-20 
4.290956e+02 1.759719e-20 
4.298355e+02 3.507470e-20 
4.305753e+02 2.577458e-20 
4.313151e+02 1.970225e-20 
4.320549e+02 2.674461e-20 
4.327947e+02 1.512734e-20 
4.335346e+02 1.280945e-20 
4.342744e+02 1.665988e-20 
4.350142e+02 7.810571e-21 
4.357540e+02 1.479549e-20 
4.364938e+02 2.343613e-20 
4.372337e+02 1.834276e-20 
4.379735e+02 3.650149e-20 
4.387133e+02 1.822333e-20 
4.394531e+02 1.637137e-20 
4.401929e+02 9.474478e-21 
4.409328e+02 1.248913e-20 
4.416726e+02 7.922584e-21 
4.424124e+02 2.141341e-20 
4.431522e+02 1.549809e-20 
4.438920e+02 1.727886e-20 
4.446319e+02 1.868346e-20 
4.453717e+02 3.623162e-20 
4.461115e+02 1.867330e-20 
4.468513e+02 1.659241e-20 
4.475911e+02 8.666370e-21 
4.483310e+02 2.589662e-20 
4.490708e+02 1.407521e-20 
4.498106e+02 1.520498e-20 
4.505504e+02 7.199558e-21 
4.512902e+02 1.408116e-20 
4.520301e+02 2.135324e-20 
4.527699e+02 1.449280e-20 
4.535097e+02 1.815150e-20 
4.542495e+02 1.609269e-20 
4.549893e+02 1.304234e-20 
4.557292e+02 1.107137e-20 
4.564690e+02 1.296996e-20 
4.572088e+02 1.112737e-20 
4.579486e+02 1.440255e-20 
4.586884e+02 1.032113e-20 
4.594283e+02 1.697239e-20 
4.601681e+02 1.487413e-20 
4.609079e+02 1.762883e-20 
4.616477e+02 1.665111e-20 
4.623875e+02 1.235114e-20 
4.631274e+02 2.353091e-20 
4.638672e+02 1.223285e-20 
4.646070e+02 1.690025e-20 
4.653468e+02 1.056250e-20 
4.660866e+02 1.017296e-20 
4.668265e+02 2.594384e-20 
4.675663e+02 1.839883e-20 
4.683061e+02 1.899217e-20 
4.690459e+02 2.079159e-20 
4.697857e+02 2.067855e-20 
4.705256e+02 1.853486e-20 
4.712654e+02 1.592166e-20 
4.720052e+02 1.923734e-20 
4.727450e+02 1.725961e-20 
4.734848e+02 1.615465e-20 
4.742247e+02 1.606717e-20 
4.749645e+02 9.542891e-21 
4.757043e+02 2.079967e-20 
4.764441e+02 1.923339e-20 
4.771839e+02 2.124812e-20 
4.779238e+02 7.178438e-21 
4.786636e+02 1.417989e-20 
4.794034e+02 2.168694e-20 
4.801432e+02 1.206405e-20 
4.808830e+02 1.373821e-20 
4.816229e+02 1.125683e-20 
4.823627e+02 1.378835e-20 
4.831025e+02 1.626061e-20 
4.838423e+02 1.094049e-20 
4.845821e+02 1.164036e-20 
4.853220e+02 1.022038e-20 
4.860618e+02 1.182764e-20 
4.868016e+02 7.685528e-21 
4.875414e+02 6.176450e-21 
4.882813e+02 1.014764e-20 
4.890211e+02 1.381378e-20 
4.897609e+02 9.518375e-21 
4.905007e+02 1.716722e-20 
4.912405e+02 1.176758e-20 
4.919804e+02 1.891675e-20 
4.927202e+02 8.568716e-21 
4.934600e+02 1.491806e-20 
4.941998e+02 2.734257e-20 
4.949396e+02 1.285007e-20 
4.956795e+02 1.231562e-20 
4.964193e+02 8.045392e-21 
4.971591e+02 1.727200e-20 
4.978989e+02 1.659581e-20 
4.986387e+02 1.629166e-20 
4.993786e+02 2.625362e-20 
5.001184e+02 9.528157e-21 
5.008582e+02 9.951152e-21 
5.015980e+02 1.401620e-20 
5.023378e+02 1.343513e-20 
5.030777e+02 2.296174e-20 
5.038175e+02 1.105530e-20 
5.045573e+02 1.145251e-20 
5.052971e+02 1.637553e-20 
5.060369e+02 1.713610e-20 
5.067768e+02 2.740645e-20 
5.075166e+02 1.547866e-20 
5.082564e+02 1.703077e-20 
5.089962e+02 9.611677e-21 
5.097360e+02 7.417269e-21 
5.104759e+02 1.401334e-20 
5.112157e+02 1.495247e-20 
5.119555e+02 2.065987e-20 
5.126953e+02 1.848912e-20 
5.134351e+02 1.616884e-20 
5.141750e+02 1.784157e-20 
5.149148e+02 1.209541e-20 
5.156546e+02 2.153428e-20 
5.163944e+02 1.675856e-20 
5.171342e+02 1.932701e-20 
5.178741e+02 9.530615e-21 
5.186139e+02 1.167486e-20 
5.193537e+02 2.088924e-20 
5.200935e+02 1.003902e-20 
5.208333e+02 1.687263e-20 
5.215732e+02 1.306533e-20 
5.223130e+02 1.489963e-20 
5.230528e+02 9.827949e-21 
5.237926e+02 2.355293e-20 
5.245324e+02 1.226783e-20 
5.252723e+02 1.282380e-20 
5.260121e+02 1.029674e-20 
5.267519e+02 2.548555e-20 
5.274917e+02 1.937777e-20 
5.282315e+02 1.831826e-20 
5.289714e+02 1.385689e-20 
5.297112e+02 1.725542e-20 
5.304510e+02 1.556670e-20 
5.311908e+02 1.429280e-20 
5.319306e+02 1.640696e-20 
5.326705e+02 1.494216e-20 
5.334103e+02 2.168769e-20 
5.341501e+02 1.165071e-20 
5.348899e+02 1.388690e-20 
5.356297e+02 2.224811e-20 
5.363696e+02 2.691469e-20 
5.371094e+02 1.449622e-20 
5.378492e+02 2.077919e-20 
5.385890e+02 1.624602e-20 
5.393288e+02 2.926571e-20 
5.400687e+02 1.236553e-20 
5.408085e+02 2.304539e-20 
5.415483e+02 1.206805e-20 
5.422881e+02 1.672643e-20 
5.430279e+02 1.665276e-20 
5.437678e+02 1.167253e-20 
5.445076e+02 1.168963e-20 
5.452474e+02 2.066028e-20 
5.459872e+02 1.166843e-20 
5.467270e+02 1.884207e-20 
5.474669e+02 1.278031e-20 
5.482067e+02 8.748847e-21 
5.489465e+02 2.369561e-20 
5.496863e+02 1.548361e-20 
5.504261e+02 1.147808e-20 
5.511660e+02 1.232971e-20 
5.519058e+02 1.680436e-20 
5.526456e+02 7.877111e-21 
5.533854e+02 1.516551e-20 
5.541252e+02 1.871555e-20 
5.548651e+02 1.559284e-20 
5.556049e+02 2.514149e-20 
5.563447e+02 3.479866e-20 
5.570845e+02 2.160177e-20 
5.578243e+02 2.620977e-20 
5.585642e+02 1.148270e-20 
5.593040e+02 2.866689e-20 
5.600438e+02 1.072679e-20 
5.607836e+02 1.461638e-20 
5.615234e+02 1.147474e-20 
5.622633e+02 1.734251e-20 
5.630031e+02 1.316802e-20 
5.637429e+02 7.927596e-21 
5.644827e+02 3.229391e-20 
5.652225e+02 1.266942e-20 
5.659624e+02 9.295421e-21 
5.667022e+02 1.522158e-20 
5.674420e+02 1.849055e-20 
5.681818e+02 9.430847e-21 
5.689216e+02 5.417238e-21 
5.696615e+02 2.456955e-20 
5.704013e+02 2.581038e-20 
5.711411e+02 9.971202e-21 
5.718809e+02 1.899431e-20 
5.726207e+02 1.098737e-20 
5.733606e+02 1.152511e-20 
5.741004e+02 1.650212e-20 
5.748402e+02 1.747383e-20 
5.755800e+02 1.330565e-20 
5.763198e+02 1.408338e-20 
5.770597e+02 5.138293e-21 
5.777995e+02 9.661007e-21 
5.785393e+02 1.058473e-20 
5.792791e+02 2.190168e-20 
5.800189e+02 2.260850e-20 
5.807588e+02 8.618308e-21 
5.814986e+02 1.666082e-20 
5.822384e+02 1.411980e-20 
5.829782e+02 2.021177e-20 
5.837180e+02 1.020678e-20 
5.844579e+02 1.410985e-20 
5.851977e+02 9.138809e-21 
5.859375e+02 1.873564e-20 
5.866773e+02 1.413987e-20 
5.874171e+02 1.277801e-20 
5.881570e+02 1.796369e-20 
5.888968e+02 1.177267e-20 
5.896366e+02 7.117843e-21 
5.903764e+02 1.034328e-20 
5.911162e+02 3.077088e-20 
5.918561e+02 4.913635e-21 
5.925959e+02 1.566010e-20 
5.933357e+02 9.631327e-21 
5.940755e+02 9.470125e-21 
5.948153e+02 2.854927e-20 
5.955552e+02 2.472643e-20 
5.962950e+02 1.113240e-20 
5.970348e+02 1.645919e-20 
5.977746e+02 7.084940e-21 
5.985144e+02 8.633586e-21 
5.992543e+02 1.392856e-20 
5.999941e+02 1.173828e-20 
6.007339e+02 1.752222e-20 
6.014737e+02 8.322091e-21 
6.022135e+02 1.185858e-20 
6.029534e+02 1.317422e-20 
6.036932e+02 7.843061e-21 
6.044330e+02 7.443870e-21 
6.051728e+02 1.002796e-20 
6.059126e+02 1.394656e-20 
6.066525e+02 2.551741e-20 
6.073923e+02 1.839522e-20 
6.081321e+02 1.414738e-20 
6.088719e+02 1.485325e-20 
6.096117e+02 1.656322e-20 
6.103516e+02 1.189856e-20 
6.110914e+02 2.188537e-20 
6.118312e+02 1.782692e-20 
6.125710e+02 1.671363e-20 
6.133108e+02 1.602713e-20 
6.140507e+02 1.159477e-20 
6.147905e+02 2.014331e-20 
6.155303e+02 7.754708e-21 
6.162701e+02 1.876638e-20 
6.170099e+02 1.724000e-20 
6.177498e+02 8.649743e-21 
6.184896e+02 1.652645e-20 
6.192294e+02 2.218661e-20 
6.199692e+02 8.726691e-21 
6.207090e+02 1.594480e-20 
6.214489e+02 1.513141e-20 
6.221887e+02 1.211126e-20 
6.229285e+02 1.487217e-20 
6.236683e+02 2.071030e-20 
6.244081e+02 2.688766e-20 
6.251480e+02 8.683466e-21 
6.258878e+02 1.237132e-20 
6.266276e+02 8.571158e-21 
6.273674e+02 1.563977e-20 
6.281072e+02 1.756828e-20 
6.288471e+02 1.504705e-20 
6.295869e+02 1.849268e-20 
6.303267e+02 1.742451e-20 
6.310665e+02 2.250671e-20 
6.318063e+02 1.920077e-20 
6.325462e+02 2.701654e-20 
6.332860e+02 2.047453e-20 
6.340258e+02 1.435739e-20 
6.347656e+02 2.178933e-20 
6.355054e+02 2.236258e-20 
6.362453e+02 1.164874e-20 
6.369851e+02 1.377003e-20 
6.377249e+02 1.000599e-20 
6.384647e+02 1.046783e-20 
6.392045e+02 1.546743e-20 
6.399444e+02 8.630514e-21 
6.406842e+02 1.049905e-20 
6.414240e+02 1.314725e-20 
6.421638e+02 9.911905e-21 
6.429036e+02 2.286572e-20 
6.436435e+02 6.776038e-21 
6.443833e+02 1.799386e-20 
6.451231e+02 4.707364e-21 
6.458629e+02 2.713766e-20 
6.466027e+02 9.187475e-21 
6.473426e+02 1.147929e-20 
6.480824e+02 1.507415e-20 
6.488222e+02 1.114164e-20 
6.495620e+02 1.027490e-20 
6.503018e+02 1.828109e-20 
6.510417e+02 9.849658e-21 
6.517815e+02 1.539313e-20 
6.525213e+02 1.922276e-20 
6.532611e+02 2.556183e-20 
6.540009e+02 1.160747e-20 
6.547408e+02 1.931716e-20 
6.554806e+02 1.536602e-20 
6.562204e+02 1.614326e-20 
6.569602e+02 7.758073e-21 
6.577000e+02 1.401245e-20 
6.584399e+02 1.323537e-20 
6.591797e+02 2.404060e-20 
6.599195e+02 1.265130e-20 
6.606593e+02 1.712403e-20 
6.613991e+02 2.234076e-20 
6.621390e+02 1.526362e-20 
6.628788e+02 9.537960e-21 
6.636186e+02 1.595887e-20 
6.643584e+02 2.408419e-20 
6.650982e+02 1.813081e-20 
6.658381e+02 2.765092e-20 
6.665779e+02 1.105509e-20 
6.673177e+02 1.223274e-20 
6.680575e+02 1.475284e-20 
6.687973e+02 2.011919e-20 
6.695372e+02 1.023363e-20 
6.702770e+02 1.336709e-20 
6.710168e+02 1.489787e-20 
6.717566e+02 9.998697e-21 
6.724964e+02 8.888666e-21 
6.732363e+02 1.499035e-20 
6.739761e+02 1.352947e-20 
6.747159e+02 1.695010e-20 
6.754557e+02 1.522456e-20 
6.761955e+02 2.288309e-20 
6.769354e+02 1.353374e-20 
6.776752e+02 9.447206e-21 
6.784150e+02 1.086145e-20 
6.791548e+02 7.732907e-21 
6.798946e+02 1.093370e-20 
6.806345e+02 1.134864e-20 
6.813743e+02 1.178547e-20 
6.821141e+02 8.486631e-21 
6.828539e+02 2.918862e-20 
6.835938e+02 1.889697e-20 
6.843336e+02 1.005093e-20 
6.850734e+02 8.241429e-21 
6.858132e+02 1.121335e-20 
6.865530e+02 1.107226e-20 
6.872929e+02 2.365303e-20 
6.880327e+02 1.277301e-20 
6.887725e+02 1.419002e-20 
6.895123e+02 1.466271e-20 
6.902521e+02 9.244680e-21 
6.909920e+02 1.147863e-20 
6.917318e+02 1.548554e-20 
6.924716e+02 8.865080e-21 
6.932114e+02 2.574214e-20 
6.939512e+02 1.027433e-20 
6.946911e+02 9.976217e-21 
6.954309e+02 1.187297e-20 
6.961707e+02 1.504156e-20 
6.969105e+02 2.064533e-20 
6.976503e+02 9.753852e-21 
6.983902e+02 2.198646e-20 
6.991300e+02 2.015799e-20 
6.998698e+02 1.226947e-20 
7.006096e+02 8.283780e-21 
7.013494e+02 1.834262e-20 
7.020893e+02 1.648749e-20 
7.028291e+02 2.343923e-20 
7.035689e+02 7.412468e-21 
7.043087e+02 1.498711e-20 
7.050485e+02 1.097036e-20 
7.057884e+02 2.341492e-20 
7.065282e+02 1.095586e-20 
7.072680e+02 1.776249e-20 
7.080078e+02 6.156701e-21 
7.087476e+02 1.260647e-20 
7.094875e+02 1.065770e-20 
7.102273e+02 2.112144e-20 
7.109671e+02 8.275161e-21 
7.117069e+02 1.019602e-20 
7.124467e+02 1.262835e-20 
7.131866e+02 1.920470e-20 
7.139264e+02 1.347636e-20 
7.146662e+02 5.547083e-21 
7.154060e+02 1.603834e-20 
7.161458e+02 2.102736e-20 
7.168857e+02 1.529123e-20 
7.176255e+02 1.643492e-20 
7.183653e+02 1.548873e-20 
7.191051e+02 1.242264e-20 
7.198449e+02 1.355158e-20 
7.205848e+02 1.567624e-20 
7.213246e+02 1.210521e-20 
7.220644e+02 1.230969e-20 
7.228042e+02 4.679714e-21 
7.235440e+02 1.758693e-20 
7.242839e+02 1.811944e-20 
7.250237e+02 1.516237e-20 
7.257635e+02 2.331427e-20 
7.265033e+02 1.724986e-20 
7.272431e+02 1.716494e-20 
7.279830e+02 1.859291e-20 
7.287228e+02 7.680267e-21 
7.294626e+02 1.837446e-20 
7.302024e+02 9.898035e-21 
7.309422e+02 1.473367e-20 
7.316821e+02 1.430457e-20 
7.324219e+02 1.386558e-20 
7.331617e+02 1.058737e-20 
7.339015e+02 1.611589e-20 
7.346413e+02 2.191981e-20 
7.353812e+02 2.088909e-20 
7.361210e+02 1.423028e-20 
7.368608e+02 1.089138e-20 
7.376006e+02 1.435815e-20 
7.383404e+02 3.543042e-20 
7.390803e+02 1.790385e-20 
7.398201e+02 2.853962e-20 
7.405599e+02 1.510854e-20 
7.412997e+02 1.579684e-20 
7.420395e+02 7.988518e-21 
7.427794e+02 1.022286e-20 
7.435192e+02 8.958110e-21 
7.442590e+02 3.001105e-20 
7.449988e+02 1.407953e-20 
7.457386e+02 1.408271e-20 
7.464785e+02 1.360296e-20 
7.472183e+02 1.707939e-20 
7.479581e+02 1.885829e-20 
7.486979e+02 1.403515e-20 
7.494377e+02 1.794974e-20 
7.501776e+02 1.265206e-20 
7.509174e+02 1.201008e-20 
7.516572e+02 2.465106e-20 
7.523970e+02 9.349485e-21 
7.531368e+02 1.005859e-20 
7.538767e+02 1.327674e-20 
7.546165e+02 2.055099e-20 
7.553563e+02 1.290615e-20 
7.560961e+02 1.681098e-20 
7.568359e+02 9.421250e-21 
7.575758e+02 1.863007e-20 
7.583156e+02 1.920956e-20 
7.590554e+02 1.413662e-20 
7.597952e+02 1.675510e-20 
7.605350e+02 9.214409e-21 
7.612749e+02 1.028102e-20 
7.620147e+02 2.256371e-20 
7.627545e+02 1.393855e-20 
7.634943e+02 1.407920e-20 
7.642341e+02 1.949735e-20 
7.649740e+02 1.484189e-20 
7.657138e+02 1.625636e-20 
7.664536e+02 2.009567e-20 
7.671934e+02 2.572912e-20 
7.679332e+02 1.507348e-20 
7.686731e+02 1.595407e-20 
7.694129e+02 7.482254e-21 
7.701527e+02 2.325439e-20 
7.708925e+02 1.155905e-20 
7.716323e+02 1.399668e-20 
7.723722e+02 1.670466e-20 
7.731120e+02 1.297863e-20 
7.738518e+02 1.231604e-20 
7.745916e+02 1.167707e-20 
7.753314e+02 1.089999e-20 
7.760713e+02 5.063997e-21 
7.768111e+02 1.095653e-20 
7.775509e+02 1.976613e-20 
7.782907e+02 1.717795e-20 
7.790305e+02 1.590199e-20 
7.797704e+02 1.474637e-20 
7.805102e+02 1.109809e-20 
7.812500e+02 1.255070e-20 
7.819898e+02 1.960314e-20 
7.827296e+02 7.989660e-21 
7.834695e+02 1.277503e-20 
7.842093e+02 2.456369e-20 
7.849491e+02 7.116019e-21 
7.856889e+02 1.060657e-20 
7.864287e+02 9.212140e-21 
7.871686e+02 7.812721e-21 
7.879084e+02 8.928662e-21 
7.886482e+02 7.236271e-21 
7.893880e+02 9.208259e-21 
7.901278e+02 1.897999e-20 
7.908677e+02 2.599221e-20 
7.916075e+02 1.223416e-20 
7.923473e+02 1.996602e-20 
7.930871e+02 2.200099e-20 
7.938269e+02 1.035758e-20 
7.945668e+02 1.798617e-20 
7.953066e+02 7.638945e-21 
7.960464e+02 1.648894e-20 
7.967862e+02 1.284632e-20 
7.975260e+02 1.071827e-20 
7.982659e+02 1.867240e-20 
7.990057e+02 1.849819e-20 
7.997455e+02 1.462004e-20 
8.004853e+02 1.113329e-20 
8.012251e+02 1.310893e-20 
8.019650e+02 1.643899e-20 
8.027048e+02 2.410267e-20 
8.034446e+02 1.153517e-20 
8.041844e+02 8.485390e-21 
8.049242e+02 7.060458e-21 
8.056641e+02 7.964385e-21 
8.064039e+02 1.027660e-20 
8.071437e+02 1.444944e-20 
8.078835e+02 1.087412e-20 
8.086233e+02 9.331664e-21 
8.093632e+02 6.462984e-21 
8.101030e+02 1.973956e-20 
8.108428e+02 8.409429e-21 
8.115826e+02 1.639763e-20 
8.123224e+02 1.273695e-20 
8.130623e+02 1.957385e-20 
8.138021e+02 1.650609e-20 
8.145419e+02 1.475557e-20 
8.152817e+02 1.370069e-20 
8.160215e+02 1.723328e-20 
8.167614e+02 7.723019e-21 
8.175012e+02 1.302705e-20 
8.182410e+02 2.024226e-20 
8.189808e+02 1.959953e-20 
8.197206e+02 6.743490e-21 
8.204605e+02 8.976298e-21 
8.212003e+02 1.929249e-20 
8.219401e+02 1.307708e-20 
8.226799e+02 1.841825e-20 
8.234197e+02 8.470165e-21 
8.241596e+02 1.459217e-20 
8.248994e+02 1.333757e-20 
8.256392e+02 1.857187e-20 
8.263790e+02 1.459829e-20 
8.271188e+02 1.780839e-20 
8.278587e+02 1.157607e-20 
8.285985e+02 1.748381e-20 
8.293383e+02 1.550609e-20 
8.300781e+02 9.543405e-21 
8.308179e+02 5.605160e-21 
8.315578e+02 1.425755e-20 
8.322976e+02 1.457236e-20 
8.330374e+02 1.396728e-20 
8.337772e+02 1.328125e-20 
8.345170e+02 4.417558e-21 
8.352569e+02 2.358950e-20 
8.359967e+02 1.548233e-20 
8.367365e+02 1.489163e-20 
8.374763e+02 2.194354e-20 
8.382161e+02 2.461970e-20 
8.389560e+02 1.812599e-20 
8.396958e+02 8.867278e-21 
8.404356e+02 1.155182e-20 
8.411754e+02 2.046211e-20 
8.419152e+02 1.154471e-20 
8.426551e+02 7.923649e-21 
8.433949e+02 2.307916e-20 
8.441347e+02 8.300013e-21 
8.448745e+02 1.515094e-20 
8.456143e+02 1.179437e-20 
8.463542e+02 1.069920e-20 
8.470940e+02 1.902540e-20 
8.478338e+02 1.189673e-20 
8.485736e+02 1.105157e-20 
8.493134e+02 1.331310e-20 
8.500533e+02 1.669949e-20 
8.507931e+02 9.551984e-21 
8.515329e+02 1.341742e-20 
8.522727e+02 1.250590e-20 
8.530125e+02 1.102890e-20 
8.537524e+02 8.033545e-21 
8.544922e+02 1.974384e-20 
8.552320e+02 5.957332e-21 
8.559718e+02 2.335363e-20 
8.567116e+02 7.082376e-21 
8.574515e+02 2.429313e-20 
8.581913e+02 1.750614e-20 
8.589311e+02 1.442890e-20 
8.596709e+02 8.274436e-21 
8.604107e+02 2.650819e-21 
8.611506e+02 1.676449e-20 
8.618904e+02 1.583755e-20 
8.626302e+02 8.388584e-21 
8.633700e+02 2.378503e-20 
8.641098e+02 1.266757e-20 
8.648497e+02 1.541380e-20 
8.655895e+02 1.267674e-20 
8.663293e+02 1.226154e-20 
8.670691e+02 1.944928e-20 
8.678089e+02 1.557514e-20 
8.685488e+02 6.733849e-21 
8.692886e+02 1.262613e-20 
8.700284e+02 8.246237e-21 
8.707682e+02 1.609136e-20 
8.715080e+02 8.762029e-21 
8.722479e+02 1.745902e-20 
8.729877e+02 7.235900e-21 
8.737275e+02 9.223597e-21 
8.744673e+02 2.525168e-20 
8.752071e+02 1.225000e-20 
8.759470e+02 4.007313e-21 
8.766868e+02 1.725055e-20 
8.774266e+02 1.193447e-20 
8.781664e+02 2.201165e-20 
8.789063e+02 7.515888e-21 
8.796461e+02 2.964168e-20 
8.803859e+02 1.377987e-20 
8.811257e+02 1.309707e-20 
8.818655e+02 4.016822e-21 
8.826054e+02 4.696844e-21 
8.833452e+02 8.636931e-21 
8.840850e+02 1.864228e-20 
8.848248e+02 1.277056e-20 
8.855646e+02 1.225145e-20 
8.863045e+02 1.500632e-20 
8.870443e+02 9.959986e-21 
8.877841e+02 1.090959e-20 
8.885239e+02 2.142113e-20 
8.892637e+02 1.112595e-20 
8.900036e+02 1.717088e-20 
8.907434e+02 9.539222e-21 
8.914832e+02 2.951060e-20 
8.922230e+02 1.105273e-20 
8.929628e+02 1.267400e-20 
8.937027e+02 7.342071e-21 
8.944425e+02 1.096267e-20 
8.951823e+02 2.022442e-20 
8.959221e+02 1.610607e-20 
8.966619e+02 1.056530e-20 
8.974018e+02 1.619481e-20 
8.981416e+02 2.011450e-20 
8.988814e+02 1.049070e-20 
8.996212e+02 7.898305e-21 
9.003610e+02 1.280706e-20 
9.011009e+02 1.849390e-20 
9.018407e+02 1.575110e-20 
9.025805e+02 1.435372e-20 
9.033203e+02 1.472601e-20 
9.040601e+02 6.950149e-21 
9.048000e+02 8.853018e-21 
9.055398e+02 7.608811e-21 
9.062796e+02 1.671018e-20 
9.070194e+02 4.836637e-21 
9.077592e+02 1.013615e-20 
9.084991e+02 1.173148e-20 
9.092389e+02 1.621734e-20 
9.099787e+02 8.565050e-21 
9.107185e+02 1.258563e-20 
9.114583e+02 1.596920e-20 
9.121982e+02 8.236536e-21 
9.129380e+02 1.466288e-20 
9.136778e+02 1.257189e-20 
9.144176e+02 1.117788e-20 
9.151574e+02 1.586969e-20 
9.158973e+02 1.726225e-20 
9.166371e+02 1.314697e-20 
9.173769e+02 1.249968e-20 
9.181167e+02 5.547677e-21 
9.188565e+02 2.200699e-20 
9.195964e+02 2.030016e-20 
9.203362e+02 7.993591e-21 
9.210760e+02 1.573652e-20 
9.218158e+02 1.482817e-20 
9.225556e+02 1.117483e-20 
9.232955e+02 1.964218e-20 
9.240353e+02 5.900318e-21 
9.247751e+02 8.588191e-21 
9.255149e+02 7.366325e-21 
9.262547e+02 9.889537e-21 
9.269946e+02 1.377933e-20 
9.277344e+02 1.787973e-20 
9.284742e+02 1.579234e-20 
9.292140e+02 1.583209e-20 
9.299538e+02 1.574308e-20 
9.306937e+02 9.016577e-21 
9.314335e+02 2.204604e-20 
9.321733e+02 9.588987e-21 
9.329131e+02 7.862257e-21 
9.336529e+02 2.099359e-20 
9.343928e+02 1.171229e-20 
9.351326e+02 1.500264e-20 
9.358724e+02 2.063699e-20 
9.366122e+02 1.201401e-20 
9.373520e+02 7.654934e-21 
9.380919e+02 1.152149e-20 
9.388317e+02 7.591130e-21 
9.395715e+02 6.558572e-21 
9.403113e+02 1.773346e-20 
9.410511e+02 1.178517e-20 
9.417910e+02 1.852458e-20 
9.425308e+02 1.595627e-20 
9.432706e+02 1.139794e-20 
9.440104e+02 1.982396e-20 
9.447502e+02 5.929709e-21 
9.454901e+02 2.304117e-20 
9.462299e+02 1.200106e-20 
9.469697e+02 1.423507e-20 
9.477095e+02 2.040419e-20 
9.484493e+02 5.835723e-21 
9.491892e+02 1.264865e-20 
9.499290e+02 1.296700e-20 
9.506688e+02 8.066637e-21 
9.514086e+02 1.515424e-20 
9.521484e+02 1.387004e-20 
9.528883e+02 1.057092e-20 
9.536281e+02 8.547563e-21 
9.543679e+02 1.709581e-20 
9.551077e+02 1.067670e-20 
9.558475e+02 9.093941e-21 
9.565874e+02 1.749178e-20 
9.573272e+02 1.065331e-20 
9.580670e+02 1.886145e-20 
9.588068e+02 1.079578e-20 
9.595466e+02 1.868649e-20 
9.602865e+02 2.276560e-20 
9.610263e+02 1.499454e-20 
9.617661e+02 2.335059e-20 
9.625059e+02 1.380437e-20 
9.632457e+02 1.449039e-20 
9.639856e+02 1.177375e-20 
9.647254e+02 1.219704e-20 
9.654652e+02 1.145833e-20 
9.662050e+02 1.677566e-20 
9.669448e+02 1.621191e-20 
9.676847e+02 1.037500e-20 
9.684245e+02 1.295932e-20 
9.691643e+02 1.905071e-20 
9.699041e+02 1.287704e-20 
9.706439e+02 7.912192e-21 
9.713838e+02 1.422626e-20 
9.721236e+02 1.087190e-20 
9.728634e+02 1.979547e-20 
9.736032e+02 7.802296e-21 
9.743430e+02 1.186726e-20 
9.750829e+02 1.121908e-20 
9.758227e+02 9.099298e-21 
9.765625e+02 1.176149e-20 
9.773023e+02 6.465654e-21 
9.780421e+02 1.172188e-20 
9.787820e+02 1.597615e-20 
9.795218e+02 8.565977e-21 
9.802616e+02 9.722660e-21 
9.810014e+02 2.183655e-20 
9.817412e+02 1.171676e-20 
9.824811e+02 1.392532e-20 
9.832209e+02 1.190606e-20 
9.839607e+02 1.095378e-20 
9.847005e+02 7.200724e-21 
9.854403e+02 1.027399e-20 
9.861802e+02 5.119299e-21 
9.869200e+02 8.996983e-21 
9.876598e+02 1.557559e-20 
9.883996e+02 1.459361e-20 
9.891394e+02 6.500553e-21 
9.898793e+02 2.502012e-20 
9.906191e+02 7.616290e-21 
9.913589e+02 1.324044e-20 
9.920987e+02 1.490786e-20 
9.928385e+02 6.439234e-21 
9.935784e+02 1.072738e-20 
9.943182e+02 1.480014e-20 
9.950580e+02 9.504035e-21 
9.957978e+02 1.292225e-20 
9.965376e+02 1.603221e-20 
9.972775e+02 7.020436e-21 
9.980173e+02 9.635392e-21 
9.987571e+02 2.476629e-20 
9.994969e+02 1.598848e-20 
1.000237e+03 1.051449e-20 
1.000977e+03 1.047851e-20 
1.001716e+03 7.692715e-21 
1.002456e+03 7.508036e-21 
1.003196e+03 1.173602e-20 
1.003936e+03 1.873587e-20 
1.004676e+03 1.453160e-20 
1.005415e+03 9.922169e-21 
1.006155e+03 8.142763e-21 
1.006895e+03 1.008074e-20 
1.007635e+03 1.582572e-20 
1.008375e+03 1.017733e-20 
1.009115e+03 9.313988e-21 
1.009854e+03 1.305559e-20 
1.010594e+03 1.424009e-20 
1.011334e+03 2.380388e-20 
1.012074e+03 1.241073e-20 
1.012814e+03 3.971584e-21 
1.013554e+03 1.342712e-20 
1.014293e+03 1.682324e-20 
1.015033e+03 6.606551e-21 
1.015773e+03 9.390823e-21 
1.016513e+03 1.659477e-20 
1.017253e+03 2.237277e-20 
1.017992e+03 1.322800e-20 
1.018732e+03 5.509621e-21 
1.019472e+03 1.868327e-20 
1.020212e+03 1.469115e-20 
1.020952e+03 1.128165e-20 
1.021692e+03 8.452261e-21 
1.022431e+03 1.270149e-20 
1.023171e+03 1.190585e-20 
1.023911e+03 1.457760e-20 
1.024651e+03 1.052104e-20 
1.025391e+03 1.267127e-20 
1.026130e+03 8.259659e-21 
1.026870e+03 1.453373e-20 
1.027610e+03 1.190524e-20 
1.028350e+03 1.295826e-20 
1.029090e+03 1.875369e-20 
1.029830e+03 7.250215e-21 
1.030569e+03 1.633747e-20 
1.031309e+03 2.626071e-20 
1.032049e+03 7.659868e-21 
1.032789e+03 1.488160e-20 
1.033529e+03 9.974067e-21 
1.034268e+03 1.935344e-20 
1.035008e+03 1.118056e-20 
1.035748e+03 1.997116e-20 
1.036488e+03 1.451739e-20 
1.037228e+03 1.618972e-20 
1.037968e+03 2.280194e-20 
1.038707e+03 1.162197e-20 
1.039447e+03 2.005014e-20 
1.040187e+03 7.532627e-21 
1.040927e+03 1.106635e-20 
1.041667e+03 1.265661e-20 
1.042406e+03 9.001338e-21 
1.043146e+03 3.695863e-21 
1.043886e+03 1.331893e-20 
1.044626e+03 1.795098e-20 
1.045366e+03 8.354238e-21 
1.046106e+03 9.616038e-21 
1.046845e+03 9.758503e-21 
1.047585e+03 1.903920e-20 
1.048325e+03 2.464347e-20 
1.049065e+03 1.487137e-20 
1.049805e+03 1.203806e-20 
1.050545e+03 1.743983e-20 
1.051284e+03 2.089752e-20 
1.052024e+03 9.061303e-21 
1.052764e+03 1.462261e-20 
1.053504e+03 1.303836e-20 
1.054244e+03 1.361913e-20 
1.054983e+03 9.406686e-21 
1.055723e+03 1.143059e-20 
1.056463e+03 1.413031e-20 
1.057203e+03 1.243546e-20 
1.057943e+03 9.459245e-21 
1.058683e+03 1.480735e-20 
1.059422e+03 9.722341e-21 
1.060162e+03 1.321950e-20 
1.060902e+03 9.652129e-21 
1.061642e+03 1.105156e-20 
1.062382e+03 1.822904e-20 
1.063121e+03 1.223961e-20 
1.063861e+03 1.249849e-20 
1.064601e+03 2.053710e-20 
1.065341e+03 9.907672e-21 
1.066081e+03 8.838912e-21 
1.066821e+03 1.097072e-20 
1.067560e+03 1.608491e-20 
1.068300e+03 1.237559e-20 
1.069040e+03 9.747720e-21 
1.069780e+03 2.000812e-20 
1.070520e+03 1.441715e-20 
1.071259e+03 9.421578e-21 
1.071999e+03 1.901432e-20 
1.072739e+03 1.766706e-20 
1.073479e+03 1.025548e-20 
1.074219e+03 1.546320e-20 
1.074959e+03 5.372614e-21 
1.075698e+03 1.500395e-20 
1.076438e+03 8.704605e-21 
1.077178e+03 1.162627e-20 
1.077918e+03 1.561680e-20 
1.078658e+03 8.478512e-21 
1.079397e+03 1.568439e-20 
1.080137e+03 7.758869e-21 
1.080877e+03 1.189271e-20 
1.081617e+03 1.311467e-20 
1.082357e+03 1.354958e-20 
1.083097e+03 7.888065e-21 
1.083836e+03 1.559892e-20 
1.084576e+03 1.668121e-20 
1.085316e+03 1.201120e-20 
1.086056e+03 1.493037e-20 
1.086796e+03 1.284910e-20 
1.087536e+03 5.846423e-21 
1.088275e+03 9.334222e-21 
1.089015e+03 1.440053e-20 
1.089755e+03 1.291813e-20 
1.090495e+03 1.620389e-20 
1.091235e+03 9.486643e-21 
1.091974e+03 1.060572e-20 
1.092714e+03 2.259900e-20 
1.093454e+03 8.991108e-21 
1.094194e+03 2.032357e-20 
1.094934e+03 1.322521e-20 
1.095674e+03 1.844092e-20 
1.096413e+03 5.776757e-21 
1.097153e+03 1.772464e-20 
1.097893e+03 1.207061e-20 
1.098633e+03 1.198706e-20 
1.099373e+03 1.199638e-20 
1.100112e+03 2.056681e-20 
1.100852e+03 2.499282e-20 
1.101592e+03 1.172275e-20 
1.102332e+03 1.154889e-20 
1.103072e+03 7.184023e-21 
1.103812e+03 1.665945e-20 
1.104551e+03 1.893731e-20 
1.105291e+03 6.490622e-21 
1.106031e+03 7.994310e-21 
1.106771e+03 1.813557e-20 
1.107511e+03 1.726921e-20 
1.108250e+03 1.284158e-20 
1.108990e+03 1.945531e-20 
1.109730e+03 7.065979e-21 
1.110470e+03 6.865999e-21 
1.111210e+03 2.859122e-20 
1.111950e+03 2.095645e-20 
1.112689e+03 1.433283e-20 
1.113429e+03 1.153150e-20 
1.114169e+03 8.999540e-21 
1.114909e+03 1.190047e-20 
1.115649e+03 1.690368e-20 
1.116388e+03 1.585608e-20 
1.117128e+03 1.089906e-20 
1.117868e+03 1.790918e-20 
1.118608e+03 1.696474e-20 
1.119348e+03 3.112823e-20 
1.120088e+03 8.722353e-21 
1.120827e+03 1.152564e-20 
1.121567e+03 1.148486e-20 
1.122307e+03 7.432943e-21 
1.123047e+03 4.886979e-21 
1.123787e+03 9.646328e-21 
1.124527e+03 7.046612e-21 
1.125266e+03 1.403885e-20 
1.126006e+03 1.633925e-20 
1.126746e+03 1.170877e-20 
1.127486e+03 9.982090e-21 
1.128226e+03 2.013613e-20 
1.128965e+03 1.260131e-20 
1.129705e+03 1.256414e-20 
1.130445e+03 1.852269e-20 
1.131185e+03 2.436657e-20 
1.131925e+03 1.239810e-20 
1.132665e+03 1.991737e-20 
1.133404e+03 1.450580e-20 
1.134144e+03 1.009853e-20 
1.134884e+03 1.556468e-20 
1.135624e+03 1.126506e-20 
1.136364e+03 1.306303e-20 
1.137103e+03 6.741204e-21 
1.137843e+03 6.015856e-21 
1.138583e+03 9.399580e-21 
1.139323e+03 2.271782e-20 
1.140063e+03 1.512022e-20 
1.140803e+03 2.434889e-20 
1.141542e+03 1.292425e-20 
1.142282e+03 8.470617e-21 
1.143022e+03 8.431246e-21 
1.143762e+03 1.610720e-20 
1.144502e+03 1.282242e-20 
1.145241e+03 1.513442e-20 
1.145981e+03 1.080822e-20 
1.146721e+03 1.451079e-20 
1.147461e+03 5.169135e-21 
1.148201e+03 1.812774e-20 
1.148941e+03 1.899921e-20 
1.149680e+03 1.254459e-20 
1.150420e+03 1.642585e-20 
1.151160e+03 1.430825e-20 
1.151900e+03 1.207272e-20 
1.152640e+03 2.251430e-20 
1.153379e+03 1.407263e-20 
1.154119e+03 1.241881e-20 
1.154859e+03 2.340282e-20 
1.155599e+03 1.444547e-20 
1.156339e+03 2.097249e-20 
1.157079e+03 1.560224e-20 
1.157818e+03 1.177159e-20 
1.158558e+03 2.064083e-20 
1.159298e+03 1.120568e-20 
1.160038e+03 2.103373e-20 
1.160778e+03 1.321421e-20 
1.161518e+03 9.246169e-21 
1.162257e+03 7.036076e-21 
1.162997e+03 3.853047e-21 
1.163737e+03 1.384852e-20 
1.164477e+03 1.094134e-20 
1.165217e+03 9.231701e-21 
1.165956e+03 8.882271e-21 
1.166696e+03 8.572928e-21 
1.167436e+03 1.283658e-20 
1.168176e+03 2.403487e-20 
1.168916e+03 1.713874e-20 
1.169656e+03 1.152769e-20 
1.170395e+03 8.141210e-21 
1.171135e+03 1.786590e-20 
1.171875e+03 6.966888e-21 
1.172615e+03 9.475054e-21 
1.173355e+03 1.081587e-20 
1.174094e+03 1.745872e-20 
1.174834e+03 2.277282e-20 
1.175574e+03 1.290316e-20 
1.176314e+03 1.359537e-20 
1.177054e+03 1.769025e-20 
1.177794e+03 1.072722e-20 
1.178533e+03 1.545696e-20 
1.179273e+03 8.306629e-21 
1.180013e+03 1.829428e-20 
1.180753e+03 9.577578e-21 
1.181493e+03 1.261885e-20 
1.182232e+03 7.550508e-21 
1.182972e+03 1.108169e-20 
1.183712e+03 1.511081e-20 
1.184452e+03 9.039885e-21 
1.185192e+03 1.189390e-20 
1.185932e+03 1.305135e-20 
1.186671e+03 1.328897e-20 
1.187411e+03 1.021339e-20 
1.188151e+03 1.721531e-20 
1.188891e+03 2.242313e-20 
1.189631e+03 1.031046e-20 
1.190371e+03 1.612935e-20 
1.191110e+03 1.319908e-20 
1.191850e+03 1.151712e-20 
1.192590e+03 1.807761e-20 
1.193330e+03 1.029123e-20 
1.194070e+03 2.405649e-20 
1.194809e+03 1.066178e-20 
1.195549e+03 7.906986e-21 
1.196289e+03 1.054343e-20 
1.197029e+03 9.079861e-21 
1.197769e+03 2.153718e-20 
1.198509e+03 1.284420e-20 
1.199248e+03 1.051619e-20 
1.199988e+03 6.965257e-21 
1.200728e+03 1.514773e-20 
1.201468e+03 5.284063e-21 
1.202208e+03 1.732781e-20 
1.202947e+03 1.438807e-20 
1.203687e+03 1.204723e-20 
1.204427e+03 1.086148e-20 
1.205167e+03 7.624101e-21 
1.205907e+03 7.616650e-21 
1.206647e+03 1.926003e-20 
1.207386e+03 1.474031e-20 
1.208126e+03 1.024305e-20 
1.208866e+03 1.927340e-20 
1.209606e+03 8.975594e-21 
1.210346e+03 1.747219e-20 
1.211085e+03 1.580340e-20 
1.211825e+03 1.405510e-20 
1.212565e+03 6.694034e-21 
1.213305e+03 1.051204e-20 
1.214045e+03 1.208517e-20 
1.214785e+03 1.685370e-20 
1.215524e+03 9.158961e-21 
1.216264e+03 1.005626e-20 
1.217004e+03 1.118795e-20 
1.217744e+03 6.876211e-21 
1.218484e+03 1.177469e-20 
1.219223e+03 6.599688e-21 
1.219963e+03 1.800736e-20 
1.220703e+03 2.572270e-20 
1.221443e+03 1.076733e-20 
1.222183e+03 1.626367e-20 
1.222923e+03 1.495713e-20 
1.223662e+03 1.017310e-20 
1.224402e+03 1.467401e-20 
1.225142e+03 1.058804e-20 
1.225882e+03 1.380527e-20 
1.226622e+03 6.132374e-21 
1.227362e+03 1.284175e-20 
1.228101e+03 1.060255e-20 
1.228841e+03 1.439940e-20 
1.229581e+03 1.469967e-20 
1.230321e+03 8.973830e-21 
1.231061e+03 1.375608e-20 
1.231800e+03 8.571264e-21 
1.232540e+03 1.433382e-20 
1.233280e+03 1.701243e-20 
1.234020e+03 1.311587e-20 
1.234760e+03 1.369838e-20 
1.235500e+03 1.426929e-20 
1.236239e+03 1.286001e-20 
1.236979e+03 1.005139e-20 
1.237719e+03 1.045906e-20 
1.238459e+03 9.926565e-21 
1.239199e+03 1.761662e-20 
1.239938e+03 2.488664e-20 
1.240678e+03 1.270886e-20 
1.241418e+03 8.061357e-21 
1.242158e+03 1.546544e-20 
1.242898e+03 1.448496e-20 
1.243638e+03 8.742973e-21 
1.244377e+03 1.485694e-20 
1.245117e+03 1.261779e-20 
1.245857e+03 1.442371e-20 
1.246597e+03 1.445713e-20 
1.247337e+03 1.457399e-20 
1.248076e+03 7.431896e-21 
1.248816e+03 1.585865e-20 
1.249556e+03 1.323370e-20 
1.250296e+03 9.920095e-21 
1.251036e+03 1.543226e-20 
1.251776e+03 1.347371e-20 
1.252515e+03 1.388987e-20 
1.253255e+03 1.487247e-20 
1.253995e+03 1.368129e-20 
1.254735e+03 2.451187e-20 
1.255475e+03 9.006438e-21 
1.256214e+03 1.908365e-20 
1.256954e+03 9.393267e-21 
1.257694e+03 1.041472e-20 
1.258434e+03 1.115560e-20 
1.259174e+03 1.312991e-20 
1.259914e+03 1.748064e-20 
1.260653e+03 7.501889e-21 
1.261393e+03 1.533059e-20 
1.262133e+03 9.748790e-21 
1.262873e+03 1.187071e-20 
1.263613e+03 2.495373e-20 
1.264353e+03 1.913519e-20 
1.265092e+03 2.106911e-20 
1.265832e+03 6.484892e-21 
1.266572e+03 7.006215e-21 
1.267312e+03 1.280193e-20 
1.268052e+03 1.224427e-20 
1.268791e+03 2.260441e-20 
1.269531e+03 1.950035e-20 
1.270271e+03 1.412815e-20 
1.271011e+03 1.297719e-20 
1.271751e+03 6.474973e-21 
1.272491e+03 1.422120e-20 
1.273230e+03 9.773292e-21 
1.273970e+03 1.511587e-20 
1.274710e+03 1.267988e-20 
1.275450e+03 1.350486e-20 
1.276190e+03 1.001156e-20 
1.276929e+03 1.254825e-20 
1.277669e+03 2.041089e-20 
1.278409e+03 1.077625e-20 
1.279149e+03 8.428198e-21 
1.279889e+03 1.975969e-20 
1.280629e+03 1.699685e-20 
1.281368e+03 3.372046e-21 
1.282108e+03 1.041853e-20 
1.282848e+03 1.146109e-20 
1.283588e+03 1.216888e-20 
1.284328e+03 1.262540e-20 
1.285067e+03 1.495528e-20 
1.285807e+03 1.095668e-20 
1.286547e+03 7.597354e-21 
1.287287e+03 1.285960e-20 
1.288027e+03 5.205450e-21 
1.288767e+03 1.376807e-20 
1.289506e+03 1.099184e-20 
1.290246e+03 6.804010e-21 
1.290986e+03 1.805649e-20 
1.291726e+03 1.440335e-20 
1.292466e+03 4.228043e-21 
1.293205e+03 1.343683e-20 
1.293945e+03 1.195842e-20 
1.294685e+03 1.390513e-20 
1.295425e+03 9.542480e-21 
1.296165e+03 1.027521e-20 
1.296905e+03 1.866154e-20 
1.297644e+03 7.623547e-21 
1.298384e+03 1.157580e-20 
1.299124e+03 2.242825e-20 
1.299864e+03 9.479953e-21 
1.300604e+03 1.734100e-20 
1.301344e+03 1.172129e-20 
1.302083e+03 1.290442e-20 
1.302823e+03 8.602647e-21 
1.303563e+03 1.546838e-20 
1.304303e+03 1.241608e-20 
1.305043e+03 1.570043e-20 
1.305782e+03 7.546719e-21 
1.306522e+03 1.958825e-20 
1.307262e+03 3.182404e-20 
1.308002e+03 1.558312e-20 
1.308742e+03 8.655650e-21 
1.309482e+03 1.147224e-20 
1.310221e+03 2.291873e-20 
1.310961e+03 1.316590e-20 
1.311701e+03 1.879938e-20 
1.312441e+03 1.065747e-20 
1.313181e+03 1.160333e-20 
1.313920e+03 1.612571e-20 
1.314660e+03 1.986775e-20 
1.315400e+03 1.046870e-20 
1.316140e+03 1.016419e-20 
1.316880e+03 2.593660e-20 
1.317620e+03 1.022973e-20 
1.318359e+03 1.440167e-20 
1.319099e+03 1.987843e-20 
1.319839e+03 1.333997e-20 
1.320579e+03 1.694930e-20 
1.321319e+03 1.864007e-20 
1.322058e+03 1.618481e-20 
1.322798e+03 1.839775e-20 
1.323538e+03 1.304961e-20 
1.324278e+03 1.631724e-20 
1.325018e+03 4.051778e-21 
1.325758e+03 1.245299e-20 
1.326497e+03 8.121147e-21 
1.327237e+03 1.199241e-20 
1.327977e+03 1.147300e-20 
1.328717e+03 1.546033e-20 
1.329457e+03 1.157193e-20 
1.330196e+03 1.019481e-20 
1.330936e+03 5.425043e-21 
1.331676e+03 1.877244e-20 
1.332416e+03 1.602535e-20 
1.333156e+03 1.587431e-20 
1.333896e+03 6.520887e-21 
1.334635e+03 8.843138e-21 
1.335375e+03 1.172522e-20 
1.336115e+03 7.662887e-21 
1.336855e+03 1.245104e-20 
1.337595e+03 1.179784e-20 
1.338335e+03 1.341560e-20 
1.339074e+03 1.004728e-20 
1.339814e+03 1.752445e-20 
1.340554e+03 1.357793e-20 
1.341294e+03 1.529746e-20 
1.342034e+03 2.085343e-20 
1.342773e+03 1.804722e-20 
1.343513e+03 1.863169e-20 
1.344253e+03 1.427356e-20 
1.344993e+03 1.012929e-20 
1.345733e+03 9.863568e-21 
1.346473e+03 1.591616e-20 
1.347212e+03 8.499759e-21 
1.347952e+03 7.681673e-21 
1.348692e+03 1.120680e-20 
1.349432e+03 1.267325e-20 
1.350172e+03 2.074272e-20 
1.350911e+03 1.213757e-20 
1.351651e+03 9.631182e-21 
1.352391e+03 9.426390e-21 
1.353131e+03 1.085530e-20 
1.353871e+03 1.840908e-20 
1.354611e+03 9.540339e-21 
1.355350e+03 1.291945e-20 
1.356090e+03 1.009252e-20 
1.356830e+03 2.215546e-20 
1.357570e+03 7.000705e-21 
1.358310e+03 1.321364e-20 
1.359049e+03 2.619322e-20 
1.359789e+03 1.623755e-20 
1.360529e+03 1.079256e-20 
1.361269e+03 1.356528e-20 
1.362009e+03 6.006029e-21 
1.362749e+03 1.496525e-20 
1.363488e+03 2.810278e-20 
1.364228e+03 1.304474e-20 
1.364968e+03 1.284280e-20 
1.365708e+03 1.041913e-20 
1.366448e+03 1.087533e-20 
1.367188e+03 8.398550e-21 
1.367927e+03 1.234565e-20 
1.368667e+03 9.009338e-21 
1.369407e+03 1.330358e-20 
1.370147e+03 1.320067e-20 
1.370887e+03 1.607633e-20 
1.371626e+03 1.501688e-20 
1.372366e+03 2.469257e-20 
1.373106e+03 3.128046e-21 
1.373846e+03 1.059562e-20 
1.374586e+03 9.721897e-21 
1.375326e+03 1.274190e-20 
1.376065e+03 1.917795e-20 
1.376805e+03 8.653011e-21 
1.377545e+03 1.184368e-20 
1.378285e+03 1.082934e-20 
1.379025e+03 8.316164e-21 
1.379764e+03 4.083287e-21 
1.380504e+03 9.053729e-21 
1.381244e+03 1.417213e-20 
1.381984e+03 4.747622e-21 
1.382724e+03 7.820533e-21 
1.383464e+03 1.876892e-20 
1.384203e+03 2.090428e-20 
1.384943e+03 1.488600e-20 
1.385683e+03 1.093007e-20 
1.386423e+03 1.155517e-20 
1.387163e+03 5.902852e-21 
1.387902e+03 1.171508e-20 
1.388642e+03 1.721189e-20 
1.389382e+03 1.293969e-20 
1.390122e+03 1.273019e-20 
1.390862e+03 2.098258e-20 
1.391602e+03 7.251558e-21 
1.392341e+03 1.397130e-20 
1.393081e+03 1.924473e-20 
1.393821e+03 1.092790e-20 
1.394561e+03 1.168722e-20 
1.395301e+03 7.279626e-21 
1.396040e+03 1.749306e-20 
1.396780e+03 1.860837e-20 
1.397520e+03 8.966367e-21 
1.398260e+03 8.668166e-21 
1.399000e+03 9.470938e-21 
1.399740e+03 1.026368e-20 
1.400479e+03 3.590005e-21 
1.401219e+03 1.654242e-20 
1.401959e+03 1.536204e-20 
1.402699e+03 1.703487e-20 
1.403439e+03 2.172775e-20 
1.404179e+03 1.875555e-20 
1.404918e+03 9.797758e-21 
1.405658e+03 1.424032e-20 
1.406398e+03 1.508646e-20 
1.407138e+03 1.376764e-20 
1.407878e+03 1.079491e-20 
1.408617e+03 4.882468e-21 
1.409357e+03 1.144875e-20 
1.410097e+03 1.101151e-20 
1.410837e+03 1.426549e-20 
1.411577e+03 1.894439e-20 
1.412317e+03 1.301169e-20 
1.413056e+03 1.063602e-20 
1.413796e+03 1.051809e-20 
1.414536e+03 1.406227e-20 
1.415276e+03 6.736843e-21 
1.416016e+03 1.095662e-20 
1.416755e+03 1.119882e-20 
1.417495e+03 1.161991e-20 
1.418235e+03 1.321970e-20 
1.418975e+03 1.578088e-20 
1.419715e+03 1.381829e-20 
1.420455e+03 1.564210e-20 
1.421194e+03 1.365107e-20 
1.421934e+03 7.077987e-21 
1.422674e+03 1.135278e-20 
1.423414e+03 1.715669e-20 
1.424154e+03 7.948183e-21 
1.424893e+03 1.800055e-20 
1.425633e+03 1.627176e-20 
1.426373e+03 1.062084e-20 
1.427113e+03 1.438296e-20 
1.427853e+03 2.027756e-20 
1.428593e+03 9.496981e-21 
1.429332e+03 1.283952e-20 
1.430072e+03 1.560582e-20 
1.430812e+03 1.608091e-20 
1.431552e+03 1.400377e-20 
1.432292e+03 1.565488e-20 
1.433031e+03 1.059071e-20 
1.433771e+03 1.155327e-20 
1.434511e+03 1.522456e-20 
1.435251e+03 1.133444e-20 
1.435991e+03 1.019871e-20 
1.436731e+03 8.807592e-21 
1.437470e+03 7.698253e-21 
1.438210e+03 1.532759e-20 
1.438950e+03 1.535873e-20 
1.439690e+03 9.492463e-21 
1.440430e+03 1.999448e-20 
1.441170e+03 1.055925e-20 
1.441909e+03 1.339296e-20 
1.442649e+03 5.913430e-21 
1.443389e+03 1.043240e-20 
1.444129e+03 9.544785e-21 
1.444869e+03 2.118865e-20 
1.445608e+03 1.269972e-20 
1.446348e+03 1.405443e-20 
1.447088e+03 9.241470e-21 
1.447828e+03 1.075488e-20 
1.448568e+03 2.176416e-20 
1.449308e+03 2.248815e-20 
1.450047e+03 1.581045e-20 
1.450787e+03 1.856442e-20 
1.451527e+03 1.744430e-20 
1.452267e+03 5.827031e-21 
1.453007e+03 1.845015e-20 
1.453746e+03 1.807998e-20 
1.454486e+03 1.241057e-20 
1.455226e+03 1.698166e-20 
1.455966e+03 1.271144e-20 
1.456706e+03 8.354368e-21 
1.457446e+03 6.393454e-21 
1.458185e+03 6.898776e-21 
1.458925e+03 1.026437e-20 
1.459665e+03 2.069132e-20 
1.460405e+03 1.845279e-20 
1.461145e+03 6.656686e-21 
1.461884e+03 1.489441e-20 
1.462624e+03 1.389798e-20 
1.463364e+03 2.011518e-20 
1.464104e+03 1.884111e-20 
1.464844e+03 1.260590e-20 
1.465584e+03 8.141391e-21 
1.466323e+03 1.257628e-20 
1.467063e+03 1.142484e-20 
1.467803e+03 1.674607e-20 
1.468543e+03 1.433009e-20 
1.469283e+03 1.484629e-20 
1.470022e+03 1.778730e-20 
1.470762e+03 6.112645e-21 
1.471502e+03 1.386982e-20 
1.472242e+03 1.543029e-20 
1.472982e+03 1.829508e-20 
1.473722e+03 2.929318e-20 
1.474461e+03 9.276009e-21 
1.475201e+03 8.542032e-21 
1.475941e+03 1.885822e-20 
1.476681e+03 2.365676e-20 
1.477421e+03 1.146993e-20 
1.478161e+03 1.558007e-20 
1.478900e+03 7.739268e-21 
1.479640e+03 2.006367e-20 
1.480380e+03 1.068382e-20 
1.481120e+03 5.611923e-21 
1.481860e+03 1.442845e-20 
1.482599e+03 9.543636e-21 
1.483339e+03 1.973270e-20 
1.484079e+03 1.087565e-20 
1.484819e+03 1.545220e-20 
1.485559e+03 1.313824e-20 
1.486299e+03 1.219641e-20 
1.487038e+03 2.117154e-20 
1.487778e+03 2.274334e-20 
1.488518e+03 1.608997e-20 
1.489258e+03 9.372852e-21 
1.489998e+03 9.891522e-21 
1.490737e+03 1.095915e-20 
1.491477e+03 1.063935e-20 
1.492217e+03 8.947921e-21 
1.492957e+03 1.406174e-20 
1.493697e+03 1.243801e-20 
1.494437e+03 2.654505e-20 
1.495176e+03 2.273241e-20 
1.495916e+03 1.645057e-20 
1.496656e+03 2.821916e-20 
1.497396e+03 7.018263e-21 
1.498136e+03 1.643050e-20 
1.498875e+03 1.620186e-20 
1.499615e+03 1.389629e-20 
1.500355e+03 1.039746e-20 
1.501095e+03 1.040700e-20 
1.501835e+03 1.250541e-20 
1.502575e+03 1.652773e-20 
1.503314e+03 1.626915e-20 
1.504054e+03 1.517224e-20 
1.504794e+03 1.700686e-20 
1.505534e+03 1.399288e-20 
1.506274e+03 8.017395e-21 
1.507013e+03 2.344726e-20 
1.507753e+03 1.365688e-20 
1.508493e+03 1.418770e-20 
1.509233e+03 1.075131e-20 
1.509973e+03 1.942203e-20 
1.510713e+03 1.238347e-20 
1.511452e+03 1.557576e-20 
1.512192e+03 6.993445e-21 
1.512932e+03 1.629489e-20 
1.513672e+03 1.104625e-20 
1.514412e+03 1.020027e-20 
1.515152e+03 4.488677e-21 
